6.75770330695,7.0
6.0182277493,6.0
5.60308534197,5.0
6.6437521388,6.0
5.66537843163,6.0
5.79150025736,5.0
6.00544182277,5.0
6.14057087892,6.0
5.96121699326,6.0
5.6373058677,6.0
6.36323455242,7.0
5.63092909376,5.0
5.73219808917,5.0
5.96009659707,7.0
5.68346561936,6.0
5.67861404489,5.0
5.63092909376,5.0
5.42391132668,5.0
5.48751890065,5.0
6.58939033782,6.0
6.10820297165,6.0
5.70862332552,7.0
6.61426575968,7.0
5.2711076201,5.0
6.8060899428,7.0
6.38883958296,6.0
5.65702170532,5.0
5.79597929833,6.0
5.6927011471,7.0
5.45589016771,5.0
5.73106300421,6.0
5.59112033122,6.0
5.55042551706,5.0
5.97313339836,5.0
5.83646606715,6.0
5.9160939323,5.0
6.39394466391,6.0
4.51745595614,4.0
6.48107892385,6.0
6.55142406624,7.0
5.62360544691,4.0
6.24279335688,7.0
5.72614399672,6.0
6.27593492124,6.0
5.90341763193,6.0
5.65792783838,6.0
5.92923342729,6.0
5.70430898475,6.0
5.93595837737,6.0
6.364109813,7.0
5.38164110106,6.0
5.35701883617,5.0
5.92342169521,6.0
5.98520042705,7.0
5.51213561073,6.0
5.74052639893,6.0
6.56756297757,6.0
5.79616948724,5.0
5.9911469895,6.0
6.17552938387,8.0
5.85356343556,3.0
5.39253045308,5.0
5.66398542451,4.0
5.51961679347,5.0
5.27999810748,5.0
5.40931836844,5.0
3.4373712471,3.0
6.73378405145,6.0
5.93822515432,8.0
5.54433486238,6.0
5.66420335238,5.0
5.07444132345,5.0
5.9692308338,6.0
5.77980131645,7.0
5.9999079876,6.0
5.91291756857,6.0
5.96168519795,6.0
4.82410766017,5.0
4.954701281,5.0
5.93274600421,5.0
6.65647461448,6.0
5.33332528512,6.0
6.14467067731,6.0
5.44082212757,5.0
5.50839590411,6.0
5.5645688731,5.0
6.04320730952,6.0
5.16866500236,5.0
5.50881845234,5.0
5.04517479186,6.0
7.00878710201,7.0
5.87323217764,5.0
6.16231134296,5.0
5.75803260001,7.0
5.67016845336,6.0
5.30443375497,6.0
6.48210744201,6.0
6.34316559809,6.0
6.03028894807,6.0
6.16677537423,6.0
5.67562215775,6.0
6.19304362679,6.0
5.89544821261,6.0
5.79274724386,6.0
6.60520182692,7.0
5.94370293215,5.0
5.92805230537,5.0
5.82232210783,6.0
4.54248286716,4.0
6.53269040165,6.0
6.28345724884,6.0
5.77916996684,6.0
5.43568893119,6.0
5.99499517836,8.0
5.99409078821,7.0
5.96450219253,6.0
5.91710316132,6.0
5.07999400523,4.0
5.10280990922,6.0
5.75424851625,5.0
5.57475906351,5.0
5.32842664311,4.0
6.22759371116,6.0
5.70975805401,5.0
4.95315141989,6.0
5.49764584055,6.0
5.71098617984,7.0
6.40834163633,7.0
5.82785039296,6.0
6.5995127006,6.0
5.55929512493,6.0
5.53654860003,6.0
5.81454760763,6.0
5.57268153919,6.0
5.67040556685,6.0
5.67672693663,5.0
5.40149707806,6.0
6.28887106696,7.0
5.72084083326,7.0
6.14213958053,7.0
6.09395155394,7.0
5.24661352939,6.0
5.75235454333,6.0
5.74112926277,6.0
6.48353889837,7.0
6.25530244845,6.0
4.78019765099,5.0
6.40450492872,6.0
4.93546520084,5.0
5.73775025738,6.0
5.68683786707,7.0
4.50816200144,5.0
6.38883958296,6.0
5.73609401939,7.0
5.42416423124,5.0
6.21964159878,6.0
5.68683786707,7.0
6.00856280009,5.0
6.00990108832,6.0
5.8550758673,5.0
5.48244460558,6.0
6.15227029991,7.0
5.83951904388,6.0
4.74398881013,5.0
6.38278741805,7.0
6.64539855671,7.0
5.53574372825,5.0
6.12321434018,7.0
5.61033747099,7.0
5.24176683328,5.0
5.85436646352,7.0
5.56511290699,6.0
6.34441271858,7.0
5.53583881565,5.0
5.90269456246,6.0
6.35675902796,6.0
6.51149438254,8.0
5.43540085677,5.0
5.56821789309,5.0
5.6920144142,6.0
6.46177744747,6.0
5.49764584055,6.0
5.83537332766,5.0
5.33953560375,5.0
6.25400585154,6.0
5.83177222248,6.0
6.3441591969,7.0
5.63949821932,6.0
5.48718501995,5.0
5.67992954207,5.0
6.24107711354,6.0
6.15603935287,6.0
5.18633056178,6.0
6.08278777677,7.0
6.04348299577,5.0
6.08046901288,4.0
5.79786246677,4.0
5.54594184686,6.0
6.00646064075,7.0
6.01382025143,5.0
5.58817023037,5.0
5.53444403478,5.0
6.01233331336,6.0
4.76904375731,5.0
5.52514176338,5.0
6.50480674849,6.0
6.44049692958,6.0
6.61630979695,7.0
6.34236185351,7.0
5.78027754267,5.0
5.47843203195,4.0
5.20752353722,5.0
5.63664495257,6.0
5.53442437386,5.0
5.99877785738,7.0
6.2737494552,7.0
6.10062030552,6.0
5.5360732014,6.0
6.59006807768,6.0
6.0164412565,6.0
6.06663371985,7.0
6.72958962772,6.0
5.68163842942,5.0
5.79939793474,5.0
5.6472813934,6.0
5.26911352249,5.0
5.63185571323,5.0
5.56013265034,5.0
6.03131229193,6.0
5.71173361479,6.0
5.60398957606,5.0
5.96434457213,6.0
6.5796881224,7.0
5.29704772362,6.0
5.72193035973,7.0
5.48007956748,5.0
5.85018539209,5.0
4.13555359435,5.0
5.61209855733,5.0
5.21183811781,5.0
5.1536597389,5.0
5.7579528279,5.0
5.52913828304,5.0
6.80732410458,6.0
6.28187174381,6.0
5.68113610951,6.0
6.12982839148,7.0
5.24025300361,4.0
5.56839535021,6.0
5.76731751854,7.0
5.83527176328,6.0
5.58965380381,6.0
6.46811322263,6.0
5.8833151719,6.0
6.72102151352,7.0
5.54726632732,5.0
6.61434041251,8.0
6.16719997294,8.0
5.45639597334,6.0
5.71768962049,5.0
5.53492465631,6.0
5.94303473714,6.0
6.13792605864,7.0
5.66118342467,6.0
5.44862589286,5.0
6.0411976301,7.0
5.39098129939,6.0
5.95469392514,6.0
6.47056164126,6.0
6.15771271224,5.0
6.0310784725,5.0
5.7064016382,7.0
5.31470331264,5.0
5.64882187791,6.0
5.9702405453,6.0
5.24237731729,5.0
6.64807303941,6.0
5.78097622405,5.0
4.5891138636,3.0
5.61298742983,6.0
5.42256598324,5.0
5.63705558426,6.0
5.97042673026,6.0
5.5796465567,5.0
6.61533583614,8.0
6.00433609498,7.0
5.90441704285,6.0
5.12114647485,5.0
5.58823867557,7.0
6.19405219433,7.0
6.40361005744,6.0
5.4680164856,5.0
6.21099626751,6.0
5.5059047778,6.0
5.56013265034,5.0
5.46302435584,5.0
5.02206484871,5.0
5.56886815402,5.0
6.81642053276,6.0
5.72200882576,6.0
5.94221743659,6.0
5.80069705446,6.0
5.57100070641,6.0
5.59993966718,5.0
6.42449141013,7.0
5.47600451566,6.0
5.5704164244,6.0
5.29469823283,5.0
5.13536674286,5.0
6.14553963547,5.0
5.62022588568,5.0
6.11635710354,6.0
6.71225445565,6.0
6.23512208254,7.0
6.50882128697,6.0
6.47016052212,7.0
5.71598770211,5.0
5.5704164244,6.0
6.65921603339,5.0
6.55155655941,7.0
6.74593663781,7.0
5.90166013062,6.0
6.02708355631,6.0
5.63533315955,6.0
5.43344025371,5.0
6.2583575259,6.0
6.0829155303,6.0
6.49740405492,6.0
4.13584695041,4.0
5.69277826496,5.0
5.6745073012,6.0
4.54782327207,4.0
5.7279721559,5.0
5.6927011471,7.0
6.3699693357,7.0
5.66764479183,6.0
6.15895582427,6.0
5.79483805917,6.0
5.75627410408,6.0
6.73109315062,7.0
6.6437521388,6.0
5.48646536448,5.0
5.6652409601,5.0
6.40952221509,6.0
5.57324531548,6.0
5.77847148267,6.0
5.64902505862,6.0
6.16858460851,6.0
5.5495895125,7.0
5.25603185491,5.0
5.97786932458,6.0
6.06820177192,6.0
5.83389160074,6.0
5.76026911582,6.0
6.34916109795,6.0
6.63113135385,6.0
6.24860715881,6.0
6.87252226246,6.0
4.95565113556,5.0
5.5506584599,5.0
5.64895164107,6.0
5.92418943751,6.0
4.87908815504,6.0
5.69757273256,6.0
5.96926905135,7.0
5.98745602171,6.0
4.81530914096,5.0
5.88505992438,6.0
6.17552586228,5.0
6.11570635603,8.0
5.70399780157,6.0
5.72483687146,5.0
6.45959977174,5.0
5.85469190542,7.0
5.56067405273,5.0
6.21711462008,6.0
6.21078566309,6.0
5.61774922902,6.0
5.74904247308,6.0
5.95445322552,6.0
5.38183122639,5.0
5.85063287679,6.0
5.96925354288,5.0
5.83640735835,6.0
5.80114060109,6.0
6.0780137243,6.0
4.86385315496,4.0
5.57812787941,6.0
5.25395054412,5.0
5.45313183863,6.0
5.90500476837,5.0
6.07833558107,6.0
5.66617170213,6.0
6.31041046209,5.0
4.68029412837,5.0
5.94285999229,6.0
5.62171061463,5.0
6.00790641615,6.0
6.10820297165,6.0
4.60413817544,5.0
5.7837604,6.0
6.04036503239,6.0
5.80772620431,5.0
5.08205927783,6.0
5.92986772557,5.0
5.06292132695,5.0
5.82440723599,6.0
5.739803185,4.0
5.66149364357,6.0
5.96064313547,6.0
5.69275953955,6.0
6.37838320048,7.0
6.56990962334,6.0
6.53786129511,7.0
5.42386333429,6.0
5.18812236951,5.0
5.46267264291,5.0
6.34047763377,6.0
5.65786141617,5.0
5.17214397527,5.0
6.58755206914,7.0
5.71173361479,6.0
6.43682918083,6.0
5.35462383571,5.0
6.55665013855,7.0
5.57868077929,6.0
5.77347529258,6.0
6.70141626903,6.0
6.42605721495,7.0
6.11696288853,6.0
5.70484152961,5.0
6.33450596441,6.0
5.68764542679,6.0
4.75980226249,5.0
6.15525070055,6.0
6.12094914142,7.0
5.46159189004,5.0
5.74904247308,6.0
6.02120700015,5.0
5.86058557364,6.0
5.97220916773,7.0
5.95474625485,6.0
6.21292066602,6.0
6.07349510198,4.0
5.60543468283,6.0
6.11316276476,7.0
5.06362417615,6.0
5.7315145393,6.0
5.91722978163,6.0
5.99790969041,5.0
5.70843202855,7.0
5.87979869525,6.0
6.40115509738,6.0
5.9275675707,5.0
6.16804929849,8.0
5.88128098076,5.0
5.68111841441,6.0
5.77910256425,6.0
5.81925525237,6.0
5.88439226776,6.0
5.23322074044,6.0
6.15334634179,6.0
6.04632043324,7.0
6.3694139246,6.0
5.9940148622,6.0
5.72434929688,6.0
5.84456672492,6.0
5.79497851057,6.0
6.29059325145,5.0
5.72200882576,6.0
6.20071234637,7.0
5.56030051242,6.0
5.98945229746,6.0
5.32967841438,5.0
5.02207248391,5.0
5.85455183423,6.0
7.05407839439,8.0
5.71659941278,6.0
5.91075566325,6.0
5.11554997269,6.0
5.81415140044,6.0
6.36585618559,8.0
4.95496797403,4.0
5.75159846494,6.0
5.61646501734,6.0
5.62470298169,6.0
5.92414599124,6.0
5.75065906282,6.0
6.15127471366,7.0
5.36800537539,5.0
5.41679143473,5.0
4.34576493339,3.0
5.66316319547,5.0
5.71995080055,6.0
6.80691817737,7.0
5.36281945523,5.0
5.848826077,6.0
5.78399175612,6.0
6.72539353091,7.0
6.18627342862,7.0
5.26172528803,5.0
6.25363585708,7.0
5.58823867557,7.0
5.2219572905,4.0
6.49523015328,7.0
5.00615694152,5.0
5.29442913784,5.0
6.26764936519,4.0
5.6629087234,5.0
5.8028604826,6.0
6.06185657104,6.0
4.98185540407,6.0
6.71077597678,7.0
6.68065049578,6.0
5.84250117731,5.0
6.51377500245,6.0
5.42382777759,5.0
5.5213291458,5.0
5.94327915753,7.0
6.02432442133,6.0
6.03257482217,7.0
5.12602671974,4.0
5.14046005514,5.0
5.71202732959,6.0
5.71059961143,5.0
6.12944588643,6.0
6.45760888458,6.0
4.94847542067,5.0
5.98054775034,6.0
5.59056496872,5.0
6.19750949381,7.0
6.02921534327,6.0
6.81330190088,6.0
6.4591914735,6.0
5.54339496643,6.0
5.61831136881,5.0
5.64157508473,6.0
5.93290648904,7.0
6.53304893093,6.0
6.26530967825,7.0
5.52224535793,5.0
5.58402304318,5.0
5.99298632944,6.0
6.45787334306,5.0
6.63364524718,6.0
4.48080279412,4.0
4.60321749951,5.0
6.00752104908,6.0
6.52061317098,7.0
5.88545586267,5.0
5.2051293377,5.0
6.24407857696,6.0
5.64286315581,6.0
5.53504197467,6.0
5.38561813132,5.0
7.07881006786,7.0
5.41306257166,5.0
5.20945495027,5.0
5.78439058799,6.0
5.84769158475,8.0
5.77779352697,6.0
6.42339150861,7.0
6.02768698897,6.0
5.73083166661,6.0
6.10169184644,7.0
6.45549285976,7.0
5.75908393185,6.0
5.85023760207,5.0
6.75679449082,7.0
5.31526382879,5.0
5.22500839351,5.0
5.81720695328,7.0
5.04866743895,6.0
5.54728015268,5.0
5.77554128255,6.0
6.41496266891,7.0
5.77241844144,5.0
6.20291074856,5.0
6.37485357327,8.0
5.64927886688,5.0
5.94927979674,7.0
5.44244422985,6.0
6.53342392445,7.0
5.64639950289,6.0
6.12715067611,6.0
5.8273498041,9.0
5.52566686451,6.0
5.54533996238,6.0
5.5312506319,6.0
6.36101239883,7.0
6.84711022984,7.0
5.71856687194,5.0
4.67750534151,4.0
5.72537585243,5.0
6.39111413967,7.0
5.74048787131,6.0
5.62875566509,6.0
6.51824499819,7.0
5.14376964704,5.0
5.81720695328,7.0
4.9285035725,5.0
6.74983723689,7.0
5.77969730342,7.0
5.86326931045,5.0
6.73179001293,7.0
5.72717371568,5.0
6.40286730041,6.0
5.71648747753,6.0
6.07378248311,7.0
5.44503037455,5.0
6.7856582376,7.0
5.37283858595,5.0
5.57716472247,6.0
5.93874990179,6.0
5.41666054203,6.0
5.61101839223,5.0
5.6622796665,6.0
5.39502998701,5.0
5.63595092525,6.0
4.69828777099,6.0
5.96876598029,6.0
5.55658989196,6.0
6.22532549878,6.0
5.70484152961,5.0
5.49982117274,5.0
5.64873896716,6.0
5.38306870624,5.0
6.226339776,6.0
6.28313148416,6.0
5.56119125468,6.0
6.61868359226,7.0
5.54409318194,5.0
6.36102716038,6.0
5.96613400587,6.0
6.68131483194,7.0
6.57314109371,7.0
5.8844859246,6.0
6.29203784465,6.0
5.58256943923,5.0
5.94133759852,6.0
5.58256943923,5.0
5.28054395014,5.0
5.50417490965,6.0
6.5000374662,7.0
6.00631280213,6.0
5.70835850868,6.0
6.18533600836,7.0
5.47807739442,6.0
5.43469087068,5.0
6.13626443452,5.0
5.61291535639,5.0
4.77846839624,5.0
6.57857138413,8.0
5.57136812348,6.0
5.42090366923,5.0
6.3157457936,6.0
5.68178764546,6.0
5.52102069214,6.0
6.37766915081,6.0
5.68673132407,5.0
5.48718501995,5.0
5.15734108285,5.0
6.51666097749,7.0
5.68843173164,6.0
5.69056510414,6.0
5.7191982926,5.0
5.42945848971,5.0
6.03793283037,8.0
5.65699496167,6.0
5.77058497586,6.0
5.22665219482,4.0
6.91015382579,6.0
6.51680416706,7.0
5.46659707672,7.0
5.57089356427,6.0
5.35465105122,6.0
5.6124062195,5.0
5.57099832264,5.0
5.58488271384,5.0
5.43011035426,5.0
6.16628280207,7.0
5.82202022055,6.0
5.95986913152,6.0
5.81544140354,7.0
6.1570275303,7.0
5.21789940759,5.0
5.84488518474,6.0
5.51241374906,6.0
6.07525278269,5.0
5.67495490743,7.0
6.17860031696,6.0
6.54874679179,7.0
5.18201336903,5.0
5.06362417615,6.0
5.39464758933,6.0
5.49689254443,6.0
4.89616873395,5.0
5.37118398053,5.0
6.29967501445,6.0
6.00409435083,7.0
6.67406942274,8.0
6.24990547395,6.0
6.77983350401,6.0
5.49205247884,5.0
6.73401556125,6.0
5.54958353997,5.0
5.8396168328,5.0
6.221598826,7.0
5.6648230558,6.0
6.02361358994,6.0
5.51907392404,5.0
6.18654118919,6.0
6.03113079087,5.0
6.08423914611,8.0
4.68226035624,6.0
5.69794024902,5.0
6.61434041251,8.0
5.79201439451,7.0
5.79403773293,6.0
6.05509202365,7.0
5.66446005811,5.0
6.56590909887,6.0
6.6137910455,5.0
5.57710557523,5.0
5.42789230364,6.0
5.43479729796,5.0
6.88504328514,7.0
5.96634140786,5.0
6.15158159717,6.0
6.44788109408,6.0
5.83915353281,7.0
6.30190354154,6.0
5.92258321655,6.0
5.73420344908,7.0
6.19325420849,8.0
5.66627999009,6.0
6.57009759485,7.0
6.22031856198,6.0
5.53379511017,6.0
5.13740523184,5.0
6.42616475368,6.0
5.45560675662,6.0
6.20551007778,6.0
6.75252653823,6.0
6.33769581405,7.0
6.73106912189,9.0
6.16560117417,7.0
5.51778111432,6.0
6.14165751275,7.0
6.37365595876,6.0
5.28390548296,5.0
5.56143892565,7.0
5.71015864785,5.0
6.69137703584,7.0
5.12074981229,5.0
5.3470970522,5.0
5.72936944516,6.0
6.07721060181,6.0
6.35391998714,6.0
6.4965694085,7.0
5.31963287999,4.0
5.23190423822,5.0
5.6514461471,6.0
5.85318830547,6.0
6.22085380681,6.0
6.42589015618,8.0
5.33466773789,5.0
5.2685623433,6.0
6.36137981791,6.0
6.13885294759,6.0
5.57136812348,6.0
5.79753306123,5.0
6.05903395802,5.0
5.48361099542,5.0
5.80869445842,6.0
4.74398881013,5.0
5.48252984756,6.0
5.31861614392,5.0
6.74971453974,6.0
6.18533600836,7.0
5.69385653454,6.0
5.2850179158,5.0
5.34188878293,6.0
5.3908900984,5.0
5.36473005391,5.0
5.38637093169,5.0
5.23142079104,4.0
5.34903262085,4.0
5.31877741617,5.0
5.38669435939,5.0
6.10154047017,6.0
6.24173179354,6.0
5.57370372676,6.0
5.85692530888,6.0
5.34619297589,6.0
5.78616239227,7.0
6.74448839846,7.0
6.6903106551,6.0
6.17027740531,7.0
5.9265857841,6.0
6.3498303682,5.0
5.49420574352,6.0
6.65929815743,6.0
6.02298439701,7.0
5.73809090609,6.0
5.61033747099,7.0
5.61768633156,5.0
5.75665022705,6.0
5.37739826625,5.0
5.69462491064,5.0
6.00433609498,7.0
5.4879180551,6.0
4.88128318391,5.0
5.49480193917,5.0
5.76241742026,5.0
6.02627184039,6.0
5.98945229746,6.0
6.20337137715,5.0
6.08741516684,6.0
6.39773332984,3.0
6.28773951104,6.0
6.32387450733,7.0
6.03378635329,6.0
6.0927822074,7.0
5.46641552813,5.0
6.14074068779,6.0
6.0310784725,5.0
6.16066896437,7.0
5.43856738956,6.0
6.68575363687,6.0
5.94002139335,7.0
5.77847148267,6.0
6.20734811687,6.0
5.50311352798,6.0
5.80302519078,6.0
6.78072593193,7.0
6.17371934976,6.0
6.16322074913,6.0
6.04459825053,5.0
6.63908054237,6.0
5.71176311544,7.0
5.85992993696,5.0
4.14062534426,4.0
5.68326428778,6.0
5.60850530515,6.0
6.10368908251,5.0
5.69972537717,5.0
5.19084790372,5.0
5.65413649729,6.0
5.08336788851,5.0
6.27464241703,6.0
6.84936839658,7.0
6.43673156363,7.0
6.31259999638,6.0
5.70862332552,7.0
4.8608851004,6.0
5.6685215811,6.0
6.04819847601,5.0
6.28146490605,6.0
6.16272878517,6.0
6.1319431396,6.0
6.27514006505,6.0
4.36797725223,5.0
6.85261288563,8.0
5.70321875366,7.0
5.37633887961,5.0
6.4233367904,8.0
6.10039024899,6.0
5.57876525543,5.0
5.53929194199,4.0
5.34153135704,6.0
5.74623693378,6.0
5.6087784087,6.0
5.50261651998,5.0
5.79328092627,6.0
6.43683202401,6.0
5.84605067716,7.0
5.5495895125,7.0
5.68113610951,6.0
5.7812559592,7.0
5.65555333847,5.0
5.74904247308,6.0
6.15993731423,6.0
5.16857909243,4.0
6.14592607815,7.0
5.92522156511,5.0
6.1090037773,6.0
5.77962821896,6.0
6.50124909669,8.0
5.96910018082,6.0
5.85075310146,6.0
6.46060184771,6.0
5.65120038405,6.0
6.115167499,5.0
6.96775713666,7.0
5.94424035921,5.0
6.0657697886,6.0
6.3248553369,6.0
5.66812386561,8.0
6.0182277493,6.0
5.53444403478,5.0
5.23441631337,5.0
6.25024131549,7.0
5.9231907334,6.0
6.42402030834,7.0
5.79024677249,6.0
5.63434852595,5.0
6.49776385544,7.0
5.74481898223,7.0
5.5801930713,5.0
5.67144266928,6.0
6.02768698897,6.0
5.61290172335,5.0
6.4881702011,6.0
5.52396496554,6.0
5.62162051896,6.0
5.52629523618,5.0
5.85992993696,5.0
5.66853359435,5.0
5.79433513182,6.0
5.60197036913,6.0
5.42090366923,5.0
5.26911352249,5.0
5.41102262414,5.0
5.66042224787,5.0
5.97934895177,5.0
4.897418802,4.0
5.80054128613,6.0
6.56824915971,6.0
5.72825270303,6.0
5.76258842729,6.0
5.95210228547,6.0
5.72434929688,6.0
5.61785671858,6.0
5.83629284508,7.0
5.70577454618,6.0
5.24661352939,6.0
5.62802013868,6.0
6.59606526288,6.0
5.97196833312,6.0
6.45811681842,8.0
5.63032089979,7.0
4.81206093217,5.0
5.83034965862,6.0
6.26075380946,6.0
5.79094365765,6.0
5.47414577817,5.0
6.31747960155,7.0
6.56433253797,7.0
5.93353610942,5.0
5.50311352798,6.0
5.25412792269,5.0
6.67340620964,6.0
6.58270362571,6.0
5.71321786331,6.0
6.37913271055,8.0
5.23190423822,5.0
5.71071082954,6.0
5.13904159938,5.0
6.21682727622,6.0
5.6378076045,7.0
5.37556122222,6.0
6.33123661603,6.0
5.88254389615,6.0
5.6459364324,5.0
5.91529573542,7.0
5.81423857313,6.0
6.12338487742,7.0
5.41437644703,4.0
6.0829155303,6.0
5.19055663617,6.0
5.20590967586,5.0
5.9160939323,5.0
5.26043403609,5.0
5.96525517876,7.0
5.96197403155,7.0
6.29993109398,6.0
5.63198960485,5.0
6.11898109268,7.0
7.42815035166,6.0
6.38595516991,7.0
5.59134174397,7.0
5.4664938108,6.0
5.63032089979,7.0
5.66175378203,6.0
5.27006563418,5.0
5.9275675707,5.0
5.8250088521,5.0
5.77106967393,6.0
5.55515707505,5.0
5.6299525851,5.0
5.65932837831,5.0
5.77468410583,6.0
6.23443021162,4.0
6.12525554217,6.0
5.77358553217,6.0
6.02511918358,7.0
5.51290619241,5.0
6.62288621188,7.0
5.53109914318,5.0
5.94068058037,5.0
5.72550305626,7.0
5.65821817007,6.0
5.58965380381,6.0
5.68683786707,7.0
6.40104465496,6.0
5.82396361381,6.0
5.70564774388,5.0
6.4233367904,8.0
6.15196083984,6.0
5.62948216873,6.0
5.88368641488,6.0
5.73686578553,5.0
6.66095431483,8.0
6.91329739383,7.0
5.54918158523,6.0
5.56656214252,5.0
6.09230133595,5.0
5.60163925467,5.0
5.83082163117,6.0
6.02537786672,6.0
4.47946804308,5.0
5.70275844216,5.0
6.48107892385,6.0
5.60831563445,4.0
5.6329700442,6.0
5.56180826075,5.0
6.43408488396,7.0
6.4503608231,6.0
5.23159634817,6.0
5.70392038182,5.0
6.00538642267,6.0
5.59134174397,7.0
5.49778395021,6.0
5.68475768675,5.0
5.67421862305,5.0
5.49264796613,5.0
5.62181736681,6.0
5.01616645516,4.0
5.76591832434,7.0
5.47668661167,6.0
6.01280881366,7.0
5.85455183423,6.0
5.53468097898,6.0
5.62078090621,5.0
5.97673354111,7.0
6.54558040721,6.0
6.03937280606,7.0
6.69594953129,6.0
5.43141937743,6.0
6.64833438555,6.0
6.95408454546,7.0
5.53899777502,6.0
5.95721220924,6.0
5.44681526517,5.0
5.57028181365,6.0
5.90223245967,6.0
6.18399018903,6.0
6.52341845373,6.0
5.76122264725,5.0
6.24229516178,7.0
6.62233301032,6.0
5.79350515658,7.0
6.27708725423,7.0
6.34586931807,7.0
6.61908067723,7.0
6.16619185413,7.0
5.9160939323,5.0
6.10544077242,5.0
5.5441366411,5.0
4.95154316304,5.0
6.06500489745,6.0
6.55943913274,7.0
5.51433533727,5.0
5.8334496034,6.0
6.88688613753,7.0
4.70837886047,5.0
5.15648929623,4.0
5.4203633981,5.0
5.66838827615,6.0
4.40341429558,4.0
5.94170099727,6.0
6.58555933409,4.0
5.67862722074,6.0
6.63355446857,7.0
6.01788804485,6.0
5.6241850723,6.0
6.0522720716,7.0
6.4514542238,7.0
6.60780402473,6.0
5.90258187709,5.0
5.56078654496,4.0
6.65834957576,8.0
6.10015454433,6.0
6.3044685829,5.0
5.84728923864,6.0
6.00429815228,6.0
5.38078420839,6.0
5.55751914079,6.0
5.55860728908,4.0
5.78185814668,5.0
5.20444675887,5.0
5.94178656718,6.0
5.65469672626,5.0
5.75146351716,6.0
5.62732833817,5.0
5.87068434167,6.0
6.4300482522,6.0
5.89741522805,6.0
5.70548772092,5.0
6.16255878922,5.0
6.46287090136,7.0
5.64971957899,6.0
6.11555485777,6.0
5.62272994964,6.0
6.42095972741,7.0
5.60623487227,5.0
5.62110239915,6.0
6.84711022984,7.0
6.37468175974,7.0
5.81525304961,7.0
6.00857714689,6.0
6.25924477367,6.0
5.46326528218,6.0
4.58340876422,4.0
6.25338108527,7.0
5.91067228386,7.0
5.5032357382,5.0
5.66300840421,5.0
5.69735217273,6.0
5.15222407065,5.0
5.64895164107,6.0
5.17399519415,6.0
5.45161289867,6.0
5.77011822095,6.0
6.69934662615,6.0
5.94634953084,7.0
6.41976845355,7.0
5.8226334276,6.0
5.3601851926,5.0
6.60151801407,6.0
4.97677922458,6.0
5.22763108837,5.0
6.81712035554,7.0
6.24229516178,7.0
6.08005689273,7.0
5.70290010169,5.0
6.11518523809,7.0
6.83555379834,8.0
6.48430292178,7.0
5.96165392593,6.0
5.92615473405,6.0
5.98853732851,6.0
6.86203244346,8.0
5.76540138499,5.0
5.44263314867,6.0
5.76776742035,6.0
6.19208174039,6.0
5.65699496167,6.0
6.13694954012,6.0
5.74920835454,5.0
6.70891561109,8.0
5.70511445313,6.0
5.00379587279,5.0
5.65229273931,5.0
5.47250631001,5.0
6.39599883174,6.0
6.52341845373,6.0
5.86919906608,6.0
5.35687526237,6.0
5.23406799822,6.0
5.61055703873,7.0
4.96075369282,5.0
5.74370252281,6.0
6.58518358742,6.0
5.67215679948,6.0
5.96922518565,7.0
5.2463656619,5.0
6.01396727548,6.0
5.70921511126,6.0
5.40660865018,5.0
6.15272661649,6.0
5.36335233546,5.0
6.02500512618,6.0
6.19973969847,6.0
5.70159273431,6.0
5.74937118247,6.0
6.41228131953,6.0
5.39612084191,6.0
6.65736974964,8.0
5.061535207,5.0
5.43540085677,5.0
5.47343364192,5.0
5.61446605168,7.0
5.82565626214,6.0
6.44102824355,7.0
6.16905015113,6.0
6.0829155303,6.0
5.75115100389,6.0
6.0250297806,6.0
6.49111713596,8.0
5.82929638233,7.0
5.83941163478,6.0
5.7414121361,6.0
5.82885021566,6.0
5.627380277,6.0
5.31578048432,5.0
4.77417810886,6.0
5.62114852126,6.0
5.6325271706,5.0
5.65799961267,6.0
5.93626894163,5.0
5.20917407655,5.0
6.05804724026,6.0
6.48555157444,6.0
6.15874269994,5.0
5.62270276083,6.0
6.62782598503,6.0
5.42623960465,5.0
5.23481414324,5.0
7.08834874776,8.0
5.91319789012,6.0
6.0453342289,6.0
6.32246016049,6.0
5.61726819769,6.0
6.04516957527,5.0
6.17810628749,5.0
6.01652257964,8.0
5.42788194952,5.0
6.63374618235,7.0
5.30559423248,5.0
5.42391132668,5.0
6.56567394587,7.0
5.50312826727,6.0
6.01044795307,7.0
5.7816434411,6.0
5.48579565971,5.0
6.29374145504,6.0
6.13561609256,6.0
6.05911064384,6.0
6.45588187372,7.0
6.42746862294,6.0
5.78877196495,6.0
6.69720821912,7.0
5.09358967542,5.0
6.24994743583,6.0
7.20885374194,8.0
6.36116417608,7.0
6.3384694268,6.0
4.82410766017,5.0
6.13589848715,6.0
5.88586988091,6.0
5.87654942323,6.0
5.27983169539,5.0
6.11105012578,7.0
5.91718130016,7.0
5.54156874969,5.0
5.56128451055,6.0
5.67289911182,6.0
5.6683325371,5.0
5.85853345971,6.0
6.14405242717,7.0
6.07510673948,6.0
6.70630657959,6.0
5.73985714506,4.0
5.2850179158,5.0
5.8189845995,6.0
6.14783096878,6.0
5.10161509143,5.0
6.21034750406,6.0
4.60378299085,5.0
5.15859052341,5.0
5.68169664161,5.0
5.60163925467,5.0
6.762158387,7.0
4.99407301063,5.0
5.8043341068,5.0
6.11898109268,7.0
5.54641024313,5.0
6.14044043268,3.0
6.51768323426,7.0
6.40166819596,6.0
5.41833194539,6.0
5.93044608392,7.0
5.39065264713,5.0
5.61193103052,6.0
5.80579416055,5.0
5.92105921647,5.0
5.69914671079,5.0
6.26557973972,7.0
6.41258568967,8.0
5.13479200853,5.0
5.94786906047,6.0
5.31807007868,5.0
5.53338735256,5.0
5.87193044273,5.0
6.38541989352,6.0
6.55285291432,6.0
5.17013578268,6.0
6.00557291167,6.0
5.62162051896,6.0
6.1484474182,6.0
6.08293571285,6.0
5.17626438691,5.0
5.74978995146,6.0
5.11470389086,6.0
5.88792552113,7.0
6.00149299121,6.0
5.77969730342,7.0
5.63881671265,6.0
5.71173361479,6.0
6.91262622155,9.0
5.46326528218,6.0
5.7587271376,5.0
5.64785050038,5.0
5.74621756297,6.0
5.43730706609,5.0
6.23710597509,7.0
5.95442147263,7.0
6.05848540965,6.0
5.57475094169,5.0
5.80794754707,7.0
6.8495767027,7.0
4.72173487822,4.0
5.65546731609,6.0
5.58168854007,5.0
6.04859665887,7.0
6.46702060814,8.0
6.18887731856,6.0
5.69176225785,5.0
5.79753306123,5.0
6.32508952432,6.0
6.0315003005,6.0
6.03645036518,6.0
5.92241889288,6.0
6.26522904997,6.0
5.7988144683,4.0
5.53504197467,6.0
6.10418474311,6.0
5.69204241792,5.0
5.62055116498,5.0
6.80614128165,6.0
5.90518110509,6.0
5.53557035119,5.0
6.0000783061,8.0
5.52134314385,5.0
5.42515612254,5.0
6.09662059702,6.0
5.99008999598,6.0
4.91880903835,5.0
6.83449272963,7.0
5.84368643846,6.0
5.75967977107,5.0
5.51882964416,5.0
5.1655626929,5.0
5.97868076062,8.0
6.80958833892,6.0
6.4165207487,8.0
5.46420581495,6.0
5.49750085745,6.0
5.66812386561,8.0
6.67283410249,7.0
5.6238565526,6.0
5.92321126109,6.0
5.88811946163,7.0
6.34352198466,6.0
5.26279611707,6.0
6.32288241595,6.0
5.64305536572,6.0
5.52227107783,6.0
6.37598401037,6.0
5.75925751037,5.0
5.41950402077,4.0
6.08278777677,7.0
4.93493684842,5.0
6.01265414685,5.0
5.63088534619,5.0
6.84711022984,7.0
5.91529573542,7.0
5.31963287999,4.0
5.82202022055,6.0
4.81251536918,4.0
6.9331762443,8.0
6.31796916825,6.0
6.01501189698,6.0
5.40129265023,6.0
6.22500389186,6.0
5.18600094226,6.0
6.29638380317,6.0
5.5503734619,5.0
5.80781772769,6.0
5.55649560627,6.0
6.26983726236,7.0
5.70921995103,6.0
5.69407916877,6.0
6.12305828649,7.0
5.38777701672,6.0
5.57993382611,6.0
5.6927011471,7.0
5.54319137677,5.0
6.64306588595,7.0
5.92747489364,3.0
5.6666437749,6.0
5.89344580543,6.0
5.53255288164,6.0
6.64829534389,7.0
5.62228587377,6.0
5.85263240059,5.0
6.07581884789,6.0
6.10939376446,5.0
6.34352198466,6.0
6.39805545419,7.0
5.43041781466,5.0
5.60735555092,5.0
6.37137882013,6.0
6.14712157372,7.0
5.2018164439,5.0
5.5185034106,6.0
5.33008610926,5.0
5.85992192207,5.0
5.98045747385,7.0
6.0198708781,6.0
6.01128066935,6.0
5.82605184988,6.0
5.43111893255,6.0
5.89224872397,6.0
4.89688175708,5.0
5.51166833725,4.0
5.8230296113,6.0
4.44059693429,5.0
5.91607744667,5.0
6.56960491082,7.0
5.69881537679,6.0
5.76534967612,8.0
5.5427585208,6.0
5.54237194368,5.0
5.79046016399,6.0
6.257040928,5.0
4.86575639993,6.0
4.86293969746,5.0
5.55142597468,5.0
5.66889777555,8.0
6.73513552005,7.0
5.09032547408,5.0
6.16729148503,7.0
5.87991198809,6.0
5.72065554681,5.0
6.201420102,6.0
6.02979800762,6.0
6.62346574589,5.0
5.40229689218,6.0
5.74877926938,6.0
6.09703098639,6.0
5.48870622833,5.0
5.54593188652,5.0
6.99520547128,7.0
5.72614399672,6.0
5.88545586267,5.0
5.99141206929,7.0
6.25530244845,6.0
6.51915398726,5.0
5.84546083621,6.0
5.92666217548,6.0
5.18988607127,5.0
6.15246761749,5.0
5.57224292585,6.0
6.19244148738,7.0
6.12814292633,6.0
6.23116162452,6.0
6.53048161504,8.0
5.35557357467,5.0
5.74831375751,5.0
5.44521244183,5.0
6.25043066838,6.0
5.63082212797,6.0
5.99010231868,6.0
5.92927619553,7.0
6.50705609265,6.0
6.21922419767,7.0
5.48358584263,6.0
5.73420344908,7.0
6.11994787799,6.0
6.19208174039,6.0
6.05405688019,6.0
6.06553139406,6.0
4.73666293076,5.0
5.18812236951,5.0
6.00857714689,6.0
6.12321434018,7.0
6.34919104099,7.0
6.55665013855,7.0
5.53693301154,6.0
5.57654182952,6.0
5.43515908644,6.0
5.72065554681,5.0
5.65483528526,6.0
5.10339881231,5.0
5.71704113418,6.0
6.63374618235,7.0
5.45526749479,5.0
5.28908845573,5.0
5.57154292956,5.0
6.49507348404,7.0
5.61828617766,5.0
5.24083853218,5.0
5.54822759591,5.0
5.75873991767,5.0
6.4814516551,7.0
6.01495783375,6.0
6.59662872394,5.0
6.75943022908,6.0
5.64243693898,5.0
5.96634140786,5.0
6.61861568103,6.0
5.86058557364,6.0
6.12643930886,6.0
5.83735079269,6.0
5.4165306821,6.0
5.4827337133,6.0
6.76210375935,7.0
5.23558894624,6.0
6.57248111222,8.0
6.83793313097,6.0
6.07128640256,6.0
5.28483621661,5.0
6.38459380034,7.0
5.42799333121,6.0
5.66812386561,8.0
6.0069460132,6.0
5.61609762171,6.0
5.28107811235,5.0
4.7961727536,5.0
6.11331803599,6.0
5.47873587186,5.0
6.05786357398,6.0
5.83609630584,6.0
5.4012312624,5.0
5.79257248704,6.0
5.42799333121,6.0
5.54679345018,4.0
6.81364659071,6.0
5.90770405384,6.0
5.17847700471,5.0
6.52366757357,6.0
6.16677537423,6.0
5.96433866406,6.0
6.67516162517,6.0
5.73775025738,6.0
5.54231522009,4.0
5.82783257293,6.0
4.8903035652,5.0
5.76676069552,5.0
5.99519517457,6.0
5.77684334401,6.0
5.58823867557,7.0
5.62950343715,6.0
5.53442920293,5.0
5.55195381499,7.0
6.53246415016,7.0
6.33804483107,7.0
6.09228474968,6.0
6.66222805998,7.0
6.11570635603,8.0
6.53639912212,7.0
5.6655065369,5.0
5.43568893119,6.0
6.53322355443,7.0
5.89400715082,5.0
5.74056046218,5.0
6.93913137318,7.0
6.07935680429,6.0
5.21236535997,5.0
6.41828075657,6.0
5.8107384479,6.0
5.39612084191,6.0
5.82906006362,5.0
4.91044929186,5.0
5.68936421393,5.0
5.67573275987,6.0
5.26846671354,7.0
5.97452204375,7.0
5.89369525541,6.0
5.34854660897,5.0
5.94738782548,5.0
5.57983636855,6.0
5.80367158783,6.0
5.05867939776,5.0
5.19875780087,4.0
5.72717371568,5.0
6.40388117927,7.0
5.46194683312,5.0
5.51301159823,4.0
5.1991787153,5.0
6.36965589743,6.0
5.79332945897,6.0
5.65381089884,5.0
6.70758804764,7.0
5.65284627866,5.0
5.87159764566,5.0
5.57853774875,6.0
6.22865929285,6.0
5.81698341302,7.0
6.11498125258,6.0
5.61406698277,6.0
6.22397553648,6.0
5.90802447691,7.0
6.38936159897,6.0
5.53468097898,6.0
6.15166921802,7.0
6.74495011999,6.0
5.52566686451,6.0
5.72294347792,7.0
5.98706589962,6.0
5.75810043819,6.0
6.10428924536,7.0
6.21167322403,5.0
6.17426533164,8.0
5.84769158475,8.0
6.54977875475,7.0
6.49788737799,7.0
5.41159681652,5.0
5.26957173883,5.0
6.36744350803,6.0
5.7373653706,7.0
5.67015741624,5.0
6.2737494552,7.0
5.27469422373,5.0
6.20147295943,6.0
6.29526588824,8.0
5.43931148006,5.0
6.07889879856,5.0
6.00222179766,6.0
5.66812539015,6.0
6.21272479806,6.0
6.76184089012,7.0
5.33685617741,5.0
5.30425991045,5.0
5.49395062963,5.0
5.62972944721,7.0
6.2477536792,6.0
6.09894455228,6.0
5.62581345278,5.0
6.01772623845,7.0
6.39810495511,5.0
5.56279779017,5.0
5.66993638017,7.0
5.73429171083,6.0
5.32789758961,5.0
5.63819400787,6.0
6.51307065029,6.0
5.47510087439,5.0
5.7579528279,5.0
6.47929261565,7.0
6.18627342862,7.0
5.71681726266,6.0
6.09042206653,7.0
6.54020017613,7.0
5.72535943452,6.0
6.00790641615,6.0
6.52984376484,6.0
5.54827085652,5.0
5.56827525409,6.0
5.71563879307,7.0
5.88585469203,6.0
5.85853345971,6.0
6.37162249546,7.0
5.78313494179,6.0
6.75207044672,6.0
5.7463868343,6.0
5.31526382879,5.0
6.43322709114,7.0
5.56723972933,5.0
5.79231061755,5.0
5.27388480124,5.0
5.58969055336,6.0
6.23071986056,6.0
5.76176953695,6.0
5.67092615678,6.0
6.05552669917,5.0
5.61175886086,4.0
6.6459824722,6.0
5.64242716568,5.0
4.81669347509,5.0
5.9059758517,5.0
6.34459029825,8.0
6.31911375531,7.0
5.94068058037,5.0
6.17103724802,6.0
5.25710355274,5.0
6.38935344225,7.0
5.87529232277,6.0
5.66316319547,5.0
5.38694897588,5.0
5.49591649443,5.0
6.99312998957,6.0
5.98484467551,5.0
5.50641135177,6.0
6.02921534327,6.0
6.14686412289,5.0
5.87449800944,6.0
5.86127355166,6.0
6.03834225999,6.0
5.53507231916,5.0
6.12136806942,6.0
5.58817023037,5.0
6.26101137173,7.0
5.48116702755,5.0
6.06532466788,6.0
5.75665022705,6.0
6.15594325962,6.0
5.15734108285,5.0
5.53197855835,5.0
5.7812559592,7.0
6.67630283542,8.0
6.26535530008,6.0
5.68111841441,6.0
6.14235837171,6.0
5.83978244474,6.0
5.28171797256,5.0
5.71276795522,6.0
6.16322074913,6.0
5.66753912483,5.0
5.1379597206,5.0
5.76753561196,7.0
5.50525342359,6.0
6.70758804764,7.0
5.7300025526,5.0
6.37310161663,6.0
6.04988423967,6.0
5.55968876042,5.0
5.88133987785,6.0
5.91516285133,6.0
5.8921842414,6.0
6.23354596983,6.0
5.61325825631,5.0
6.41158733265,6.0
5.63089691221,5.0
5.99463635941,6.0
6.36398322507,7.0
6.76210375935,7.0
5.41833194539,6.0
6.22946245091,6.0
5.0942601945,5.0
5.51237853019,5.0
6.42617876802,7.0
5.94741635999,7.0
5.75986671478,6.0
5.75626899927,8.0
5.53766157331,5.0
5.19875780087,4.0
5.86123751332,6.0
5.67421862305,5.0
6.3991761583,7.0
5.79804498305,6.0
5.60183762968,5.0
6.69594953129,6.0
6.56198073745,8.0
6.36776574086,6.0
5.69372077107,6.0
6.08731096911,6.0
5.79021581514,5.0
5.46912786242,7.0
5.42156259743,5.0
6.60688597283,8.0
6.24671046937,6.0
5.81898040452,6.0
6.11521808679,6.0
6.21682727622,6.0
6.57868361533,6.0
6.17103311825,6.0
5.65920595168,6.0
5.398074883,5.0
5.47606974481,6.0
5.9070446359,7.0
6.08008391638,6.0
5.6014169188,5.0
5.61657564177,7.0
6.46661311663,8.0
5.68166051671,6.0
5.6864386045,6.0
5.52396496554,6.0
5.6927011471,7.0
5.52450703567,6.0
6.17881079871,7.0
5.62950343715,6.0
5.99141206929,7.0
5.0270571442,5.0
6.52061317098,7.0
5.59276669339,8.0
5.85720357391,6.0
4.69712715868,4.0
5.85075310146,6.0
5.31109506066,5.0
6.63071058064,7.0
6.35605915187,7.0
5.47204164544,5.0
6.6392125877,6.0
5.89423790381,5.0
5.50620183262,5.0
5.53515951284,6.0
5.34310591939,5.0
5.59189771354,5.0
6.14207361996,6.0
5.83488181347,5.0
5.66674894688,5.0
5.42736076688,6.0
6.59077411212,7.0
5.62769728777,5.0
6.23151354994,6.0
5.61055703873,7.0
5.58281717335,6.0
5.87318528127,5.0
5.50834272575,6.0
6.27514006505,6.0
5.69449747744,6.0
5.29442913784,5.0
5.7996951375,5.0
5.30425991045,5.0
5.5503734619,5.0
4.73635466841,5.0
6.21434721388,6.0
5.89741522805,6.0
6.37413906156,7.0
6.23273212285,6.0
5.61101839223,5.0
5.10052192998,5.0
4.48448413564,3.0
5.84612025657,5.0
5.02563936497,6.0
6.6392125877,6.0
4.76374468624,5.0
6.40943682503,7.0
5.77775368079,5.0
5.48718501995,5.0
5.36933447991,6.0
5.84325226686,7.0
6.76032320346,6.0
6.25789022407,7.0
5.92919366287,6.0
6.55872685333,8.0
6.37585134156,6.0
5.50369229839,5.0
5.14046005514,5.0
5.40229689218,6.0
6.46993211531,6.0
7.12958856724,8.0
6.7015289587,7.0
6.91825439195,7.0
6.04993284602,5.0
5.5103079209,6.0
5.65203775179,5.0
5.89224872397,6.0
6.12209851453,7.0
5.51108146929,4.0
5.60850530515,6.0
5.40530657438,6.0
5.41288629534,5.0
6.52057013015,5.0
5.68313254112,6.0
5.41450756144,5.0
5.88022729894,7.0
6.38584548738,7.0
5.57115574864,6.0
6.44089152344,6.0
5.76785111348,5.0
6.10271966329,7.0
5.73938478735,6.0
6.41129513803,6.0
5.60949583676,5.0
5.69732329118,5.0
5.96910018082,6.0
5.334682582,6.0
5.51030701095,6.0
6.13831682074,6.0
6.71752159101,6.0
6.05903395802,5.0
6.80247188512,8.0
5.8499500091,5.0
6.65101928826,8.0
5.64323330223,6.0
5.5059047778,6.0
6.43929111155,7.0
5.95942901182,5.0
5.85018361331,5.0
5.82475393508,6.0
5.7451355761,6.0
6.16315678621,5.0
5.54679345018,4.0
5.85374640605,6.0
6.84799831887,6.0
5.59886695889,6.0
5.7812559592,7.0
6.21895003346,6.0
5.72878754337,6.0
6.10145744984,5.0
5.71408730257,6.0
5.93448529222,6.0
5.91954717727,5.0
4.86293969746,5.0
6.49111713596,8.0
5.64477584822,5.0
5.98511475685,8.0
5.92257187391,7.0
6.24229516178,7.0
5.82232210783,6.0
5.40517162849,5.0
5.66812539015,6.0
5.80873919078,6.0
6.57164797529,6.0
5.56119773959,6.0
5.61935622414,6.0
6.10372366143,7.0
5.88802761574,6.0
5.54156874969,5.0
6.26853931181,7.0
6.60524332983,6.0
6.43259332657,8.0
6.0371916822,6.0
5.76699272742,6.0
5.64757861924,6.0
5.81518369541,6.0
6.28317612626,6.0
6.31517422621,6.0
6.62027675925,5.0
5.35976279642,5.0
6.50528920302,7.0
5.70587729109,5.0
5.41202801215,5.0
5.41679143473,5.0
5.88708654743,6.0
5.08322706449,5.0
6.40640007038,6.0
6.23110566042,7.0
7.00878710201,7.0
6.29184240502,6.0
5.46345201144,6.0
5.52983218625,6.0
6.10536404028,6.0
5.73651266858,5.0
5.23481414324,5.0
6.33949748634,6.0
6.05406759252,6.0
6.04219812963,6.0
5.67315298436,5.0
5.3623867636,4.0
5.44039791295,6.0
5.64128687987,6.0
6.56202122713,6.0
6.4259265545,6.0
5.80936141944,6.0
5.83505884476,7.0
5.62396430637,5.0
6.15407026838,6.0
6.23151354994,6.0
5.70134723102,6.0
6.07367625647,6.0
6.44774298854,7.0
5.97022515941,5.0
5.62948216873,6.0
