6.45563628635,6.0
6.47723896347,5.0
6.23833951997,7.0
5.37796452578,5.0
5.10827051634,5.0
5.68178723564,5.0
5.11605288963,5.0
6.48403346055,6.0
5.49802360248,6.0
6.65789949413,6.0
5.63603423191,5.0
5.13375161525,5.0
5.61055112624,6.0
6.31228418127,5.0
5.56848329185,6.0
5.42075884361,6.0
5.38845017286,6.0
6.02618141834,7.0
7.09232307014,7.0
5.2684021557,5.0
5.54056269753,6.0
5.14009054949,5.0
6.63549100028,7.0
6.06218469975,6.0
7.02281770918,7.0
6.048308291,7.0
5.86310724266,8.0
6.7295694097,6.0
5.68393559908,6.0
6.04881386094,6.0
5.24828171187,6.0
6.57935367401,7.0
5.28539033437,5.0
6.47517820379,8.0
6.55990002813,7.0
6.6592883363,6.0
6.16204536927,6.0
5.20818922959,5.0
5.92194974324,6.0
5.70764235182,5.0
6.45806583876,6.0
6.35008830695,7.0
6.99450175158,7.0
6.02546799377,6.0
5.92295261139,6.0
5.40889147179,5.0
6.47083336264,7.0
5.27231350195,6.0
4.75501935704,6.0
5.55199581565,5.0
6.22405243377,6.0
5.90144708196,5.0
6.65934191249,6.0
5.16463755663,5.0
5.21982256533,6.0
6.37664195779,7.0
5.57942194893,6.0
5.61913129242,6.0
6.08743381925,7.0
5.6166558381,6.0
5.50999034947,8.0
5.77110873626,5.0
5.51890220566,5.0
5.66538237291,5.0
5.86221474426,6.0
5.09009628278,6.0
6.65493316025,6.0
5.43311104802,6.0
4.92601649157,4.0
5.7303041608,6.0
6.81138785273,7.0
6.52909174617,6.0
5.30458294483,5.0
5.49155226023,6.0
5.92966653022,6.0
6.28058052947,6.0
6.56505276945,7.0
6.08626736337,6.0
6.69215481293,7.0
5.21971756195,5.0
6.07722840392,5.0
5.87899128023,6.0
6.66097138095,6.0
6.09994897714,6.0
5.39051934648,5.0
5.88220950773,5.0
5.45343295588,5.0
5.31961997797,5.0
4.95037712261,4.0
6.61165297239,7.0
5.24178208724,5.0
5.18962932997,5.0
6.57017203066,6.0
6.14053819797,6.0
5.13982593962,5.0
6.64538120333,6.0
4.49160440094,4.0
7.02592748795,6.0
6.4508338377,6.0
5.68881031653,4.0
6.6710432607,8.0
6.04401189114,7.0
6.36691032034,6.0
6.11396067782,6.0
6.75084936175,7.0
5.57558480621,5.0
6.03457194769,6.0
6.37126288883,6.0
6.20366749074,6.0
6.77013154172,7.0
5.5249330948,6.0
5.56248320135,6.0
5.31129999261,5.0
6.26341876429,6.0
6.54995986277,8.0
6.12810521852,6.0
6.10833286592,6.0
6.45144109133,6.0
5.45942083037,6.0
6.19580545985,6.0
5.25985196956,6.0
5.55855986885,4.0
6.54647665717,7.0
6.29106949162,7.0
5.62623886537,7.0
5.24841493525,5.0
6.49951932634,6.0
5.5528065279,5.0
5.97948308402,6.0
5.52611233794,5.0
6.09807870121,6.0
5.87625302954,6.0
6.44638274258,7.0
5.85522760546,5.0
6.44737380717,6.0
5.65960818107,6.0
5.07251059845,4.0
5.38965965244,5.0
5.26867706436,6.0
5.18481229875,5.0
6.43621312202,6.0
6.63310088295,6.0
6.71960474896,7.0
5.57877182484,6.0
5.74573774277,4.0
5.50226209658,5.0
5.67586695887,6.0
6.15846040591,6.0
5.6258484631,6.0
5.61050734573,5.0
5.70033745897,5.0
5.43194593272,6.0
6.25399123615,5.0
5.57296256596,5.0
6.48129825148,8.0
5.31707881835,5.0
5.38270512531,5.0
6.16455717068,7.0
5.92976673632,7.0
4.67833123056,3.0
5.61251915466,6.0
6.0117524661,7.0
6.32784253176,6.0
5.38463680106,5.0
5.2890274119,5.0
5.71433569954,6.0
5.13215306495,5.0
6.30570402854,6.0
6.01642982095,6.0
6.48740694361,6.0
5.55050184599,6.0
6.23331569153,7.0
5.01026514662,5.0
5.92230679226,5.0
5.95664115894,5.0
6.35844811143,8.0
6.37631840125,6.0
5.41893188354,5.0
5.04929611462,6.0
5.62059800129,6.0
4.97965651485,4.0
6.77884212974,7.0
6.15551094172,6.0
6.30119586682,7.0
5.45358223136,5.0
5.50200032684,6.0
5.59133787814,6.0
5.85214218389,6.0
5.62369598642,5.0
5.70097995612,7.0
6.21759232106,8.0
5.45276991876,6.0
6.18783796891,6.0
5.0864254256,5.0
5.46873397263,5.0
6.25564093122,7.0
7.76633345405,6.0
6.52493633304,8.0
6.36833307585,7.0
6.79162471218,7.0
6.47517820379,8.0
6.16204536927,6.0
6.64016984421,6.0
5.55971439732,5.0
5.49529687208,6.0
5.38454802418,6.0
5.14614926835,5.0
5.43237931527,5.0
5.86243450987,6.0
5.81596464475,6.0
5.77939446028,8.0
5.53617875883,5.0
6.13247368934,6.0
5.58302685172,5.0
5.24085187202,5.0
5.90638166739,6.0
6.09462146931,6.0
6.35898249438,5.0
6.09392825296,7.0
4.75069721103,5.0
5.68380534798,6.0
5.54305694912,7.0
5.51358284231,6.0
7.09232307014,7.0
5.59133787814,6.0
6.30570402854,6.0
5.98795429568,6.0
6.82867579074,8.0
6.0465759791,7.0
6.30694452921,6.0
5.31988955173,6.0
6.75425684352,7.0
5.67228267667,6.0
5.7396676654,6.0
5.7770963623,6.0
5.96474218846,5.0
5.31707881835,5.0
5.31684068738,5.0
5.5735265248,5.0
5.20787109085,5.0
5.21851727447,6.0
6.47912735454,6.0
5.25101657542,5.0
6.60256943985,6.0
6.38038168123,6.0
6.69648908686,7.0
6.68432931906,8.0
5.22453830994,5.0
6.43610831129,7.0
5.02063817934,5.0
5.26534227235,5.0
5.7298223271,5.0
6.83585075459,6.0
5.44165293716,7.0
4.82353523938,5.0
6.81966473729,7.0
6.66763785386,7.0
6.0620358621,5.0
6.392453231,7.0
6.45299417798,7.0
5.37604856729,5.0
5.67962042659,6.0
6.33559668259,6.0
6.43729212541,7.0
5.30038222849,6.0
6.13974447279,7.0
6.93556892199,7.0
5.5330066083,6.0
5.32611888653,5.0
5.96568175677,5.0
5.85145448725,7.0
5.25282069409,5.0
5.96389240912,6.0
6.2778955779,6.0
6.73718143821,7.0
5.48801251451,5.0
6.5825159313,6.0
5.87087494956,6.0
6.42766560237,7.0
5.83674092116,7.0
6.12072194033,7.0
4.98778603792,5.0
5.36922844142,6.0
5.36448916954,5.0
6.60922889383,7.0
6.46176054371,8.0
5.95008663224,6.0
6.1788039399,6.0
5.32543927959,5.0
5.65408090229,6.0
5.75269893954,5.0
6.45521249481,6.0
6.52753899037,6.0
5.6346325684,7.0
6.12074768842,7.0
6.22310160342,6.0
6.31854933931,6.0
6.67134158444,6.0
5.7298223271,5.0
6.08565543307,7.0
5.6375534878,6.0
5.60908857897,5.0
6.55738709763,8.0
6.09494149291,6.0
6.86353835684,7.0
4.93253910584,6.0
5.55824112149,5.0
6.56496669427,6.0
5.29813313386,4.0
5.07251059845,4.0
5.21320386415,5.0
5.76286344732,6.0
6.13879604256,6.0
5.76403690178,3.0
5.23097716938,4.0
5.89350316623,6.0
5.0455568238,5.0
5.78207042821,6.0
5.13464725461,5.0
5.36145323408,6.0
5.84315928967,6.0
5.3919784201,5.0
6.22183639902,6.0
5.70694796314,6.0
6.66078402076,7.0
5.40751798325,5.0
4.91639210668,4.0
5.93866881327,5.0
4.99562313283,5.0
5.36922844142,6.0
5.51830218247,5.0
6.58082458243,7.0
6.77227377517,8.0
5.52875112335,6.0
5.75333539227,6.0
5.57660901398,5.0
5.51431824358,4.0
5.32313476528,6.0
5.36588976656,4.0
5.78943075229,6.0
6.62380286867,7.0
5.28117321337,5.0
5.67488468289,5.0
6.04119899231,6.0
5.68592574223,6.0
5.38325096116,6.0
5.300298198,6.0
6.12809816641,6.0
7.03248715546,7.0
6.46360211415,7.0
6.51044886106,7.0
5.3612591752,5.0
6.17669411759,4.0
5.50243574036,5.0
5.44353948017,5.0
5.27718734544,6.0
5.63972717975,6.0
6.65932754375,8.0
5.69385315932,6.0
5.31901722084,5.0
5.07081194665,5.0
6.47762061615,7.0
5.54031167943,6.0
5.37897476492,5.0
6.41493651486,6.0
5.72432111029,6.0
5.07507788895,6.0
6.07674581135,6.0
6.30231277061,6.0
5.60011978462,6.0
6.6478528442,7.0
6.48576095078,7.0
6.56527140151,8.0
6.71188839104,8.0
5.63086454488,6.0
6.55212587116,6.0
5.76866264694,4.0
5.27004618667,5.0
6.85085198353,7.0
5.26595812417,6.0
6.5825172188,6.0
4.54734995977,5.0
6.44944425416,6.0
5.57177547834,6.0
6.33895585901,7.0
6.08305058478,6.0
5.38517551052,5.0
5.5443164646,6.0
6.64600880209,8.0
6.57839062103,7.0
5.48271510703,6.0
6.42911311419,6.0
5.38454802418,6.0
5.46552316333,6.0
6.0379404626,6.0
5.26779424341,5.0
5.80282668827,6.0
5.29428553452,5.0
6.52288646917,7.0
5.13817349614,4.0
5.25166013633,5.0
5.70694796314,6.0
6.20201871622,8.0
5.46626207379,5.0
6.54552497618,4.0
5.85955132324,4.0
5.29915103276,5.0
5.34371542285,5.0
5.69370605813,5.0
5.81120498872,6.0
6.01820625869,6.0
6.59507417115,6.0
5.64225818857,6.0
5.66320409534,5.0
4.83721915717,5.0
5.92687130827,6.0
6.27327437818,7.0
5.48810725281,6.0
5.36603357323,5.0
6.2024293356,6.0
5.63881606,5.0
5.53303404525,5.0
5.60939773761,6.0
6.21689179011,7.0
6.26903093706,5.0
5.3499730113,5.0
4.9713073133,5.0
5.39846497771,6.0
6.46126811101,6.0
6.25766987401,7.0
5.12675516531,5.0
5.49663781569,6.0
5.99513362537,6.0
5.8790900422,6.0
6.6866152057,6.0
6.05177336166,5.0
5.53192832229,6.0
6.6840437307,8.0
5.24866292328,6.0
5.43535724068,5.0
5.17836267823,7.0
4.85309512922,4.0
5.25872983127,5.0
6.55738709763,8.0
5.99597166056,6.0
5.49234890229,4.0
6.29023143314,6.0
6.17445180866,6.0
6.32416403768,6.0
6.38028552229,5.0
6.87015537596,7.0
6.5550247054,6.0
6.34687083875,7.0
5.56699536843,6.0
6.45150076144,7.0
6.24671448934,7.0
6.24671448934,7.0
5.57877182484,6.0
6.49565387693,6.0
5.46108894891,5.0
5.42163548758,5.0
6.46157814809,6.0
5.25276868098,4.0
5.4641473235,7.0
5.32812829358,5.0
5.68371592291,5.0
6.65736202951,7.0
5.67867437522,5.0
6.51232711897,8.0
4.9175106397,5.0
5.75842991441,4.0
5.73264188733,5.0
6.16829903847,5.0
6.57017203066,6.0
5.68956298823,7.0
5.31827865438,4.0
5.803203756,5.0
6.3208299962,7.0
5.36257052022,5.0
6.40256226328,7.0
6.36160676766,6.0
5.53477047257,5.0
5.35337901421,5.0
6.08254394762,7.0
5.89849636472,5.0
5.56123296986,5.0
5.70097995612,7.0
5.69977826687,7.0
6.54824554495,7.0
5.87466216898,5.0
5.70563573094,6.0
6.07177374871,6.0
5.57842115766,5.0
6.18905786696,7.0
5.34573139076,5.0
6.19285437462,6.0
6.75685641494,8.0
6.29912864491,6.0
6.69318019832,8.0
6.92029962965,7.0
5.92373047049,6.0
6.44450139136,7.0
5.49927302805,5.0
5.76406681691,6.0
6.62697749609,6.0
6.01820625869,6.0
5.33938187363,6.0
5.23702942299,6.0
5.73660892348,6.0
6.03796497283,7.0
5.44580118122,5.0
5.49586724679,5.0
5.67763414365,5.0
5.36910103757,5.0
6.38291794428,7.0
6.03796497283,7.0
7.09148575208,7.0
5.34133778869,7.0
6.23355032094,7.0
6.44344723935,6.0
6.57904068803,6.0
5.84829384113,6.0
5.08272043659,6.0
6.35251765208,6.0
5.07058425605,5.0
6.01505520665,5.0
5.74934511909,5.0
5.32611888653,5.0
6.12534908346,6.0
6.39941702912,7.0
4.9750481394,6.0
6.1729970674,7.0
6.38783322643,7.0
5.26502436994,5.0
6.81438241168,6.0
6.66337395803,6.0
5.84315928967,6.0
6.25210117589,6.0
5.9016570681,6.0
5.19509094001,6.0
6.4384852276,6.0
5.74255154966,5.0
5.95215953929,6.0
6.63218558539,6.0
5.89557179259,6.0
5.78842351497,6.0
6.13181880776,5.0
6.31138034397,7.0
5.53195005476,5.0
6.34264030651,6.0
5.13625949538,6.0
6.2432717992,6.0
5.16034723485,6.0
5.23067349166,5.0
5.58998157142,7.0
6.00289205513,6.0
6.70773974925,6.0
5.87694871079,6.0
6.46251761129,6.0
6.37631840125,6.0
6.68203397124,7.0
5.84425789299,6.0
6.08084323578,7.0
4.32541955415,4.0
6.0136780824,7.0
5.47847562496,5.0
5.59905556096,5.0
5.87700126403,6.0
6.57918502701,7.0
6.03164699702,6.0
6.4897524643,8.0
5.59783393857,6.0
6.42403862622,5.0
6.30960649619,6.0
5.84719225628,5.0
5.93685448969,6.0
5.99992063089,6.0
5.86517332458,7.0
6.30119586682,7.0
4.8619086823,5.0
6.36160676766,6.0
5.01195614344,5.0
5.337672882,5.0
6.62602516938,6.0
6.53952339702,8.0
6.86487752069,7.0
6.51130296163,5.0
5.35222439714,5.0
5.57246685888,5.0
6.32663483564,6.0
5.53206466961,5.0
5.65081465151,5.0
6.68290351042,6.0
6.39896519361,7.0
5.66079055503,6.0
5.00190956039,5.0
5.44165293716,7.0
5.31967499957,5.0
5.42294342724,5.0
4.94310377082,5.0
6.05219125132,5.0
6.04531140237,7.0
6.73119318798,7.0
5.77190925356,6.0
6.68770170791,8.0
5.13728455748,5.0
5.25408932441,5.0
5.88442259455,7.0
6.66182030458,6.0
5.31637132091,5.0
5.04929611462,6.0
5.80341326186,5.0
5.18570885874,5.0
5.20391503915,5.0
5.96004637987,5.0
6.38682332532,6.0
6.58841264513,6.0
6.24877072006,5.0
5.81920856565,7.0
6.87697985866,7.0
5.49783535861,4.0
5.23356661451,5.0
5.98646891691,6.0
6.00093039548,5.0
5.24107802343,7.0
6.04004619476,5.0
5.32061772013,6.0
5.5975957908,5.0
5.12874641971,5.0
6.47877246007,6.0
6.7367454066,7.0
6.88353457255,7.0
4.82073221583,5.0
5.5028278717,5.0
6.68478256765,8.0
6.63166528492,7.0
6.10685000238,5.0
5.96437133138,7.0
6.4576498564,5.0
6.37449074693,6.0
6.73242758887,7.0
6.11669694111,5.0
5.26549771451,5.0
5.51597668663,5.0
6.00871108592,5.0
6.24922067299,6.0
6.694592521,7.0
5.32038740461,5.0
5.67205363411,5.0
6.65994918764,5.0
5.67689981732,6.0
5.39281039572,6.0
6.30230080644,6.0
5.76440476516,7.0
5.52061629396,3.0
6.05414115685,6.0
6.64740215134,5.0
5.38904530284,6.0
5.87752097358,5.0
5.4326008863,6.0
5.03448750486,5.0
6.08084323578,7.0
6.35117568553,6.0
5.39211335773,6.0
6.5479407893,8.0
5.4576339098,6.0
5.87911181256,6.0
5.48090491937,6.0
5.86245118018,6.0
6.02559293811,6.0
6.05313545297,7.0
6.04797177542,7.0
5.69858517684,5.0
7.20453830857,7.0
5.84724649267,6.0
5.41834681891,5.0
5.12846980932,5.0
5.31611695545,6.0
5.9950792392,6.0
5.24490655199,4.0
5.63128363127,5.0
5.93233527517,7.0
6.54344775121,6.0
5.46454615891,6.0
5.46735500765,6.0
5.84737024797,7.0
5.06383575639,5.0
6.40271782567,7.0
5.6695506232,6.0
5.32858436306,6.0
5.10744644014,5.0
5.66533290021,5.0
5.87752097358,5.0
6.49828682632,6.0
6.64819460782,6.0
5.53766294007,7.0
6.18206429091,6.0
5.31634829024,6.0
5.84726470696,5.0
6.38373980541,6.0
5.84315928967,6.0
5.82300572992,5.0
5.55038297382,6.0
6.00378125776,5.0
6.00182323878,7.0
5.43855259389,5.0
5.85534647812,6.0
5.29806219476,6.0
5.50728997115,6.0
6.694592521,7.0
5.34610218768,4.0
6.88129208167,8.0
5.43042722053,6.0
5.88846569917,6.0
6.07698725508,5.0
6.29938378792,5.0
5.5192101715,6.0
5.28685208153,5.0
6.01959010696,5.0
6.49017555119,7.0
5.85884921889,6.0
5.17742382218,6.0
5.36145323408,6.0
5.56112180524,5.0
6.67279789082,8.0
6.13594795047,8.0
6.04381837535,5.0
5.1788630407,5.0
6.62568732214,7.0
5.75022178515,6.0
6.04312416624,6.0
5.1434432568,5.0
5.31961713784,6.0
5.12964720271,5.0
5.51729541001,4.0
6.56384807507,7.0
6.06293832616,6.0
5.54696698121,6.0
5.17427632934,6.0
5.69582584458,6.0
5.6695506232,6.0
6.32661568596,5.0
6.68521816459,7.0
5.87979750429,6.0
5.24886775555,5.0
6.1933773714,7.0
5.47655053371,5.0
6.24440782217,6.0
6.73505826063,7.0
6.14429431067,5.0
6.18470632692,7.0
6.68682238691,6.0
6.54824554495,7.0
5.24285372356,6.0
6.85083599856,6.0
5.6258484631,6.0
6.76204377537,7.0
5.32539745866,5.0
5.57176210614,6.0
5.86800148062,7.0
5.83760869395,5.0
5.52159850953,5.0
5.24256873736,5.0
5.65529061583,6.0
4.84225507693,5.0
5.77130446938,5.0
6.07680905542,6.0
5.80750321583,6.0
6.58602238279,6.0
6.54093962257,8.0
6.30211024955,6.0
4.94720061992,5.0
6.00097124046,5.0
6.03677592409,4.0
5.3956125043,6.0
6.38725682779,5.0
6.55721253951,6.0
6.05424367897,6.0
5.79940287156,5.0
5.21776044503,5.0
5.30908966549,4.0
6.18829459503,6.0
6.10894249437,6.0
6.73306216617,7.0
5.24626467972,6.0
6.27063351008,8.0
4.76064198121,4.0
5.51846789362,7.0
6.2377151655,6.0
5.84880807533,6.0
5.68417056834,6.0
5.64339224904,6.0
6.74633849492,6.0
5.22202588384,5.0
5.90719086132,7.0
5.48102541842,6.0
5.9900027343,6.0
5.43622239875,6.0
5.4578874105,6.0
5.32107520608,5.0
5.29404879266,5.0
5.6726245966,5.0
5.49856512565,5.0
6.75314196899,6.0
5.12559706034,6.0
6.71322024687,6.0
5.44165293716,7.0
7.10605214815,7.0
6.7546983023,7.0
5.89369263621,5.0
6.43004685793,8.0
5.85819250919,5.0
6.26529198741,6.0
5.59189415474,5.0
6.18323858102,7.0
6.49941895395,6.0
6.47630685787,6.0
5.76369139711,6.0
5.07887118394,4.0
5.85425072008,5.0
6.09638732397,6.0
6.63458630999,7.0
5.54603038041,5.0
6.29597868124,8.0
5.61171239651,7.0
5.51210277999,7.0
5.60265726618,6.0
6.54383731791,5.0
4.48360080579,6.0
5.54604364898,6.0
5.60897013882,5.0
5.56029299121,6.0
6.74633849492,6.0
5.91114472876,6.0
5.52437184097,6.0
6.76266924311,7.0
6.00855205654,6.0
5.46196300545,5.0
5.23508127303,4.0
5.6596299687,6.0
6.37546832826,6.0
6.25780865351,6.0
5.33014188095,5.0
5.08966815166,4.0
5.09816090254,4.0
6.04881386094,6.0
6.49966286935,6.0
6.84012097995,6.0
5.62035381446,5.0
6.40977349028,6.0
6.73119318798,7.0
6.40880534561,5.0
6.55381704313,7.0
6.54170368127,6.0
5.70418225712,5.0
5.45343295588,5.0
6.32784253176,6.0
5.49471823372,5.0
5.28738686056,5.0
6.74105222307,7.0
6.15652487357,7.0
5.5122620166,7.0
5.09039299268,5.0
6.68770170791,8.0
6.70816644951,7.0
5.84823182859,7.0
6.65006119839,6.0
6.63078661559,8.0
5.15065441047,5.0
5.86105327946,6.0
6.27555484056,6.0
6.29822166426,7.0
5.34196698493,5.0
5.86615705606,6.0
6.5399386152,6.0
6.11986303895,6.0
5.80783465087,6.0
5.82660968746,6.0
6.67724089648,6.0
5.40838977146,4.0
5.16460945549,5.0
6.15938706778,7.0
6.75889233795,8.0
6.61032615869,6.0
6.11674030183,6.0
6.07150321796,6.0
5.8860969815,6.0
4.94145980944,6.0
5.20837198279,5.0
5.15346730699,6.0
6.76885435516,6.0
4.97145545716,6.0
5.57877182484,6.0
5.45028201824,5.0
6.26777250525,7.0
5.83693212784,6.0
4.63990265376,5.0
6.13418259049,6.0
6.03073085966,6.0
6.6257988188,6.0
5.36826042719,5.0
6.46360211415,7.0
6.84025240075,6.0
5.61272329775,5.0
6.58012872283,6.0
5.20002832743,6.0
5.96004637987,5.0
6.79401169986,7.0
6.64402698774,7.0
5.59382757278,7.0
6.5408718679,6.0
6.20558038373,6.0
6.08084323578,7.0
3.76804084689,4.0
5.48299106807,6.0
5.7737281915,6.0
5.56971593895,5.0
5.91428841937,5.0
5.93327588313,6.0
5.03172850163,5.0
5.22069347127,6.0
5.15236752833,5.0
6.2964781962,7.0
5.5953828998,6.0
6.7905648688,6.0
5.52440817273,5.0
5.85375783578,6.0
6.76928002707,6.0
6.61713884391,7.0
5.80282668827,6.0
5.72290226767,6.0
5.41575115088,5.0
4.86414702596,6.0
5.79811211154,5.0
5.11653733136,5.0
5.56369488571,6.0
5.97778853712,6.0
6.24735212511,7.0
6.75555587065,8.0
5.54476419719,5.0
6.17087946168,7.0
5.04341035737,6.0
5.35366794512,5.0
6.01052103195,6.0
5.43926301031,5.0
5.33538573703,5.0
5.52895431925,6.0
5.5735265248,5.0
6.11774747883,7.0
6.38932989912,6.0
5.46302561673,5.0
5.85844333553,6.0
5.21408372016,5.0
6.2708206889,6.0
5.37711916354,6.0
5.75325837809,7.0
6.47759779374,6.0
6.54969851172,7.0
5.64048879309,5.0
5.97261074569,5.0
6.50880151926,6.0
5.59462026528,5.0
5.72079415693,6.0
5.90638166739,6.0
5.75553571344,4.0
6.1716124687,4.0
5.95084945579,7.0
5.48748855221,5.0
5.33243731476,5.0
6.71828328746,7.0
5.01284199031,4.0
6.93373352531,7.0
6.66348476067,6.0
5.34380356752,5.0
5.62437434538,4.0
5.56150880361,6.0
5.96624340406,6.0
6.3208299962,7.0
6.88129208167,8.0
5.84418565815,5.0
5.31106116716,5.0
5.41941981817,6.0
6.67343180707,7.0
6.6941284648,7.0
5.66846210989,6.0
5.62873392283,6.0
6.32480217237,8.0
5.53057441397,5.0
6.5550247054,6.0
6.78036910656,6.0
6.14220249879,6.0
5.13695615266,6.0
6.45806583876,6.0
5.12298907731,5.0
6.01014151528,7.0
5.05535649966,6.0
6.53120157796,7.0
4.93789942649,5.0
6.24573873059,6.0
6.36144431571,6.0
6.10758913647,6.0
5.52304213784,5.0
6.49047311664,6.0
6.51468372405,6.0
6.12358837629,7.0
5.91104743519,6.0
6.62028879453,6.0
5.83548248869,6.0
5.93859792167,6.0
5.61725187119,5.0
5.54116839656,6.0
5.28308605549,6.0
5.14581846971,5.0
6.46803771045,6.0
4.88441399899,5.0
5.72352039516,6.0
6.77136259464,7.0
5.19314894024,5.0
6.15149131842,7.0
6.7490362522,7.0
6.37220503196,6.0
5.30158225653,5.0
5.91045952587,7.0
5.58901003861,5.0
4.92810313346,6.0
5.78149984687,6.0
6.46126811101,6.0
5.50731486996,6.0
6.19080230193,6.0
5.85944795097,7.0
5.2108360234,6.0
5.18262794999,6.0
6.16967682346,6.0
5.23507539177,5.0
5.53239879296,6.0
6.3130271646,7.0
5.63763527828,6.0
6.17710182686,7.0
5.87911181256,6.0
5.58885028252,5.0
4.92399676407,5.0
6.78828091008,7.0
6.59994966439,8.0
5.10096823241,5.0
6.63828207688,6.0
5.6648824586,7.0
6.08285538617,5.0
5.66055844899,6.0
5.32260761791,6.0
5.28125092648,6.0
6.06955075937,5.0
6.60071761744,6.0
6.37896785598,5.0
5.90894017657,6.0
5.32465200285,6.0
4.86871121278,5.0
5.52356423612,6.0
5.86506109358,5.0
6.40711796088,5.0
6.26488404057,7.0
5.67634338648,5.0
4.87798101456,5.0
5.21776044503,5.0
5.93262818325,6.0
5.58598199523,5.0
5.33014188095,5.0
5.89619774196,7.0
6.46596216244,6.0
6.72650941941,9.0
5.37400675313,5.0
5.62318831864,5.0
5.33938187363,6.0
5.56424466395,6.0
6.72912030821,7.0
5.62560999877,6.0
5.15236752833,5.0
5.16817749176,5.0
5.46880582072,4.0
6.7081232032,6.0
6.11774747883,7.0
4.73040161516,6.0
7.09796889752,7.0
5.52221257871,5.0
5.21189557605,6.0
6.81221204777,8.0
6.26488404057,7.0
6.01374895172,7.0
6.27252556468,5.0
6.02452673177,6.0
6.25145192519,5.0
5.46733738015,5.0
6.14053819797,6.0
5.56630077866,5.0
5.69786811564,5.0
6.21627129162,5.0
5.65313450656,6.0
5.70636535628,6.0
5.54605079902,6.0
5.69430901948,6.0
6.74026517707,7.0
6.30805522788,6.0
5.42692750293,5.0
6.57901522965,6.0
5.0254938941,5.0
6.95573654177,6.0
5.18481229875,5.0
5.95513054474,6.0
5.49927302805,5.0
6.68145157305,7.0
6.25077683726,7.0
5.44804109657,5.0
6.12603603292,8.0
5.90848851249,6.0
5.35409574215,5.0
6.62017495751,6.0
5.85534647812,6.0
5.93299401667,6.0
6.78069215699,8.0
5.5877980113,6.0
6.0694215977,6.0
5.68097073609,5.0
5.63629413157,5.0
5.76841510744,6.0
6.48435099535,6.0
5.17038222415,5.0
5.2108360234,6.0
5.26631904468,5.0
5.00231257995,5.0
5.57053342288,5.0
5.63177839945,5.0
6.15165088389,6.0
5.28391866694,5.0
4.74381580365,5.0
6.53458624123,7.0
6.51471172302,6.0
5.96811728589,7.0
6.20807591919,5.0
5.86816647457,6.0
6.28740290068,5.0
3.96088024142,3.0
5.38889918774,6.0
6.33115039111,6.0
6.30681930642,7.0
6.11449368612,6.0
6.18932948985,6.0
5.46466433222,5.0
6.36648508646,7.0
5.8650530191,6.0
6.87265507817,6.0
6.19802350828,7.0
5.66716251637,7.0
5.93612908869,6.0
5.62245761892,6.0
5.12018430184,6.0
6.58813586616,6.0
6.10889817246,5.0
6.81402608785,7.0
5.31637132091,5.0
5.51582553497,6.0
5.78333396181,6.0
5.62012762894,8.0
6.21268447041,6.0
6.13218694901,8.0
6.18330395175,6.0
5.77470002738,6.0
5.46432009382,5.0
6.11688613906,6.0
6.08084323578,7.0
5.50200032684,6.0
6.48655499646,7.0
6.08592654574,7.0
5.48077971895,6.0
6.3057870521,6.0
5.42125200903,6.0
6.76676541612,7.0
5.45577808488,5.0
6.10135378533,8.0
5.9852549258,6.0
5.81242151419,6.0
5.36710687339,6.0
5.25875552481,6.0
6.4381596693,6.0
6.73962336853,6.0
6.68597220401,7.0
5.85179290851,7.0
5.54563907477,6.0
5.42279399066,5.0
6.73096448266,7.0
5.35711834747,5.0
5.0770578966,6.0
6.52684162229,7.0
7.08988571387,7.0
4.56275012077,5.0
5.67763414365,5.0
5.80441159736,5.0
6.31105697647,7.0
5.57357901763,6.0
5.5766976987,5.0
6.21245995244,7.0
5.93741744476,6.0
5.45693399648,5.0
6.29217872237,7.0
5.16745605563,5.0
5.71277890489,6.0
6.37189442361,6.0
5.22395574853,5.0
5.50150933158,5.0
5.08272043659,6.0
6.45806583876,6.0
6.66097138095,6.0
6.14831366748,6.0
5.19132558505,5.0
5.42279399066,5.0
6.02231626719,7.0
6.32279927643,6.0
5.45907268901,5.0
5.25127575505,5.0
6.72226943454,6.0
5.75968012888,5.0
5.19996850139,6.0
5.09828493985,4.0
5.88614516299,7.0
6.60268720629,6.0
5.07254371875,6.0
5.32932013083,4.0
6.72525719684,8.0
5.41092076807,6.0
5.67649645418,5.0
6.26483566302,6.0
5.45413680058,5.0
6.10519943456,5.0
5.40540706082,5.0
6.8371375866,7.0
5.21739359005,6.0
6.63303921913,7.0
6.78071832279,7.0
5.04166977216,5.0
6.49565387693,6.0
6.43227500315,6.0
5.32151019574,5.0
5.42464814142,6.0
5.20818922959,5.0
5.17033296941,5.0
5.49594727273,4.0
6.5996865556,7.0
6.71580946012,7.0
5.7258010536,6.0
6.75963909371,7.0
5.75117315837,5.0
5.40785153866,4.0
6.24582088692,6.0
5.98462015257,5.0
6.24672528277,7.0
5.96875477237,6.0
5.71792054011,7.0
5.90206805187,6.0
6.56891422658,7.0
6.38130387859,7.0
5.35438719305,6.0
6.55129437785,7.0
5.33780424828,5.0
6.33410544351,6.0
6.54344750587,6.0
5.5527089386,6.0
6.06408845935,5.0
5.99756518491,6.0
6.71952556501,7.0
5.72077594879,6.0
5.39987211493,4.0
6.65537298009,7.0
5.40469160904,5.0
5.52723184845,6.0
5.78758878622,6.0
5.77220628331,6.0
5.85046820848,6.0
5.40773073909,6.0
6.40881664733,8.0
5.73723097808,6.0
6.86983903547,7.0
5.75978143408,6.0
5.75912562505,6.0
6.19830278313,8.0
5.52059780456,6.0
5.34651855131,5.0
5.78554128103,6.0
5.39445679773,6.0
7.01781453964,7.0
5.77470002738,6.0
6.43922000929,6.0
6.43295474401,6.0
6.73198776911,6.0
5.98000524897,6.0
5.68650889974,6.0
5.21967998599,6.0
6.86679866006,6.0
5.54696698121,6.0
5.40201905735,6.0
5.10103502986,5.0
5.77939446028,8.0
6.64726942862,6.0
5.47355212295,6.0
6.68706854046,6.0
6.39907166203,4.0
6.42897509602,7.0
6.91125132593,6.0
5.51404119403,6.0
5.85539798747,5.0
6.64651034353,6.0
5.2340097246,6.0
5.59133787814,6.0
6.23083182677,7.0
5.45035067525,6.0
5.68546627183,7.0
5.34731236838,6.0
4.87554386012,5.0
5.83213104762,6.0
5.48614153716,5.0
5.28755194282,5.0
5.15619189741,5.0
6.58764827207,7.0
6.55732760991,6.0
5.20588184974,5.0
5.78449600131,6.0
6.20980147001,6.0
5.41383717614,6.0
5.88504137327,5.0
5.217263418,5.0
4.33479073837,4.0
6.09422687706,6.0
5.43291746556,6.0
5.53468292882,6.0
5.52793097004,6.0
6.05474396279,7.0
5.41521287869,5.0
6.56496669427,6.0
5.55563647447,6.0
5.48075853588,6.0
6.86798932708,8.0
5.39776329548,6.0
6.34891477812,6.0
5.29423267847,5.0
5.81424843219,7.0
4.99753509466,5.0
5.46753843706,6.0
5.34077028072,5.0
6.16455717068,7.0
5.38942938637,6.0
6.78305528517,7.0
6.72307106595,7.0
5.56353578748,6.0
5.89268322925,6.0
5.59961136282,6.0
5.74602521422,6.0
5.54714361127,5.0
6.49789984284,7.0
6.57219188765,6.0
5.49869130915,6.0
5.45412173696,5.0
6.47711821782,6.0
5.70097995612,7.0
5.9764569289,8.0
6.69805096203,6.0
5.10820177668,5.0
5.57906498316,6.0
5.42611043766,6.0
5.60408467092,6.0
6.75275003263,7.0
5.84321855285,6.0
4.98149263938,5.0
4.95391859044,5.0
5.96075789431,7.0
6.76197996705,6.0
5.11908215396,6.0
6.11738705859,6.0
6.78069215699,8.0
5.14842074686,5.0
5.53766294007,7.0
5.64939906453,6.0
5.24828171187,6.0
6.12157408473,6.0
5.36195057245,6.0
6.25206441266,6.0
4.88064651912,5.0
5.52582556999,6.0
5.7135704656,6.0
5.29966704274,5.0
6.35474921917,6.0
5.47206170972,6.0
5.6179632852,6.0
5.35881734445,5.0
5.77670090098,6.0
6.01174950801,5.0
4.8952493178,4.0
6.28865682374,6.0
5.62059800129,6.0
6.3010045863,7.0
6.16031816386,6.0
6.60290395666,6.0
5.25332387441,5.0
5.66600236122,7.0
5.83699116641,5.0
5.64121528853,5.0
6.0329954224,6.0
6.69808159872,8.0
6.58152753523,6.0
6.7175044984,7.0
5.15407687712,5.0
5.99616601776,6.0
6.42897509602,7.0
4.92357499072,5.0
5.1761623116,5.0
5.10744644014,5.0
6.02189583249,7.0
4.95547511226,5.0
6.30258780568,6.0
5.52059780456,6.0
7.14873844624,8.0
6.56035245238,7.0
5.43062728876,5.0
5.26023241613,5.0
5.37675458134,6.0
6.22415908285,6.0
5.70259265645,5.0
5.61792811949,6.0
6.0665406148,5.0
6.81121625512,7.0
6.36833307585,7.0
6.56611234509,7.0
5.81120498872,6.0
5.8264906479,7.0
5.29619622107,5.0
5.67566408112,6.0
6.68006694706,8.0
5.73800551667,5.0
5.18810105101,4.0
6.13247368934,6.0
5.54325567254,5.0
5.70900016369,6.0
5.74574914924,6.0
6.21450379359,6.0
4.928195083,6.0
5.72064574792,5.0
5.52463459649,6.0
5.53413621425,5.0
6.24383042529,6.0
5.59754109869,5.0
5.31659212202,6.0
5.33859335555,4.0
5.80341326186,5.0
6.65050652633,6.0
5.86364500052,5.0
6.65202235001,7.0
6.64259255286,6.0
5.01895981558,4.0
5.5188829803,5.0
6.12756435467,5.0
6.10245207925,6.0
5.56540104878,6.0
5.72122124506,5.0
4.86697705053,5.0
5.69582584458,6.0
5.25539217451,5.0
5.77383595761,5.0
6.71626785341,6.0
5.41265772971,5.0
6.08084323578,7.0
6.16111177853,6.0
4.9378775524,5.0
5.81097114784,5.0
5.33631828137,5.0
5.86956391128,3.0
5.47728247,6.0
6.65575916637,7.0
6.45036514161,5.0
5.17383843436,6.0
6.49101063869,6.0
5.73800551667,5.0
6.1657080517,7.0
6.50014670872,6.0
6.53856555406,7.0
6.77147014842,7.0
5.7401707039,5.0
5.95354781977,6.0
6.71623022711,6.0
5.45079073593,5.0
6.46360211415,7.0
5.60336639479,5.0
5.74038620084,6.0
6.52145349417,7.0
5.45410973949,6.0
5.81593061212,6.0
6.2432960056,6.0
6.2888169951,6.0
5.28590809454,4.0
5.14842074686,5.0
5.85844333553,6.0
6.15366344329,7.0
5.96293440788,7.0
6.4080513725,6.0
5.923809933,5.0
6.75847621081,6.0
6.08048957066,7.0
6.69696344362,6.0
5.7341981091,6.0
6.11251488132,6.0
6.27485494204,6.0
5.45896163029,5.0
7.09232307014,7.0
5.32600048477,6.0
6.68242353465,7.0
5.88535560903,7.0
6.163018321,6.0
5.93299401667,6.0
6.15955772884,6.0
5.46333011296,6.0
6.13193467491,5.0
5.05819695871,5.0
6.30232737604,6.0
6.44438964853,6.0
6.05953880273,6.0
4.94823395391,4.0
6.21462532508,7.0
5.39001457287,4.0
5.25101657542,5.0
6.41318676126,6.0
6.56275265095,7.0
5.80766232452,6.0
5.56520033238,5.0
6.23885509463,7.0
5.84105467842,5.0
6.33175576315,6.0
5.42199897471,6.0
5.28541001436,6.0
5.89096913959,6.0
6.61644899849,7.0
5.67751105048,6.0
6.08528697126,6.0
5.06129764809,6.0
6.62160144179,6.0
5.83330304352,6.0
5.53470582591,5.0
4.31097953616,6.0
5.76692572233,5.0
6.21615813411,8.0
5.97398988475,6.0
6.77992963233,8.0
5.44526057219,4.0
6.07027620397,5.0
5.15824287263,4.0
7.84665857459,8.0
5.62599809812,5.0
5.60795344579,6.0
5.97504572712,6.0
5.10951639203,4.0
6.51232711897,8.0
5.31816125172,5.0
6.43495086489,7.0
5.40625155194,6.0
6.05485913387,6.0
5.45467633583,5.0
6.07575066693,6.0
5.12903813561,4.0
5.34711320724,5.0
5.2857154454,6.0
6.72323796562,6.0
5.91182562249,6.0
5.36603357323,5.0
5.65076988919,6.0
6.49941895395,6.0
5.26575231861,5.0
6.6061217613,7.0
5.72620583353,5.0
6.17709707957,7.0
6.76957593006,6.0
5.66619121725,6.0
5.36889992334,6.0
5.7684609333,6.0
5.52653522326,7.0
6.59900250874,7.0
5.36145323408,6.0
6.0329954224,6.0
5.32908917013,6.0
5.37090712853,6.0
5.67552675795,6.0
6.09462146931,6.0
4.91903362021,5.0
6.21038518226,6.0
6.03828579736,6.0
6.41380879823,6.0
6.06413327764,5.0
5.64962171721,7.0
5.84993642066,6.0
6.07541549526,6.0
5.11908215396,6.0
5.53288718318,6.0
5.78247821232,5.0
6.36067153366,7.0
6.12682170442,6.0
5.26612164823,6.0
6.64427995449,6.0
5.87244709254,6.0
5.29520012613,5.0
6.11449368612,6.0
5.4260384067,5.0
6.35750780701,7.0
5.89982399173,5.0
5.5051169386,5.0
5.5988504307,7.0
6.1822696791,6.0
5.64505475617,5.0
5.73431764757,3.0
6.07414571336,5.0
6.31105697647,7.0
5.57296256596,5.0
6.80077895943,6.0
6.41023477683,6.0
6.08565543307,7.0
6.08100483742,5.0
6.08008661165,5.0
6.4508338377,6.0
6.49223817696,6.0
6.85691166811,5.0
5.27257932673,6.0
6.6972664831,8.0
6.04245962985,7.0
4.9378775524,5.0
6.65493316025,6.0
4.97957294009,6.0
5.64683917283,6.0
5.40648943471,5.0
5.62248220194,5.0
6.02376742599,6.0
5.13290212939,5.0
6.31342505142,6.0
5.19314894024,5.0
5.58637665928,5.0
5.45728675031,5.0
5.49737238562,6.0
5.56984369807,5.0
5.4303049476,6.0
5.87544742211,7.0
5.64056516046,6.0
5.39758607273,5.0
6.61638358165,7.0
5.91677293198,7.0
5.31988955173,6.0
5.39631138105,5.0
6.12346903814,6.0
6.79901954599,6.0
6.59489954177,5.0
5.71145146904,5.0
5.76668523594,6.0
5.48444684281,5.0
6.79351009082,6.0
5.49737238562,6.0
6.04037988887,8.0
6.85902559715,6.0
4.76623276547,5.0
5.46532849747,6.0
6.04522209087,6.0
6.77303954796,6.0
6.78224684076,7.0
5.69219462727,5.0
5.68236734245,5.0
5.30737417252,5.0
5.6855991222,6.0
6.81225048341,7.0
5.64501439412,6.0
6.71663958159,6.0
5.9962672092,7.0
5.64056516046,6.0
6.31138034397,7.0
5.2294582796,6.0
5.9400522254,7.0
5.10224909143,6.0
4.92023598105,4.0
5.52667894622,6.0
5.50196071484,6.0
5.13695615266,6.0
6.1828219385,7.0
6.11604632547,6.0
5.44278888105,6.0
5.86632853698,6.0
5.22202588384,5.0
5.34038406824,5.0
5.58895752288,8.0
5.54042365139,6.0
5.67603778779,6.0
5.24047820544,5.0
5.40300806045,5.0
6.60922889383,7.0
5.26008843034,6.0
5.56046243944,7.0
5.48068579245,6.0
5.98787832318,6.0
6.57213912114,6.0
5.57660901398,5.0
5.0254938941,5.0
6.45346613928,6.0
5.60439009594,6.0
5.64976631497,6.0
6.42403862622,5.0
7.01781453964,7.0
5.88485750306,6.0
5.43987636161,6.0
5.25861084399,6.0
6.30440639688,7.0
5.33246072074,5.0
5.58302685172,5.0
5.25829597921,5.0
5.68988029769,6.0
6.6710432607,8.0
5.64484767536,4.0
6.52953438991,6.0
6.30681930642,7.0
6.53385147834,6.0
5.35357849369,6.0
5.75715732058,6.0
6.16111177853,6.0
5.82549131549,7.0
5.81217187508,6.0
5.92676898617,6.0
5.07941078285,5.0
5.51089528248,6.0
5.56353578748,6.0
5.41742560325,5.0
6.19737676347,5.0
6.742758503,7.0
5.12035293261,5.0
5.24427367594,5.0
6.21655481196,7.0
6.23246704751,6.0
6.695145836,6.0
5.87640189048,6.0
5.57776320189,6.0
5.62969969591,6.0
5.99338102996,5.0
5.9127772588,7.0
5.90793127275,6.0
5.94809459021,5.0
4.93669282218,5.0
6.02829257919,6.0
6.22405243377,6.0
6.77944016025,7.0
4.90921613256,5.0
5.30116837142,4.0
6.28585813077,6.0
5.82574978652,6.0
6.27705527694,6.0
5.33824999733,6.0
6.48720817803,6.0
5.92379937278,6.0
6.03898235343,7.0
5.51539665201,5.0
5.71948602056,5.0
5.33902878391,6.0
5.87986993767,6.0
5.21506084195,5.0
6.48662951355,7.0
5.22049986712,6.0
5.54117584403,6.0
6.09392825296,7.0
6.76867438201,8.0
5.53125135974,5.0
5.33305290339,6.0
5.60384908118,5.0
5.60973493374,6.0
5.78372897618,6.0
6.16881415302,5.0
5.71948602056,5.0
6.4508338377,6.0
5.4801979921,4.0
5.96916037488,6.0
5.97787099323,5.0
6.53169402768,7.0
5.39298632402,5.0
6.14772831118,6.0
6.34853283768,6.0
5.91577532586,6.0
5.02357545747,5.0
5.51486248113,6.0
6.12082294044,6.0
5.55458314788,5.0
5.79975770465,6.0
6.59248245605,5.0
5.34385733015,5.0
5.53678950534,5.0
5.33631828137,5.0
6.08084323578,7.0
6.0781276848,5.0
5.1196274149,5.0
6.08576239813,6.0
6.36833307585,7.0
5.30158225653,5.0
6.27152490165,6.0
5.9522922619,7.0
5.585204211,5.0
6.06260340476,6.0
6.03360918316,6.0
5.52908163057,6.0
6.13181880776,5.0
5.14833760426,5.0
6.01505409737,7.0
5.84021879166,6.0
6.70702566583,8.0
5.66503994314,6.0
5.78022619577,6.0
6.31366911952,8.0
5.1196274149,5.0
5.54386796831,5.0
5.6538873098,6.0
6.25564093122,7.0
5.01115718987,5.0
6.51870292485,6.0
6.05694701703,6.0
6.21179187063,7.0
6.34150898004,4.0
6.5815148778,7.0
6.46947587348,5.0
5.62503120899,5.0
5.07923891101,5.0
6.75508573228,7.0
5.92802856885,7.0
6.30075247787,6.0
5.52000794996,6.0
6.59694948258,6.0
5.91498834769,6.0
6.50238426827,7.0
5.32056458362,6.0
6.4273633954,7.0
6.09692147189,6.0
5.78239583038,6.0
5.35568065912,5.0
5.55141617245,5.0
6.68478256765,8.0
5.04512782108,5.0
5.65021029474,5.0
6.62474107757,7.0
5.47844593741,6.0
5.82089421308,6.0
5.60463070691,5.0
5.85218127373,7.0
5.84394161632,6.0
4.92810313346,6.0
5.92720374356,5.0
5.87387120179,5.0
6.72614531309,8.0
5.97778853712,6.0
5.65720254341,5.0
6.50014670872,6.0
5.38313921995,3.0
6.18470632692,7.0
6.83632843981,9.0
6.54649303676,7.0
5.53335646174,6.0
5.0902911335,5.0
6.22883291819,5.0
5.97623544114,7.0
5.7135704656,6.0
6.31039200553,7.0
5.40486950754,5.0
5.80766232452,6.0
5.70763318718,5.0
5.48377431305,6.0
5.95468460948,7.0
6.32300229959,7.0
5.67620907186,5.0
5.25861084399,6.0
6.58575874181,8.0
6.17849139305,7.0
5.09884698686,6.0
6.17550642307,6.0
6.01213660388,5.0
6.3208299962,7.0
5.42960003296,6.0
6.6023420423,7.0
5.44048367501,5.0
6.05700003474,6.0
5.59002020486,5.0
5.35337901421,5.0
6.27152490165,6.0
5.35366794512,5.0
5.23507539177,5.0
5.68513401648,5.0
5.52574513083,6.0
6.33895585901,7.0
5.73782871258,6.0
5.42165749745,5.0
6.28482790401,7.0
5.16776930602,5.0
5.616052828,8.0
5.52611233794,5.0
6.28952696434,5.0
4.28054539618,5.0
5.23424916646,6.0
5.37796452578,5.0
5.63313962861,6.0
6.47786713447,6.0
5.40648943471,5.0
5.12522436701,5.0
5.67751105048,6.0
6.41196765873,6.0
6.50704775837,7.0
5.94939985207,6.0
6.31614120339,5.0
6.47711821782,6.0
6.41181429135,6.0
5.89991459654,5.0
6.19986976507,6.0
5.68305616073,6.0
5.96957198285,6.0
5.86943811282,6.0
6.18322644222,5.0
5.41003686607,5.0
6.54306564914,8.0
6.46251761129,6.0
5.82759943146,5.0
5.95215953929,6.0
6.02759170403,5.0
5.33256351292,6.0
6.22935246959,7.0
5.6379695243,6.0
5.64100453619,6.0
5.10018415574,5.0
5.83704014477,6.0
5.87802388259,7.0
5.98466343248,6.0
6.92029962965,7.0
6.3208299962,7.0
5.47429806138,6.0
5.43291746556,6.0
6.29457316952,6.0
4.98778603792,5.0
6.09996852652,6.0
5.75978143408,6.0
5.71950988005,7.0
5.65783288579,6.0
5.337672882,5.0
5.83581209345,7.0
5.18119276348,5.0
5.65146114568,5.0
5.85122578337,6.0
5.33629162786,6.0
6.40064889476,6.0
5.0795091395,5.0
5.17427632934,6.0
5.4712294183,4.0
6.0631209725,6.0
5.87802388259,7.0
6.49223817696,6.0
5.11988661507,5.0
6.54327777491,7.0
6.15925557082,6.0
5.64158674264,5.0
5.40547543729,5.0
5.41893188354,5.0
5.30173873678,6.0
5.3216612038,6.0
5.07490087755,5.0
