5.82624863036,6.0
6.79112426802,8.0
5.90725573802,6.0
5.61355646605,5.0
5.42044420458,5.0
5.5022682779,5.0
5.13818767313,4.0
6.04823023552,5.0
5.65042659741,6.0
5.61616647271,6.0
5.21340311425,5.0
6.70372157173,5.0
4.7049144752,4.0
6.79071177397,7.0
6.07420945871,7.0
6.05936147098,5.0
5.52454593512,5.0
6.16647477718,7.0
5.20842949098,5.0
5.74295583776,7.0
5.57922002851,5.0
5.90159699985,6.0
6.35436587497,8.0
6.60576334657,5.0
6.37122469172,8.0
5.15306659627,6.0
5.83929152406,6.0
5.59519058171,6.0
6.0642756254,6.0
4.84032133792,5.0
6.17464926537,7.0
5.80681366023,6.0
6.19108648331,6.0
5.81794197262,6.0
5.89414415228,6.0
6.61110090043,6.0
4.52566245854,5.0
6.70243809921,8.0
5.70994315837,5.0
6.17968499374,6.0
6.61487820052,7.0
5.47911004649,6.0
5.88509351265,7.0
5.37132691243,6.0
5.68394874983,7.0
6.19710395257,7.0
5.78012552338,5.0
5.41615713678,6.0
5.84127447903,6.0
6.08401055394,7.0
5.65403013188,5.0
5.55557567434,5.0
5.97776264111,6.0
5.86070168281,5.0
6.36696567732,8.0
6.70704989033,6.0
5.58435845808,5.0
6.55361491782,7.0
4.90510749011,3.0
5.83726375693,8.0
5.57039018945,5.0
6.59804255973,6.0
5.86679012411,6.0
4.73189604284,5.0
5.46925425988,5.0
5.64784323814,6.0
6.44292616907,7.0
6.71729882442,6.0
5.76802208298,5.0
4.52917274054,6.0
5.87678117678,6.0
6.74919184712,7.0
6.28539593168,6.0
5.38874810833,5.0
6.53489384576,6.0
5.7222840513,7.0
5.64615234413,6.0
5.7025191958,5.0
6.14202448448,7.0
5.70614542824,5.0
5.27674771233,4.0
5.91881906005,7.0
6.0764028236,6.0
6.51304555259,6.0
6.21355824926,6.0
5.94156540943,6.0
5.95366597678,6.0
6.25594722605,4.0
6.41341978868,6.0
5.61616647271,6.0
5.38292398502,5.0
5.66220318647,6.0
6.75765359111,6.0
5.8292893181,7.0
5.56128644697,5.0
5.47845631113,4.0
4.96054700194,7.0
5.92478231441,7.0
5.43216973929,5.0
5.44096058804,5.0
5.7854591992,7.0
5.93143933849,7.0
5.87803019279,6.0
5.65946288633,6.0
6.2302782993,6.0
5.50987745191,5.0
6.23433090218,6.0
5.78693770127,5.0
6.18697487721,6.0
6.53205278437,6.0
2.50524215498,4.0
6.72141838396,7.0
5.65930561142,6.0
6.05708138108,7.0
5.28140421829,6.0
5.81445589558,6.0
5.66114880797,6.0
6.28652389155,7.0
5.59376579026,5.0
5.97477735432,7.0
6.84036798925,7.0
6.79380410791,6.0
6.14095497838,8.0
6.38918664217,7.0
6.0580562179,8.0
6.68642645199,7.0
6.12639461833,5.0
6.04739778643,6.0
5.78303285004,6.0
4.54477756203,6.0
6.78388992385,7.0
4.5171695655,5.0
6.55368031455,8.0
5.95317745061,7.0
5.66004676832,6.0
5.46465764963,6.0
5.54200250924,5.0
5.74548683664,5.0
6.66521497352,6.0
6.5899475349,6.0
6.10783667322,5.0
5.67411239671,6.0
5.4697131126,5.0
6.85205305857,6.0
5.78855107084,6.0
6.02105670408,6.0
6.20010553999,6.0
5.70330621682,5.0
5.72731917744,5.0
5.96119950704,7.0
6.43341893638,7.0
4.52260520197,5.0
5.28385127583,5.0
6.65654092561,7.0
6.63703203199,7.0
5.78504296888,5.0
5.46719896152,6.0
5.83897263119,7.0
5.97741442562,6.0
6.03488524195,8.0
5.6508516011,6.0
4.85038407696,5.0
5.81849966708,7.0
6.16150949202,6.0
6.43033092847,7.0
6.97997622544,7.0
5.75911220938,6.0
5.90512390948,4.0
5.87883185628,6.0
6.50774465128,7.0
5.61146207689,6.0
5.58142785914,4.0
5.55604820903,5.0
6.0392435833,6.0
5.61228545147,6.0
5.52293440628,6.0
6.48063919387,7.0
6.2472979,6.0
5.86342751842,7.0
6.64405214995,7.0
5.12976201921,6.0
6.24752758345,7.0
5.22423537695,5.0
5.70047999258,6.0
6.64930707221,6.0
5.22556084178,6.0
5.74908695725,6.0
6.23292792325,6.0
5.98389032678,7.0
6.30431609159,7.0
6.21808800636,7.0
6.17476938356,6.0
6.68440470679,6.0
4.65763446195,5.0
6.15256975287,7.0
6.11508072666,6.0
5.67703319151,6.0
5.74295583776,7.0
5.85466055789,6.0
6.81426283126,8.0
6.0642756254,6.0
5.28455583848,5.0
5.65878212674,6.0
4.79855710841,5.0
5.34499482427,5.0
6.64941171678,5.0
6.19289354654,6.0
6.50301515601,7.0
5.19753997927,6.0
3.90309819226,4.0
5.26715010118,6.0
6.76585593107,7.0
5.97990821574,7.0
5.11183476761,5.0
5.46271987391,5.0
5.83738451957,6.0
5.67162250095,5.0
5.74814401109,6.0
4.93739521607,4.0
6.81574701667,6.0
5.31323082797,5.0
6.80693678634,8.0
5.69614550787,5.0
6.08233303586,7.0
6.00778795271,6.0
5.56915502943,5.0
6.06403996411,8.0
6.60417138603,7.0
5.57851859465,5.0
6.11900520406,7.0
6.55065987275,7.0
6.41753610433,6.0
6.56369218132,7.0
6.08815671992,7.0
5.92653903506,8.0
6.47040315353,6.0
6.2602944902,6.0
6.38245893876,7.0
5.74619037511,7.0
5.61866617269,5.0
5.65371778508,6.0
6.01777884199,6.0
5.76226021667,6.0
4.50241300102,4.0
5.23521432358,5.0
5.81794197262,6.0
5.33110363525,4.0
6.56967162176,7.0
4.91924248038,5.0
5.6007892881,5.0
5.43154320336,7.0
5.28137831846,5.0
7.00786625604,7.0
5.63752082262,4.0
6.03439903447,6.0
6.0841946048,6.0
5.55767383003,6.0
5.92461500909,6.0
5.74830472901,5.0
5.95106621544,6.0
5.56743266474,6.0
6.47385098733,6.0
6.35308602163,6.0
6.07608102893,7.0
5.67381111083,6.0
6.02999383556,6.0
6.663245405,8.0
5.99249888174,6.0
6.76741026477,6.0
6.26956035878,5.0
5.75245602309,6.0
5.52477470009,6.0
5.43857598047,5.0
5.67840082408,5.0
6.11711872165,7.0
5.72122002338,5.0
4.88740095855,3.0
6.11214914572,6.0
6.08493301544,6.0
5.46065597801,5.0
6.7769233142,6.0
6.13905801297,7.0
5.38809896075,6.0
5.75087317551,6.0
5.79947405968,6.0
6.41902971927,6.0
6.13058276333,7.0
6.56202973047,6.0
5.7893119927,5.0
5.34384834522,5.0
4.5171695655,5.0
5.55378007524,6.0
5.5047193064,5.0
5.79772209499,6.0
6.85270419793,7.0
5.38874810833,5.0
6.41319954695,6.0
6.4216418473,8.0
5.42592187377,5.0
5.35975462897,6.0
6.27398528543,7.0
6.41465036959,6.0
6.10493240213,7.0
6.65166942095,6.0
5.87937839412,6.0
5.51467295905,6.0
5.98476317434,6.0
5.88592407695,5.0
6.56434439948,6.0
5.82249714925,6.0
5.72230272514,5.0
6.74471966684,8.0
5.55375847791,5.0
6.12924794605,5.0
6.48991939945,6.0
6.26740635759,6.0
5.14536080754,5.0
5.80738970626,5.0
5.43677032422,6.0
6.02092443986,6.0
5.91969544118,7.0
5.74729732111,5.0
6.49289800003,7.0
5.74049720332,5.0
6.58170487099,7.0
5.60096740126,5.0
5.85339696349,6.0
5.45050540045,5.0
5.43857598047,5.0
6.26633995148,8.0
6.72244372685,6.0
5.87235257853,6.0
6.36206434696,6.0
6.13256483578,7.0
5.43136197645,6.0
5.46735334617,7.0
6.03802161505,6.0
5.72104507117,6.0
5.17214552915,5.0
6.40471557251,8.0
5.936141401,6.0
5.82319497498,7.0
5.84613055525,5.0
4.51297276118,6.0
5.53539665636,8.0
5.46735334617,7.0
6.79450317823,6.0
5.57608287541,5.0
5.70196427177,7.0
6.17815733556,6.0
5.54710681353,5.0
5.673041645,6.0
6.2300695128,7.0
5.70785967658,6.0
6.06198885841,5.0
6.69381705987,7.0
6.03963710965,6.0
5.51853183345,6.0
6.26692923463,6.0
6.8188197547,6.0
5.78846112809,6.0
6.01976583782,6.0
5.56717445845,5.0
6.32312099298,7.0
5.54477870601,5.0
5.6508516011,6.0
5.55738931466,6.0
6.53154766342,7.0
4.91167062432,4.0
6.86391912869,7.0
5.19549676845,5.0
5.20961329819,5.0
5.99869158207,5.0
5.64801026794,6.0
6.6781078623,8.0
6.73362268336,9.0
4.93474936548,5.0
5.52588993352,6.0
5.79523101938,6.0
5.96203741292,6.0
4.86458681761,5.0
5.52040750487,5.0
4.90418340767,4.0
5.86554041097,6.0
6.24962375376,6.0
6.47273441518,7.0
6.28586523423,7.0
5.80888271655,6.0
5.07630097506,5.0
5.86794984662,6.0
5.78576428098,8.0
6.21482825533,6.0
5.66164471868,5.0
5.60470919907,5.0
5.61970373556,5.0
5.70052911227,5.0
5.69684703717,6.0
6.27118282312,6.0
6.3098738439,7.0
6.00160534925,5.0
6.68160352147,7.0
5.7564868846,5.0
4.80197534907,6.0
5.23898278794,5.0
6.64942791136,6.0
6.44696425691,6.0
5.88904611216,6.0
5.80738970626,5.0
6.38157967889,6.0
6.77418484252,7.0
6.409546954,6.0
5.3413888467,5.0
6.42629599228,6.0
4.54796310562,4.0
5.43076320587,6.0
5.1395480353,5.0
5.55350664872,5.0
6.02501328567,5.0
5.42169002711,5.0
5.69440227846,6.0
5.95138320834,6.0
6.3476844743,7.0
5.92412117054,5.0
6.54747106291,6.0
6.75653501228,8.0
6.35957474898,6.0
5.30901214382,5.0
5.95567427847,6.0
6.15017287749,6.0
4.17903472888,5.0
5.78693770127,5.0
5.64641102087,5.0
6.07185132597,5.0
5.79234937748,6.0
5.65655758911,5.0
5.67843008619,6.0
5.64962160165,7.0
5.62443624166,5.0
5.74099438009,5.0
6.43311630217,7.0
5.56802896856,6.0
5.67462461145,6.0
5.84687150153,5.0
5.94297499131,6.0
5.85661685735,7.0
5.72870899453,5.0
6.17211466226,5.0
5.79364251692,7.0
5.57593674918,4.0
6.1638724268,7.0
5.61629681191,6.0
6.00754542975,7.0
4.85163968205,5.0
5.59352569779,6.0
6.22996765309,5.0
5.57380357599,5.0
5.16859957296,5.0
6.04231356129,6.0
5.56092879255,5.0
5.61629681191,6.0
5.50127023088,5.0
5.99310173091,6.0
6.22164797952,5.0
5.81231665608,7.0
6.10566778993,5.0
5.74878716234,6.0
6.1894093544,6.0
5.72884345462,6.0
6.51665662546,8.0
6.02367329798,6.0
6.10283731301,6.0
5.91070153517,6.0
5.12945432183,5.0
5.55767383003,6.0
6.75115180947,5.0
5.87043621802,5.0
5.70449103711,6.0
5.84900314539,6.0
6.36779813895,6.0
6.6487638581,8.0
5.72870899453,5.0
6.47281739557,6.0
5.45696953149,5.0
6.09519893965,6.0
5.83913322389,6.0
5.60824199679,6.0
6.1842667712,6.0
5.77180847616,6.0
6.69648639276,7.0
5.46291416068,5.0
6.39114335023,6.0
5.34655525058,5.0
5.47336545118,6.0
6.01925822284,5.0
6.69489634986,8.0
5.77482699415,7.0
5.61036787683,5.0
6.10579962519,7.0
5.19606615662,6.0
6.52450727625,6.0
6.00345994111,7.0
6.21599356438,7.0
5.67400510496,6.0
5.3174026797,5.0
5.45549152433,6.0
4.19204126042,4.0
5.88379592611,6.0
6.71317857729,7.0
5.79331347177,6.0
5.60986884021,6.0
5.85466055789,6.0
5.54163372245,5.0
5.87044195923,6.0
5.62370312082,5.0
5.25886763936,5.0
5.70699668554,6.0
5.43221226279,5.0
5.60096740126,5.0
6.50129923548,6.0
6.12117020862,7.0
5.04922552441,5.0
5.50577915478,5.0
6.10054406045,6.0
6.24242496918,6.0
5.56194424787,5.0
5.82169518358,5.0
5.12752946906,5.0
5.62094037509,6.0
6.29318059837,5.0
5.485445229,5.0
5.37495145991,5.0
5.37132691243,6.0
5.73944625264,5.0
5.69021809936,6.0
6.00149498155,5.0
5.69440227846,6.0
5.57991167276,6.0
5.51349220906,6.0
6.64673528867,7.0
5.39185524976,6.0
6.7816498325,7.0
5.55557567434,5.0
5.59192764188,5.0
4.92066426076,4.0
5.71099701757,5.0
5.66066916865,5.0
5.05566323271,5.0
5.40532890442,5.0
5.79153978702,9.0
5.38839987159,5.0
5.42081057071,5.0
5.94080806662,6.0
5.42271559469,5.0
5.73162196435,5.0
5.591568594,5.0
6.4014641926,6.0
5.37014537846,5.0
5.58960829122,6.0
5.84348072672,6.0
5.45322831683,5.0
6.09722783955,7.0
6.19022147414,7.0
6.2298867274,7.0
6.06729539387,6.0
5.19571419756,6.0
5.51035754633,6.0
6.05108389778,6.0
6.69750605028,6.0
5.80485360418,7.0
6.0242756475,6.0
6.35109820573,6.0
7.08103970284,7.0
5.94762767541,5.0
5.48282195005,5.0
6.12117020862,7.0
6.2133614585,6.0
5.50637363932,6.0
5.89792400468,6.0
5.36152827111,5.0
5.87363199182,6.0
5.8870789357,6.0
5.0305143087,5.0
5.6479396074,5.0
5.50166824963,6.0
6.15067786474,5.0
5.80381541414,5.0
5.61494956409,6.0
5.78654239632,5.0
6.17596050044,7.0
6.21998330443,6.0
6.20640249667,6.0
6.10090013334,6.0
6.14596831517,6.0
5.91885982871,6.0
6.12117020862,7.0
5.98696000323,7.0
6.10052368187,6.0
6.75005082524,7.0
5.72489667712,6.0
5.76522284214,6.0
4.87004605118,6.0
6.52664530563,6.0
6.44732236868,6.0
5.54617544242,6.0
6.56872784201,6.0
5.76292364681,4.0
5.48914729273,6.0
5.63065008943,6.0
5.96335995944,5.0
5.81510943719,6.0
5.52637970103,5.0
6.32177041749,7.0
6.74169349049,7.0
6.72857248804,7.0
4.8820601237,5.0
5.69021809936,6.0
6.15450821971,5.0
5.36390157868,6.0
5.61677860045,6.0
5.90279622937,5.0
3.80497236393,4.0
6.15521071353,5.0
6.32874277272,7.0
5.55719835321,6.0
5.90234001147,7.0
6.01286460786,6.0
6.0093191832,5.0
5.741095177,6.0
5.65367950462,6.0
5.80029584621,6.0
5.46293605933,6.0
5.92528472435,7.0
5.86934369584,6.0
5.83144376739,7.0
6.43082975121,7.0
4.96260503666,5.0
5.99298885294,6.0
5.55562500736,6.0
6.09381264692,7.0
6.0418431576,5.0
6.63273847082,6.0
4.8163158211,4.0
5.90753865745,5.0
5.73724680648,5.0
6.35436587497,8.0
5.69738558646,7.0
5.33596012819,6.0
5.71854698102,6.0
5.73695888093,6.0
6.14495476283,6.0
5.62273176168,5.0
5.94208551111,4.0
5.34782082291,6.0
5.75539721359,6.0
5.49698513472,5.0
5.62094037509,6.0
6.58046183446,7.0
5.35873272509,6.0
5.84729516938,8.0
5.98567422614,6.0
6.10926382227,7.0
3.94665108905,4.0
6.38908062611,7.0
6.16274006133,6.0
5.60829333919,5.0
4.61657893059,4.0
6.41522640496,6.0
5.69679337288,6.0
5.71264436504,6.0
5.41468725528,5.0
5.34506716785,6.0
5.79331347177,6.0
6.06549359011,5.0
6.83643320766,7.0
6.07293444688,5.0
6.03958305812,6.0
5.61235702796,5.0
5.48784730658,6.0
6.39114335023,6.0
5.54290784694,6.0
5.58606597621,5.0
6.43018607925,7.0
6.07293444688,5.0
6.15256975287,7.0
6.16347483618,7.0
6.39737055365,7.0
6.2007583537,5.0
4.60770324438,5.0
5.58150156683,5.0
5.99366508549,5.0
3.92230516549,4.0
5.87818937159,5.0
6.14435001066,8.0
6.23569375503,6.0
5.93386043021,7.0
5.62330402854,6.0
6.10566778993,5.0
6.1099639028,6.0
5.76226021667,6.0
5.69158404441,6.0
5.95939542885,6.0
5.62911823959,5.0
5.70652672567,5.0
5.52916989805,4.0
5.63646957432,6.0
5.54842047658,5.0
5.66580155721,5.0
5.91680836221,6.0
5.6283303535,6.0
5.80558628878,7.0
6.75978491113,7.0
6.55804850244,7.0
5.56169536164,5.0
5.57478193396,5.0
6.07384651933,7.0
5.26818243851,6.0
5.83216624656,6.0
4.73929432397,4.0
5.6970052894,6.0
5.55969847071,6.0
5.68880858696,6.0
5.62041305865,6.0
5.79394239861,7.0
5.79394239861,7.0
5.75476368798,5.0
6.83475513939,7.0
6.82665664529,8.0
6.03153373814,6.0
6.1966370959,6.0
5.65949783617,7.0
5.5992566199,5.0
5.34655525058,5.0
6.10693619993,6.0
5.43159359012,6.0
6.51082396644,6.0
6.15847955277,6.0
5.52890939201,6.0
5.22309900031,4.0
6.19402777686,5.0
5.46719896152,6.0
6.43744848602,7.0
5.13052632992,4.0
6.10772619742,7.0
5.9103484187,6.0
5.26715010118,6.0
5.94332470335,6.0
6.21023184466,7.0
5.56123626602,6.0
5.32401800224,6.0
5.90234001147,7.0
6.11816987219,6.0
6.31673332089,6.0
6.01537155904,7.0
5.96485880145,5.0
6.04853998249,5.0
5.81283651419,6.0
5.35872036604,6.0
5.90234001147,7.0
6.34994853744,7.0
6.1926957868,8.0
6.34047810589,6.0
5.98443736818,6.0
5.37519445484,5.0
5.99054793084,6.0
4.84716020174,5.0
5.64502862576,5.0
5.24804375208,5.0
6.08127694326,6.0
4.77653278298,6.0
5.73986475823,7.0
5.96831934465,6.0
5.92705295468,7.0
5.68602588359,6.0
5.8087902804,6.0
6.92951494966,6.0
5.79289411899,6.0
6.50486282355,8.0
5.99261447415,6.0
6.19068894257,7.0
5.46433584629,6.0
5.35250103207,5.0
5.30866563916,5.0
5.86991683243,7.0
5.30877138803,5.0
5.97990821574,7.0
6.65477660225,7.0
6.26506584603,8.0
5.27266611876,5.0
5.65946288633,6.0
5.22686642064,5.0
4.90444656865,4.0
6.50673230268,6.0
6.10161327289,5.0
5.7542956347,6.0
6.74658603422,6.0
6.02421663854,6.0
5.4070185966,6.0
6.15165476504,6.0
6.77345787317,6.0
3.78184074285,4.0
5.59355941595,6.0
6.39690837982,8.0
6.07318893056,6.0
5.44062160568,6.0
5.49089928769,5.0
6.23797547833,6.0
5.58613083719,6.0
4.95999396719,4.0
5.93567124541,7.0
4.91693300024,6.0
6.05392829025,6.0
5.65655758911,5.0
6.7750588891,8.0
5.28233264658,5.0
6.76897054098,7.0
5.09245282283,5.0
6.39468572481,3.0
6.06607767007,5.0
4.98323514305,5.0
6.19996810075,6.0
5.33240575556,5.0
6.13256483578,7.0
5.61872895766,5.0
6.38695211117,7.0
5.57598922428,5.0
4.57481500738,4.0
5.39712592294,5.0
4.44151963347,4.0
5.37410623317,6.0
6.59545682381,8.0
5.99289638436,6.0
5.71786962526,5.0
5.23350935677,5.0
5.59671948458,5.0
5.63589088404,5.0
5.55208427021,5.0
5.97762768692,5.0
6.14832607935,7.0
6.09968103175,5.0
6.58239461496,6.0
5.25593142344,5.0
5.12146225792,5.0
6.61272885361,6.0
5.32969551091,5.0
5.35456104309,5.0
5.25921168734,6.0
5.84127447903,6.0
5.53734862859,6.0
5.58832745105,6.0
5.75245602309,6.0
6.65224332479,6.0
5.2996398517,4.0
5.38665767615,5.0
5.6644399407,5.0
6.94858291648,9.0
5.61383247284,6.0
5.19418100123,5.0
4.17902237429,4.0
5.81589229652,6.0
5.98282600155,4.0
5.82624863036,6.0
5.0939899668,4.0
5.87348308239,6.0
5.11273577465,5.0
5.84770534931,6.0
5.30855855929,5.0
5.91117103461,7.0
6.66512047605,8.0
5.61968411147,5.0
5.68302432634,5.0
6.55085965609,7.0
5.26641374661,5.0
7.00769487363,7.0
5.741095177,6.0
4.70162068281,4.0
5.91652350495,3.0
6.17089528234,7.0
5.60086019218,6.0
5.80472937385,6.0
6.32899526877,6.0
6.86629280701,7.0
6.21086658371,8.0
5.84193532375,6.0
5.88813729633,6.0
5.58447022888,6.0
5.71769148529,5.0
6.27156815522,6.0
6.17337594175,6.0
5.21340311425,5.0
5.89174597536,4.0
5.74458223465,4.0
6.0983196818,6.0
5.0583330524,5.0
5.64710912438,7.0
5.44083800587,5.0
5.90053922091,6.0
5.62019137425,6.0
6.16626353131,7.0
5.9511332064,6.0
6.01629589827,6.0
5.79813560325,7.0
5.52168763564,5.0
6.42160611937,6.0
5.84147867197,6.0
5.76800274463,7.0
5.58566090505,4.0
4.54727757023,4.0
5.40481927944,5.0
6.14444308531,6.0
6.87385482626,8.0
4.19533092848,4.0
5.20634041445,5.0
5.72099158502,6.0
6.49626158487,7.0
5.98670978785,6.0
5.78528688201,8.0
6.60790042274,6.0
5.38292398502,5.0
5.64145585926,5.0
6.61105218279,7.0
5.24631684668,6.0
6.75550369085,8.0
5.17956343342,6.0
6.1232712875,6.0
6.29718214758,7.0
6.62861286827,7.0
5.39142910963,6.0
5.36368404832,6.0
4.96399961101,4.0
6.00926786389,6.0
5.50588363142,5.0
5.63024615733,6.0
6.44724037675,6.0
5.90769196229,5.0
5.50127023088,5.0
5.79266370874,5.0
6.60790042274,6.0
5.63712896118,5.0
5.77282561908,6.0
5.77732584693,6.0
5.07211928842,6.0
6.67037746837,6.0
5.78116183776,5.0
5.55458074748,5.0
4.75732077256,5.0
5.56733037444,6.0
5.78975419971,6.0
5.80496629892,5.0
6.41522640496,6.0
4.90418340767,4.0
4.06345872981,5.0
5.37478393304,6.0
5.45376265324,5.0
4.96329187108,4.0
5.74981438852,6.0
3.38095099527,3.0
5.96213434613,6.0
5.97300678916,4.0
6.50273290767,7.0
5.75994556134,5.0
5.68512653774,6.0
6.32147937977,6.0
6.66504317229,6.0
5.73536504983,6.0
4.54796310562,4.0
5.8627771051,6.0
5.15982914925,5.0
6.54863314381,6.0
6.3125778404,4.0
6.52234520699,6.0
6.24135335363,6.0
6.10493240213,7.0
5.30184747455,8.0
6.56504411817,6.0
5.76679983468,6.0
5.59610903244,5.0
5.79895824698,7.0
5.71866065198,6.0
6.11139092608,6.0
5.76108481375,6.0
6.83250558834,6.0
6.073383587,6.0
6.48931543295,5.0
5.88380103805,5.0
5.57306754844,5.0
3.59114739497,4.0
5.11273577465,5.0
5.90993893169,8.0
5.8627771051,6.0
6.35063618437,6.0
5.75087317551,6.0
5.49451662893,6.0
5.91224344651,6.0
5.71099701757,5.0
6.69858366729,8.0
5.91154989323,6.0
5.69304651121,6.0
6.73626103329,7.0
5.73343962421,6.0
5.75673888756,4.0
6.1114911639,7.0
6.01489825256,5.0
6.05552877627,5.0
5.66911195912,6.0
5.54888185126,5.0
4.62123971572,5.0
5.91881906005,7.0
5.85230822906,6.0
6.14430245094,7.0
4.93237671844,4.0
5.39457080278,5.0
5.69511185935,6.0
6.11550252956,6.0
5.59698737862,7.0
6.60214531553,7.0
5.95910765629,5.0
5.53656062176,5.0
5.74294297976,5.0
6.36696567732,8.0
5.84912912135,6.0
4.15349897838,5.0
6.78314730192,7.0
5.5607721207,5.0
6.72433446498,7.0
4.43510242872,5.0
5.57872305029,6.0
6.30212133867,6.0
5.63712896118,5.0
5.84483744011,6.0
6.04896461532,7.0
6.23217372878,5.0
6.30095322806,6.0
6.39696330525,5.0
6.01558636262,6.0
5.99663528539,6.0
6.80002818102,7.0
4.52929444148,5.0
6.30212133867,6.0
6.70622635774,5.0
6.52673473576,6.0
6.05654754488,7.0
6.0769761309,6.0
5.41018357742,5.0
5.73069714273,5.0
5.74830472901,5.0
5.65144736658,5.0
5.76102778386,5.0
5.55317697949,5.0
5.78672978324,6.0
5.39906532592,6.0
6.57621462656,6.0
4.99517159912,5.0
5.70330621682,5.0
4.10716536195,4.0
7.00786625604,7.0
5.91614105594,5.0
5.61544388139,6.0
6.26490307296,6.0
5.81096287513,5.0
6.77758832826,7.0
6.56395099505,7.0
5.63191870397,6.0
5.64818652969,5.0
6.30079906797,6.0
5.74962607301,5.0
6.13359682715,6.0
5.19363345613,5.0
6.17720207152,6.0
6.67462790967,6.0
6.46650546508,5.0
6.56459215929,6.0
5.65416090854,5.0
5.03312358989,5.0
5.77143158077,8.0
5.89866448671,6.0
6.22151704345,7.0
6.4035959057,5.0
5.62120614636,6.0
6.67929963571,6.0
5.98670978785,6.0
6.18251145135,6.0
6.7296414476,7.0
6.38548542493,7.0
6.10851704677,6.0
4.89447893225,5.0
6.95579155477,7.0
5.97036316981,5.0
4.93639048258,5.0
5.73492571515,5.0
6.68741894317,7.0
5.38575725017,6.0
6.08309747618,7.0
5.87885000069,5.0
6.0831942068,5.0
6.0642756254,6.0
6.54059086051,8.0
5.78576428098,8.0
5.04849359098,4.0
5.4801600362,6.0
6.4006184548,5.0
5.87937839412,6.0
5.68028719185,6.0
5.55510114395,5.0
5.95059514249,8.0
5.1968918414,5.0
5.5720446801,6.0
5.25005189118,6.0
5.56150098572,6.0
5.66584727698,5.0
6.36165641263,5.0
5.78109004684,5.0
5.65230521298,6.0
6.09930544882,6.0
5.95010326583,7.0
6.09671932915,7.0
5.64660102287,6.0
5.12675130945,5.0
5.46925425988,5.0
6.01791151686,7.0
6.04817907153,6.0
5.79394239861,7.0
5.22952033281,5.0
6.05510498259,5.0
5.87896551417,5.0
5.95466544228,6.0
6.22700064653,6.0
5.5685058252,4.0
6.1857914622,7.0
5.86193870188,6.0
6.87917079552,7.0
5.79796897451,6.0
6.16983632739,7.0
6.74389754489,6.0
6.66211587544,7.0
5.63991371444,5.0
3.65735279015,4.0
5.39828430632,5.0
5.79234937748,6.0
5.79416378186,6.0
5.95196547094,6.0
5.27403402872,5.0
6.32697256641,5.0
6.37862504155,7.0
6.1775893021,8.0
6.55188553889,7.0
5.86568014524,6.0
5.8627771051,6.0
5.53493719595,5.0
5.7025191958,5.0
5.43153402624,5.0
6.16395914183,6.0
6.0567732675,7.0
5.5724988725,5.0
6.08563607522,7.0
5.49591707041,6.0
6.41569281267,6.0
5.66852412558,6.0
6.12336951897,7.0
5.81800788458,7.0
5.44992946015,6.0
5.71736476982,6.0
5.35456104309,5.0
5.4166671979,5.0
5.49243440666,5.0
5.80682416192,6.0
5.83028814906,6.0
5.65946288633,6.0
4.72884907365,4.0
5.45501756833,5.0
6.00230957251,7.0
6.27285128049,6.0
5.67636041295,6.0
6.22377164216,6.0
5.48220432332,5.0
5.7250646345,5.0
6.77309929892,6.0
5.9741385547,7.0
5.79371309622,5.0
5.56302119506,5.0
6.04667131825,5.0
5.80771732961,7.0
5.23794753679,5.0
5.91323804674,6.0
5.70424186978,6.0
5.61811039855,3.0
6.51955773448,6.0
5.78528688201,8.0
5.74567866678,6.0
6.04174444858,6.0
4.76913107033,4.0
5.64103132825,5.0
5.70094072055,6.0
5.97632781861,7.0
6.16877052834,7.0
4.95791388482,5.0
6.06212974717,6.0
6.00403912983,6.0
6.15072222732,6.0
5.47849750449,5.0
5.74295583776,7.0
5.72870899453,5.0
6.98788220264,7.0
6.38918664217,7.0
5.74129914482,5.0
6.07587848576,6.0
6.28045085202,6.0
6.6617355655,7.0
5.91309403631,8.0
6.53093716554,7.0
5.28886169216,5.0
5.90981730194,8.0
6.21104202609,8.0
6.79440682451,7.0
6.21374111705,8.0
5.33582602404,5.0
5.57741744793,4.0
5.86066186789,6.0
5.68394874983,7.0
6.01357840497,5.0
5.86285201339,5.0
5.69361616772,6.0
6.75899239523,8.0
6.45302039788,7.0
5.47528861241,6.0
5.47195759915,5.0
5.97562000237,5.0
5.72706617336,5.0
5.54861608769,5.0
5.91224344651,6.0
6.05108996999,7.0
4.76910030091,4.0
6.16067160382,7.0
6.11620454213,6.0
5.69961481601,6.0
5.58028584641,5.0
6.33342472951,7.0
4.98498382324,4.0
6.14510853692,6.0
6.04234894157,6.0
5.66947760706,6.0
6.21520029732,6.0
4.87672357225,5.0
5.47662485942,6.0
6.70681535845,7.0
6.1176492841,5.0
6.69824633007,6.0
5.32401800224,6.0
4.9707930803,6.0
5.82122869294,7.0
6.79109818965,6.0
6.18406824934,6.0
6.54064609849,7.0
5.66313158802,6.0
5.80587748781,6.0
5.89648043334,6.0
5.13736272479,6.0
5.27993738533,5.0
5.31432117315,5.0
5.83809725726,6.0
6.03637172515,7.0
5.44786494349,5.0
5.49524686349,5.0
5.86758757032,6.0
6.83250558834,6.0
5.91952141969,6.0
6.40097989293,6.0
6.11377932554,6.0
5.74360408823,7.0
5.55456102443,5.0
6.07945097735,6.0
6.93078874162,8.0
5.88813729633,6.0
5.48242953792,6.0
6.94437419933,6.0
5.71611364249,5.0
6.37532196431,6.0
5.78142890908,6.0
6.77562115138,7.0
6.6636279246,7.0
5.65212098288,5.0
5.86657868762,6.0
5.56897955893,5.0
4.01082734697,5.0
5.88237774724,6.0
6.32553794933,7.0
6.10465698773,6.0
5.56575092182,5.0
6.64553561886,6.0
6.3296266516,8.0
5.53778372426,4.0
6.01185202054,6.0
5.9389455659,6.0
5.8857803492,6.0
5.04313362678,5.0
5.22009590595,6.0
6.4009818098,7.0
6.52960090112,6.0
5.81738786967,6.0
5.65710353775,6.0
5.17013775143,5.0
5.7854591992,7.0
5.53092673089,5.0
5.12374883879,5.0
5.75054368202,5.0
5.43857598047,5.0
6.4358752464,7.0
5.43154320336,7.0
5.45818930086,6.0
6.62702876176,7.0
5.969474436,5.0
6.3530494461,7.0
5.50959712095,6.0
6.31627962239,7.0
6.6104725819,7.0
6.38541824821,6.0
5.98888251179,6.0
5.92863480324,6.0
6.03251553797,6.0
6.08401055394,7.0
6.48921632718,5.0
5.95990970259,6.0
5.97023762475,6.0
5.3082143217,3.0
6.24930392783,6.0
6.73526599065,7.0
5.61036787683,5.0
5.92477234275,6.0
5.41214979384,4.0
5.91154989323,6.0
6.77891582175,7.0
4.96037331044,5.0
6.24686775296,6.0
5.2878398984,5.0
5.87325472755,4.0
5.82308039419,6.0
5.96485880145,5.0
6.02722024827,6.0
5.79224447203,7.0
5.60763921704,5.0
5.60677648576,6.0
6.60349488186,8.0
6.63593379303,7.0
5.91117103461,7.0
5.80268648496,6.0
5.61434660268,5.0
5.92019247811,6.0
5.6807395809,6.0
5.78458400373,6.0
5.54423845278,5.0
6.72658865957,6.0
6.0630311241,7.0
5.81811506525,7.0
6.02654837444,6.0
4.99795002683,5.0
5.93859632396,6.0
6.09641260516,5.0
6.79071177397,7.0
5.64451581441,6.0
5.5018505853,5.0
5.86137041962,5.0
6.16564277391,5.0
5.97581149059,6.0
5.67074196142,7.0
6.09158161811,5.0
5.8517794562,6.0
5.54099878225,5.0
5.72725213891,6.0
5.31405772761,5.0
5.5048390342,5.0
5.29433865595,6.0
5.69990375346,6.0
5.59026493062,6.0
5.69492677324,5.0
6.29682939434,7.0
5.67852137724,5.0
5.77310858249,5.0
6.49650727127,7.0
5.46941548572,6.0
5.81577091027,6.0
6.5323752357,7.0
5.96219295901,6.0
6.31664916875,6.0
5.33743560929,5.0
5.25126278392,5.0
5.26899261358,5.0
6.56818379146,8.0
5.38433757758,5.0
6.52504315785,7.0
5.60195249263,6.0
5.75634322603,6.0
6.23547257543,8.0
6.07369366937,6.0
5.22039149501,6.0
6.1176492841,5.0
5.48621754699,6.0
6.22585891366,6.0
6.30818683914,7.0
6.20968110182,6.0
6.29167181087,6.0
6.43320875501,7.0
5.64710912438,7.0
6.13774956763,6.0
6.25720096528,6.0
5.36288592413,5.0
5.52697651035,6.0
5.92163300991,5.0
5.74935079604,5.0
6.67594778137,7.0
5.79688113736,6.0
5.95624691971,5.0
5.66313158802,6.0
6.11277222234,6.0
5.26394845147,5.0
5.53802685076,5.0
6.1575799079,6.0
5.7551275054,5.0
6.73067096763,7.0
4.85246980678,5.0
6.04370185997,4.0
6.63963755425,6.0
6.03558826847,6.0
5.30906665102,6.0
5.67249767818,5.0
6.31673332089,6.0
5.59190298258,6.0
5.62680424738,5.0
5.71047703667,5.0
5.75091636223,6.0
6.61854951674,7.0
6.15081138242,6.0
6.05001707245,6.0
6.63448347181,7.0
6.76656257998,6.0
5.42010785431,5.0
6.45991659383,8.0
5.85058767864,7.0
5.872418195,5.0
6.51988428523,6.0
5.70614542824,5.0
5.2996398517,4.0
6.95278623571,7.0
6.01439493849,6.0
6.00837944859,6.0
5.37014537846,5.0
5.57753657096,5.0
6.68949406863,6.0
5.68302432634,5.0
5.92837405446,6.0
5.94338062277,6.0
5.65655758911,5.0
6.14771885525,6.0
5.83986472156,6.0
5.92968378801,7.0
4.27537088882,5.0
5.51852612579,6.0
6.14220692268,6.0
5.77268329611,5.0
6.05265818965,5.0
5.42194177909,5.0
5.52395867583,6.0
5.59078037199,5.0
5.64381271067,6.0
6.073383587,6.0
6.65654092561,7.0
5.73999228336,7.0
6.13058276333,7.0
6.07144386172,6.0
5.50587626154,5.0
5.7357091223,6.0
6.6643863173,7.0
4.20796575104,5.0
6.47119886937,7.0
6.16583553131,6.0
6.73626103329,7.0
6.47347601449,7.0
5.30395741338,6.0
5.59192764188,5.0
6.27947266905,6.0
5.50072225768,7.0
6.01777884199,6.0
6.90429792429,6.0
6.78904010941,6.0
6.07976067126,6.0
5.3358341853,5.0
6.90497503431,7.0
6.90833109767,6.0
5.88662228806,6.0
5.55731624837,6.0
6.51129847941,7.0
5.25087551849,5.0
5.86193870188,6.0
5.66942702909,6.0
6.50547168566,7.0
4.80172224756,6.0
5.5910883862,6.0
5.56169536164,5.0
6.17956177515,7.0
5.34499482427,5.0
5.650219464,5.0
6.30774272355,6.0
4.65737593692,6.0
6.62677829284,8.0
5.93339691038,5.0
5.54507360984,5.0
5.59192764188,5.0
5.8163469697,6.0
6.01849456577,6.0
5.66584727698,5.0
6.3235736179,5.0
5.12995001378,5.0
5.65307945404,6.0
5.95640781246,6.0
6.06576087314,5.0
5.88106235983,6.0
5.74830472901,5.0
4.96805380537,5.0
6.05139771945,6.0
5.92894736396,4.0
6.72857248804,7.0
5.78727626954,6.0
6.03680093159,7.0
5.58613083719,6.0
4.87892908159,5.0
5.49084871681,5.0
5.08037404033,5.0
5.90341334734,6.0
6.00423699558,6.0
5.25341824426,5.0
6.6118528306,7.0
6.63929264462,6.0
5.53609170005,5.0
5.81188188643,5.0
6.70424820167,6.0
6.24618341562,6.0
5.40768231429,5.0
5.03792158901,5.0
5.60469185393,6.0
5.74067734247,5.0
6.50273290767,7.0
5.58169596945,6.0
5.7915401251,6.0
5.67620884989,6.0
5.72461127354,5.0
5.78571960157,6.0
5.63118016472,6.0
5.71221345442,7.0
5.43061432614,6.0
6.67929963571,6.0
5.31863198576,5.0
6.02615483958,7.0
6.2383551627,7.0
5.54427376761,6.0
5.4566304153,6.0
5.92019247811,6.0
4.82641493891,5.0
5.64266560704,6.0
5.70593771881,6.0
5.42081057071,5.0
6.54334360137,7.0
5.62572713035,6.0
5.60823765929,7.0
5.50478074034,5.0
6.20239592575,6.0
6.58330925997,7.0
5.81853651822,6.0
6.06203643229,5.0
5.95792814855,6.0
6.19911237693,7.0
6.01235076405,6.0
5.80242264307,6.0
6.86788518143,7.0
5.98006474095,6.0
5.70792475369,6.0
5.49591707041,6.0
5.7854591992,7.0
5.79724061978,7.0
5.73508318168,6.0
5.76376056541,6.0
5.57728716518,6.0
5.81620813864,5.0
6.62379526302,7.0
6.58630854944,6.0
5.99964056126,6.0
6.46456582366,6.0
5.9996501466,6.0
6.40313849496,6.0
6.83475513939,7.0
5.93588213942,6.0
4.4179874836,5.0
6.08212722881,6.0
5.65864023563,6.0
5.64605748516,6.0
5.79390523472,6.0
6.21880550196,6.0
5.52968198647,6.0
5.58435845808,5.0
5.47203435794,5.0
5.19998304841,5.0
6.66013281262,8.0
5.73902781372,6.0
6.58655456946,7.0
6.02485974973,7.0
5.47877027454,5.0
5.54549267609,5.0
6.44766488848,7.0
5.44784388391,5.0
5.72258507401,6.0
6.24112607986,5.0
5.90234001147,7.0
5.39994260123,5.0
5.86382299841,5.0
5.88301903883,6.0
6.0916401343,6.0
5.96038067557,7.0
5.96104615694,6.0
6.19354072979,7.0
5.48282195005,5.0
6.18849601932,6.0
5.97982196309,6.0
6.15667632469,6.0
6.58191459625,7.0
5.82721016723,5.0
6.90253764687,7.0
6.75374359418,6.0
5.80871958575,6.0
5.82313037268,7.0
5.70485372681,5.0
5.75568869972,6.0
5.22002594208,5.0
5.81577534819,3.0
6.3235736179,5.0
5.53609170005,5.0
5.7222840513,7.0
5.5733376325,5.0
5.6656829162,6.0
6.4730663631,5.0
6.771188652,7.0
5.76208029972,6.0
6.14966386179,7.0
5.81813366961,6.0
5.83819856883,6.0
5.75443229685,6.0
5.1370645385,4.0
5.57478193396,5.0
6.65089893627,6.0
5.69912257085,6.0
5.721694922,5.0
5.55467033398,6.0
5.66083707691,6.0
5.37713761456,6.0
6.40925560476,7.0
5.50201248587,5.0
6.22505901338,6.0
6.36356861795,7.0
6.6636279246,7.0
5.75448006607,6.0
6.60412513617,6.0
5.69775327915,7.0
5.93529730977,7.0
5.37996414498,5.0
5.79394239861,7.0
4.84191891651,5.0
6.08554467196,6.0
5.56455324119,5.0
5.66444114135,5.0
5.50319748271,6.0
6.17808612506,6.0
6.35063618437,6.0
5.84814393792,6.0
4.47002210838,5.0
5.48029582477,5.0
5.76253600707,6.0
6.1612761952,6.0
5.89269036601,6.0
6.30384990297,6.0
5.78576428098,8.0
5.82157437961,6.0
6.0839281819,6.0
5.84048550835,6.0
6.23460751429,6.0
5.10972343687,5.0
5.97621757292,6.0
5.4816439519,5.0
5.60823765929,7.0
6.0842679336,6.0
5.67235622515,6.0
5.4166671979,5.0
5.63906519568,5.0
5.67340664862,6.0
5.58681290926,6.0
6.31857138193,7.0
5.8997111092,7.0
5.70642147956,5.0
5.99358582192,5.0
6.1168442929,6.0
5.93888416306,6.0
6.76880286237,7.0
6.20317041861,6.0
6.29718214758,7.0
5.24271620341,5.0
5.47252303624,5.0
6.09128901511,5.0
5.30906665102,6.0
6.78901179529,6.0
6.19025840913,6.0
5.85722403771,6.0
6.71220718942,6.0
5.45578313804,6.0
6.05166098293,7.0
5.63842207346,4.0
6.62197606719,5.0
6.67116328429,7.0
6.4730663631,5.0
5.81811506525,7.0
6.26897244725,6.0
5.5441424621,6.0
6.19015979488,6.0
5.03871716227,5.0
6.09787781537,6.0
5.24512544837,5.0
5.97783995393,6.0
5.66814152911,6.0
5.99261447415,6.0
5.57741496456,6.0
6.31307742711,6.0
6.09128882751,5.0
5.51811848768,5.0
5.61078645723,8.0
5.18307512936,5.0
5.94801074037,5.0
6.14220692268,6.0
5.98053697154,7.0
5.19046101997,5.0
5.96874890148,5.0
5.33539369138,5.0
5.63806578544,5.0
6.161564199,7.0
5.89853886492,6.0
5.49938525053,5.0
5.59570824812,4.0
6.37895530111,7.0
5.68922024241,5.0
6.57105936861,8.0
6.09671932915,7.0
5.99317727861,6.0
5.81699462217,6.0
4.34234120732,5.0
5.85911725319,5.0
6.05346403256,6.0
5.84285282614,6.0
5.73178426946,6.0
6.34136242526,7.0
6.14596831517,6.0
6.11148077581,7.0
5.99949304914,7.0
5.91115262173,6.0
6.60436526741,7.0
6.1838994875,5.0
5.80007149667,5.0
5.6008039657,6.0
5.19753997927,6.0
5.95221401208,6.0
5.45714781773,5.0
6.4797590303,6.0
5.46021402482,5.0
5.66490440966,6.0
5.80734664039,3.0
5.64969921072,6.0
5.75990904092,6.0
5.51548799108,5.0
6.65565315846,7.0
6.6206146454,6.0
5.15411021422,4.0
5.87909833012,5.0
5.61277728755,6.0
6.96373017683,7.0
5.98810142379,6.0
5.85174132173,7.0
5.50427173937,5.0
5.28691558283,5.0
5.75101401682,6.0
5.67922073927,6.0
5.87250638158,6.0
5.89648043334,6.0
5.92340199253,6.0
5.98984070777,6.0
5.77403695509,6.0
6.54312576152,7.0
6.35419677271,7.0
5.91765335888,5.0
5.58299977347,6.0
6.22425651067,6.0
5.60803186098,5.0
5.14330679722,6.0
6.63993945931,8.0
5.76622924413,6.0
5.75833699184,6.0
5.77208728698,6.0
6.18849601932,6.0
6.49534366212,7.0
5.28338511616,5.0
5.74308589372,6.0
5.26282921513,5.0
5.22684021299,5.0
5.64335388098,6.0
6.64687375509,6.0
5.99496740302,6.0
5.65042659741,6.0
6.14547989132,7.0
5.11315659584,5.0
5.67779881098,6.0
6.60906316909,7.0
6.06203643229,5.0
5.40114989858,5.0
5.68794114592,6.0
5.45545071818,5.0
5.1879507345,6.0
5.67387885482,6.0
5.67550679025,5.0
6.53819317988,6.0
6.12897016166,6.0
5.70047999258,6.0
5.3850943043,7.0
5.89374818129,6.0
5.62421322468,5.0
5.97199480996,6.0
6.65183146297,7.0
5.59829540557,5.0
6.87981537674,6.0
5.79289411899,6.0
5.77717056959,6.0
5.71099701757,5.0
5.67079116511,6.0
5.83297248101,5.0
5.43279864861,5.0
5.90234001147,7.0
5.14536080754,5.0
5.9003041182,6.0
5.74975840159,5.0
6.15415841656,7.0
6.24502156782,6.0
6.65565315846,7.0
6.63793022238,6.0
5.61898927678,5.0
5.91257843851,5.0
5.75101401682,6.0
5.70485372681,5.0
6.50388028965,6.0
5.6804455433,5.0
6.75899239523,8.0
5.67416883367,6.0
6.18221794872,6.0
5.77435854659,6.0
6.0890572021,5.0
6.10877129551,5.0
5.55583542986,6.0
5.40311428628,6.0
5.52395900271,6.0
6.40945339742,7.0
5.59147195455,5.0
5.99301604493,6.0
5.02110382091,6.0
5.50966432724,6.0
5.49261367792,5.0
5.98753779125,5.0
6.33207386456,6.0
5.56706581574,5.0
6.19382732308,5.0
5.59026493062,6.0
5.64240459596,5.0
5.91360880617,8.0
5.72232571921,6.0
6.49567835634,7.0
5.54338244695,5.0
6.60100108678,6.0
5.5943830131,6.0
6.64409708823,7.0
5.4483540089,6.0
5.8172441057,7.0
6.161564199,7.0
5.55278554643,8.0
5.89917190576,6.0
4.76221823739,4.0
5.55666804076,5.0
6.18720267214,6.0
5.98694150648,6.0
4.78284217171,6.0
5.72870318387,6.0
6.48709130337,7.0
5.8363390243,6.0
5.78528688201,8.0
6.44630150919,7.0
5.68767555331,6.0
5.85838816878,6.0
5.63607741197,5.0
5.8048054862,6.0
6.43188375733,7.0
5.49308116784,6.0
5.66779096875,6.0
6.65015968787,6.0
6.70844114393,6.0
5.49089928769,5.0
5.78877409084,5.0
6.39227764974,6.0
5.7236997775,6.0
6.2299235302,6.0
5.98999550388,6.0
5.93811567792,7.0
5.30135809796,4.0
5.6614874714,5.0
6.98363825983,7.0
6.35599130687,7.0
6.60699277353,6.0
6.20614718858,6.0
5.16339336429,6.0
6.94631197383,8.0
5.72082135931,7.0
5.22139389439,6.0
5.58566765221,5.0
5.90617888524,5.0
6.16004382029,5.0
5.77505646852,7.0
6.14302592716,6.0
5.47528861241,6.0
5.54874135393,4.0
6.49649982042,7.0
4.54477756203,6.0
5.58599493301,5.0
5.52968198647,6.0
5.63351433464,5.0
5.63123028899,5.0
5.67184220773,5.0
5.66065230407,5.0
5.48974625196,4.0
5.81411293166,6.0
5.46929041255,5.0
5.91070153517,6.0
6.77650063281,7.0
5.89395172417,6.0
5.79395761758,6.0
6.51487404985,7.0
5.37044812953,6.0
6.01830902475,6.0
6.29673577772,7.0
6.85967636584,8.0
6.24138906264,6.0
6.00463718811,5.0
5.75339946165,5.0
6.61731748419,6.0
5.04603506329,5.0
5.66083707691,6.0
5.85366076111,6.0
5.60823765929,7.0
5.06193210804,5.0
5.87250638158,6.0
6.17984494186,6.0
5.86402609793,6.0
5.51842235487,6.0
5.79810288938,5.0
