5.60764910977,6.0
5.36408112421,6.0
5.79596874692,6.0
6.25838739646,6.0
5.75635875573,6.0
5.52384653709,6.0
5.87780182132,5.0
5.46596736637,5.0
5.99372936899,6.0
5.78543753233,6.0
6.00294633445,6.0
5.35313229249,6.0
5.31124430833,5.0
6.47530569893,7.0
5.81267705181,5.0
5.7786010124,6.0
5.45711704851,5.0
5.37155389167,5.0
5.8767011558,6.0
6.27465243281,7.0
6.32884157341,6.0
5.21988547341,5.0
6.36113048776,6.0
6.05929162213,6.0
5.44399098468,5.0
6.42367415319,6.0
6.15649253517,5.0
5.78135268952,6.0
5.56862247123,5.0
6.21543261374,7.0
6.23331299822,6.0
5.95837134697,5.0
6.41022939776,6.0
6.43204726136,6.0
6.08123257791,5.0
5.68374082024,6.0
6.06487468002,6.0
5.62962389952,5.0
5.35174434914,4.0
5.88205555505,6.0
5.59539495818,6.0
5.02006226714,6.0
5.97475282395,6.0
5.82275494293,6.0
6.29476209208,6.0
5.57326138525,5.0
5.6502540896,5.0
6.03796334406,7.0
5.7843198358,5.0
6.44005629808,7.0
6.18669915504,6.0
6.47447476245,6.0
6.74101011192,7.0
6.44379022229,7.0
5.71900065313,5.0
6.74230391979,7.0
5.70507424209,6.0
5.81688612838,7.0
6.04418663567,5.0
6.29196423865,6.0
6.17974734046,6.0
5.07447895133,6.0
5.44890367098,6.0
6.11044590316,5.0
5.87008533015,5.0
6.18317041349,8.0
5.57361634545,5.0
6.51012988156,8.0
6.45938364731,7.0
5.30769471129,5.0
5.88272171372,6.0
6.69281547588,7.0
5.68630439222,7.0
5.65226484259,5.0
5.88410820032,6.0
6.07354830646,6.0
6.16027450439,6.0
5.47771678276,5.0
5.47874994999,5.0
5.62172698544,6.0
6.70992976161,6.0
5.45736741705,5.0
5.27548606123,6.0
5.98076669465,6.0
6.20635063533,8.0
5.82196241432,6.0
6.06799333093,5.0
6.61087284085,7.0
6.12562662606,8.0
5.98391806952,6.0
6.04698668684,7.0
5.30093502485,6.0
5.32062928383,5.0
5.77185676198,8.0
5.39649298088,5.0
5.91364347534,7.0
5.76623441467,6.0
6.03583854671,6.0
5.59122045066,5.0
6.35442398875,5.0
5.93112510251,7.0
5.49111154337,5.0
5.61900601056,6.0
6.36968749729,6.0
5.15351524397,6.0
5.64129268821,5.0
5.55138147629,6.0
5.68335256161,5.0
5.52210393856,6.0
6.61682366559,7.0
5.57622553675,5.0
5.87828739709,6.0
6.01056403098,7.0
5.24430244658,5.0
5.27738017913,6.0
6.01478653068,5.0
6.03724755994,6.0
5.69068600746,6.0
6.4787616109,6.0
5.52232233974,5.0
6.47319763213,6.0
6.14086506241,7.0
6.13251292799,7.0
6.1872949961,6.0
5.39247857957,5.0
6.13540351773,6.0
5.54506851677,7.0
5.88205722495,6.0
6.48420665333,7.0
5.99294813177,6.0
5.9028439588,6.0
6.00928119362,7.0
5.67627692433,5.0
6.54475565198,7.0
6.01057408118,6.0
6.90854412108,7.0
5.9181944289,5.0
5.78135268952,6.0
5.56705049832,5.0
5.54731044161,6.0
6.6160058349,8.0
6.55198384196,7.0
6.13090501024,7.0
5.57938523526,6.0
5.29431717861,6.0
6.03205300065,7.0
5.44929734612,6.0
5.67847548106,5.0
5.48538471807,5.0
5.52005801398,5.0
5.85570442105,6.0
6.22727559048,6.0
5.7187872257,5.0
5.43889506013,6.0
5.94553485994,6.0
5.684035506,6.0
6.31474094718,6.0
5.38093518904,6.0
5.39710164983,4.0
5.28408336835,6.0
6.1945773032,7.0
5.34579259035,5.0
5.39338938348,6.0
5.54847229845,6.0
5.9665978297,5.0
5.36827095257,5.0
6.4145839598,5.0
5.8014747729,6.0
5.72878469415,6.0
5.87349310638,5.0
5.90117179082,5.0
5.69320145238,6.0
5.60900340288,6.0
5.33238374398,5.0
6.50729909097,6.0
5.06065216453,6.0
5.32550445299,4.0
5.98935574345,6.0
5.75304729641,6.0
5.9370042005,6.0
6.02365395346,6.0
5.24269765672,5.0
6.00621501259,6.0
6.06406237037,5.0
5.75194826863,8.0
5.67048490741,6.0
6.05203744123,7.0
5.41569348141,6.0
6.27951861393,7.0
5.49444022347,5.0
5.81082322736,5.0
5.16673776863,5.0
6.60519460305,6.0
5.37211858059,5.0
5.71043701491,5.0
5.83800923897,6.0
6.18284984162,6.0
5.44797542657,5.0
5.31701309152,6.0
5.47381931183,5.0
5.93321036349,6.0
5.83039880826,6.0
5.247991775,5.0
6.72028302802,6.0
5.35578162483,6.0
5.53187436957,6.0
5.75537252529,5.0
6.35445286319,6.0
5.27378582728,5.0
6.2742260877,6.0
5.47117223423,6.0
5.99680051108,6.0
6.39579025,8.0
5.91840219066,6.0
5.48459472843,5.0
5.5802043678,6.0
4.96295947334,5.0
5.66789239659,5.0
5.97372899809,7.0
5.96148597453,5.0
4.92334371675,5.0
6.06263528881,6.0
6.02626700956,6.0
6.07140003918,6.0
5.77339812356,4.0
6.58438314395,6.0
6.5367586886,7.0
5.38905495373,4.0
6.27526010481,5.0
4.85092069923,5.0
5.99592010356,8.0
5.58024255602,5.0
6.17579640733,7.0
5.87662142254,6.0
6.19857478541,7.0
5.98746809343,6.0
5.63416617957,6.0
5.49706894749,5.0
5.66245043994,5.0
6.17888985592,6.0
5.11298276432,5.0
4.97545243899,5.0
5.53103323435,6.0
6.07761996808,7.0
6.16598191507,6.0
5.97297503828,5.0
6.45094065357,6.0
6.07140003918,6.0
6.36409072187,6.0
6.18760086766,6.0
6.70488863455,6.0
6.11325867731,6.0
5.58642871766,6.0
5.9881203664,7.0
4.82145148102,6.0
5.32405919576,7.0
5.80651268965,6.0
6.17252512725,7.0
5.57782070832,7.0
5.77321848519,5.0
6.29476209208,6.0
5.70716523445,6.0
5.31359440707,7.0
5.33688555451,5.0
5.42876569077,4.0
5.46958010063,5.0
6.07240531515,5.0
5.4209050652,4.0
4.9746359224,6.0
5.55962470534,4.0
5.13362549491,5.0
6.51377176575,7.0
6.36772884574,7.0
5.71831659753,6.0
6.06020974356,5.0
5.55724633972,5.0
5.74999886305,6.0
5.89681591189,6.0
5.46369783812,4.0
4.81908892781,5.0
6.70519614767,6.0
5.78807542782,4.0
6.06799333093,5.0
5.93218200627,5.0
5.30556489761,6.0
5.63299862004,6.0
5.41951397937,5.0
5.71927652351,6.0
6.50878104043,8.0
6.34439129444,7.0
6.52634115899,5.0
6.39154634291,7.0
5.55463196533,5.0
6.26401823602,6.0
5.42649348094,5.0
6.33892535676,6.0
5.40670430707,4.0
5.68926014592,6.0
5.79456964162,6.0
5.824707869,6.0
6.14486470701,5.0
5.90495705801,7.0
5.63059390289,6.0
6.01057408118,6.0
6.15093123421,7.0
5.91439273312,6.0
5.82600631742,6.0
5.40239778841,4.0
5.68222601272,5.0
5.70941080621,5.0
5.80274471655,6.0
7.10066263647,8.0
5.80240290449,6.0
5.58866125396,6.0
6.67460527856,7.0
5.88322962355,6.0
5.61352891554,6.0
5.54628935582,5.0
5.49104426121,6.0
6.25279972223,6.0
5.56627074648,5.0
6.12929359679,4.0
6.64296169963,7.0
6.08763742629,5.0
5.34484375676,6.0
6.02253424778,5.0
5.1550190159,5.0
5.48507104638,4.0
5.06641156662,4.0
5.75635875573,6.0
5.40158971031,5.0
5.33723232798,5.0
6.25933430556,7.0
6.60519460305,6.0
5.71043701491,5.0
6.16762345617,6.0
5.68681379153,7.0
5.54989982913,6.0
5.19964201185,5.0
5.87402150465,8.0
6.17168150354,6.0
6.10934280715,5.0
6.32901871142,6.0
6.05489168709,7.0
5.47323393311,5.0
5.35874755515,5.0
6.40644153306,6.0
6.54847498912,8.0
5.1167938448,5.0
5.47049210001,5.0
7.01790837582,8.0
5.89374055333,5.0
5.54949936626,5.0
6.73228747353,7.0
5.49180619572,6.0
6.32418466244,6.0
6.26148547878,7.0
5.32371514935,5.0
5.51186425659,5.0
5.60109412837,5.0
5.9959181781,5.0
5.36355598917,5.0
6.02175293932,6.0
5.14494720123,4.0
5.97013545706,5.0
5.19517780099,5.0
5.26361068503,5.0
5.65073934982,6.0
6.90345161633,5.0
5.65583561576,6.0
6.61168877501,7.0
5.63056002001,5.0
5.62760368374,6.0
6.05352787476,5.0
5.24418905358,5.0
5.59201680749,6.0
6.23569585821,6.0
6.53045756708,7.0
6.22361507486,6.0
6.05489168709,7.0
6.16509414919,6.0
5.56099015388,7.0
6.06020974356,5.0
6.61726568495,7.0
5.684035506,6.0
6.59031913799,6.0
6.44011331999,5.0
5.47252873075,6.0
5.70320619911,6.0
5.38438293797,5.0
5.53968165036,5.0
6.18513617373,5.0
6.1623059291,6.0
5.82275494293,6.0
5.48039975166,5.0
5.91468487048,6.0
5.40683949358,6.0
6.49026308705,8.0
6.5459548827,8.0
5.73377242138,7.0
6.64867343289,7.0
6.29692339124,7.0
6.2077157352,5.0
6.6190816962,7.0
5.47433861053,5.0
5.4554678275,5.0
5.88974724333,6.0
5.16243010129,5.0
5.32659469163,6.0
6.33018942122,7.0
6.32301615188,5.0
6.10649937333,5.0
6.10080635627,6.0
5.63006043953,5.0
5.56206077185,6.0
5.88724524074,6.0
6.0371366282,5.0
6.03657186245,6.0
6.14155080274,7.0
5.73345305012,6.0
5.1141152688,5.0
5.80964126323,5.0
6.87304717153,6.0
6.06423502689,5.0
4.95656707702,7.0
5.53555676926,6.0
5.95523632346,7.0
5.61672275725,5.0
6.18943305283,6.0
6.25120416087,6.0
6.00002656133,6.0
6.07732851841,6.0
5.61905427598,5.0
6.14717509388,5.0
5.32501027225,5.0
6.33996217072,7.0
6.05341540114,7.0
4.94960495763,6.0
6.52345629368,7.0
5.61964123054,4.0
5.77579952108,6.0
6.18893059952,8.0
5.56295261223,6.0
6.41328912038,7.0
5.80215465282,4.0
6.90858865728,7.0
6.10565714271,6.0
6.43212629466,7.0
5.90401449754,7.0
6.09364150356,7.0
6.40825363219,7.0
6.1945773032,7.0
5.41444508579,6.0
5.69075921187,6.0
5.46623546316,5.0
5.06390395064,5.0
5.66387427093,6.0
6.56471966383,8.0
5.9429582764,5.0
5.93118721243,5.0
6.84101795291,7.0
5.89289970073,5.0
5.46266467158,5.0
4.93389098041,5.0
5.84206763316,6.0
5.33210486919,6.0
6.15469106132,7.0
5.45603647637,5.0
5.90021995921,5.0
5.16052289018,5.0
5.7729652184,5.0
5.38346503488,7.0
6.47024047504,6.0
6.32408682126,6.0
5.46191938035,5.0
6.00155628835,5.0
5.9064179445,6.0
5.38934168895,5.0
5.49706894749,5.0
5.3159024279,6.0
5.2654226114,5.0
5.24430244658,5.0
5.03595265453,5.0
6.38816382737,7.0
6.50462732415,7.0
5.75967683432,5.0
5.5229132651,5.0
6.1610065329,8.0
6.56423250488,7.0
5.52210468828,5.0
6.28655217781,7.0
5.43171565114,5.0
5.9069661842,6.0
6.15473561507,6.0
5.63267932865,4.0
6.10868197927,6.0
5.93891650661,5.0
5.38419405552,6.0
5.55701287116,5.0
6.76142581618,6.0
6.49353893304,6.0
5.59064931926,7.0
4.86096645111,5.0
5.49111154337,5.0
5.13579519035,5.0
6.00313402201,6.0
6.27161457159,6.0
5.67244643566,6.0
5.88643533575,5.0
6.38459700109,6.0
6.4205908907,6.0
5.21761622474,6.0
6.36772884574,7.0
5.73444878946,6.0
6.38595743438,6.0
6.09437656052,6.0
6.84856555155,7.0
6.16478825039,6.0
5.40851563608,5.0
5.62736766479,6.0
5.66184863229,6.0
5.96513972465,6.0
5.46438532114,5.0
6.17271270118,6.0
6.51413413782,6.0
5.32219448137,5.0
5.55534921091,6.0
6.65422455565,7.0
6.66290458197,7.0
6.41420407939,6.0
5.40006022303,5.0
5.74682802945,6.0
5.36713082812,5.0
5.17588551737,5.0
5.8098845774,6.0
6.01726459801,6.0
5.27213250234,5.0
5.78707132553,6.0
5.61379794475,5.0
5.88527524108,6.0
4.82905761039,5.0
6.19214957863,6.0
6.00737119625,6.0
5.93369785726,5.0
5.85241729748,6.0
6.37959239939,6.0
5.4197835169,6.0
4.88974159383,6.0
6.36528973343,7.0
6.10609702932,7.0
5.45663662564,6.0
5.13235144528,6.0
5.37426214402,5.0
6.16937593455,5.0
5.95394385448,7.0
6.57326137207,6.0
5.37729840783,5.0
5.44207428906,6.0
5.69299164114,5.0
5.32212534792,5.0
5.58602533069,6.0
5.92719087293,5.0
5.33695533703,5.0
5.45271080792,6.0
5.71734414057,6.0
6.31255293043,6.0
5.20930189904,5.0
5.80240290449,6.0
5.90498429762,6.0
6.53333206451,6.0
6.16044789605,7.0
5.5422204779,5.0
5.45243771357,5.0
4.91917243212,4.0
5.46636152875,5.0
6.11607002455,6.0
6.45699857191,6.0
6.19036715063,7.0
5.90314401046,7.0
6.50462732415,7.0
5.64472580114,6.0
6.51239088053,7.0
5.53146070092,6.0
5.98634766871,5.0
6.44903636128,7.0
5.62203132218,6.0
5.50197205406,6.0
5.91051124607,5.0
5.36331538065,6.0
5.82097658439,6.0
6.53629798788,6.0
5.32247138059,5.0
6.12562662606,8.0
5.94396194425,6.0
5.5625673275,5.0
5.42752578376,4.0
6.41963950922,6.0
5.96572659769,6.0
5.14427516445,5.0
6.42466277409,7.0
5.8735672272,7.0
5.27292054559,5.0
6.08469189783,7.0
6.14651477026,5.0
6.16703899018,7.0
6.8299471043,7.0
5.5170454622,6.0
5.58603477328,6.0
6.00672283838,5.0
6.47617381965,6.0
5.86694214647,5.0
6.14319553931,7.0
5.46700245283,5.0
6.11672904294,6.0
6.09954316521,7.0
5.36229581219,5.0
6.17487759168,7.0
5.56494689465,6.0
5.51632907693,6.0
6.14803071076,6.0
5.60709213639,5.0
5.39001336663,5.0
5.38739941151,5.0
6.37875185842,7.0
5.93609463495,6.0
5.81724022794,6.0
5.43470986061,5.0
5.38294965491,6.0
5.54949936626,5.0
5.49987273236,5.0
5.18796557707,5.0
6.53399488524,6.0
5.45271080792,6.0
5.64531105637,5.0
5.88927568519,6.0
6.37726927811,8.0
5.6962461152,5.0
6.02407654707,6.0
5.54141902659,6.0
5.81189214253,6.0
5.07183159446,5.0
5.91665055459,5.0
6.53994351047,6.0
6.04268366481,7.0
6.03033141742,8.0
6.11807792449,6.0
6.13332189653,6.0
5.38936532488,6.0
5.97710223367,5.0
5.36168350389,6.0
5.34366454747,5.0
5.92270662093,6.0
6.15273823651,6.0
6.2312939873,6.0
6.02013355151,6.0
5.73953341525,5.0
5.17801174777,5.0
6.39233912584,7.0
6.50556226536,6.0
6.34569405594,6.0
5.01786704485,5.0
6.37854656194,6.0
6.15581745769,3.0
5.49582952926,6.0
5.96373563624,6.0
6.04926137431,5.0
6.15161686289,6.0
6.01262728396,6.0
5.7009889939,6.0
5.54318168731,5.0
6.55208946751,6.0
4.85351217611,6.0
5.59122045066,5.0
6.06038558153,6.0
6.04595328026,8.0
6.02175293932,6.0
5.62740495017,4.0
6.55065701221,7.0
6.34521848375,6.0
6.56258338617,6.0
6.38292628859,6.0
5.80423109195,5.0
6.82460000748,6.0
5.93302624438,7.0
5.39064477542,6.0
6.00672283838,5.0
6.30835269691,6.0
5.13579519035,5.0
6.31340267954,6.0
5.0683240373,5.0
6.00481879842,5.0
5.52646696223,6.0
5.24104396596,6.0
5.50197205406,6.0
6.01218400454,6.0
5.59120776827,5.0
5.33505739922,4.0
5.67150831596,5.0
5.80868581867,5.0
5.81301872334,6.0
5.91153917192,6.0
6.19036715063,7.0
5.30240242525,5.0
5.3631276483,5.0
5.76862940615,4.0
5.48784648143,6.0
5.6275677872,6.0
5.75775049087,5.0
5.28880044978,5.0
5.36088277619,5.0
6.01848866336,6.0
6.43545203588,6.0
6.69673589227,7.0
5.57270297502,6.0
6.66290458197,7.0
6.10395219278,6.0
5.16179063101,5.0
6.16806264818,7.0
6.16044789605,7.0
5.65312274051,5.0
6.01450772629,7.0
6.07140003918,6.0
5.92241317703,6.0
5.59893856137,6.0
6.1596097121,6.0
6.24447008956,7.0
5.16441777196,6.0
5.49415139997,5.0
6.45262824006,7.0
6.61189202156,7.0
5.86848188863,7.0
5.63063175985,6.0
5.42756863979,5.0
5.55507142149,5.0
5.57684001032,5.0
5.8055591957,6.0
6.06839037074,7.0
5.3635407928,6.0
5.91364347534,7.0
6.18524369557,6.0
5.07010514795,4.0
6.16141814378,7.0
5.40332143824,5.0
6.08566271897,6.0
5.8152560306,6.0
5.57684001032,5.0
6.73866667673,8.0
5.82032287838,6.0
4.76261829125,4.0
6.38339661673,6.0
5.78460469455,7.0
6.6825673409,8.0
6.25933430556,7.0
5.0304547435,5.0
5.43925692848,6.0
5.4761168743,5.0
5.28446665996,5.0
6.19994758862,6.0
6.71634364388,6.0
6.39552543648,6.0
6.33996217072,7.0
6.46143474859,6.0
6.44400463829,6.0
6.03025678566,5.0
5.81131188512,7.0
6.39343744033,7.0
6.27195048697,7.0
5.72153785772,5.0
5.65284790483,5.0
5.53818945663,5.0
6.91078072527,7.0
5.31376015551,6.0
5.68639143006,7.0
5.64397398524,5.0
6.42147309696,7.0
6.19085559255,6.0
5.51632907693,6.0
6.76442847978,6.0
5.97356942669,6.0
5.63172176141,6.0
5.38038268696,5.0
5.34886216781,6.0
6.70310729284,7.0
6.67858042954,7.0
6.12480576512,7.0
5.63360478297,5.0
6.48309938241,6.0
5.5195704194,5.0
5.36334142062,5.0
5.92055757159,7.0
5.26593236142,5.0
6.09420840714,8.0
5.68744935825,6.0
6.07508362823,7.0
6.45824711985,6.0
6.35936929505,6.0
5.50458135476,5.0
5.490555352,5.0
5.60903549982,6.0
6.20014348129,7.0
6.64752922613,6.0
5.69347079056,6.0
6.66172319392,6.0
5.64897014842,6.0
5.46139594091,5.0
5.27151149139,5.0
5.51537795168,5.0
6.01402031005,6.0
6.25146054896,6.0
6.04579892384,6.0
5.56297493013,5.0
5.45376598543,5.0
5.47969262439,5.0
5.47897821443,5.0
5.54361833675,5.0
5.9255042372,6.0
5.29965661364,6.0
5.83063506659,5.0
6.22362870616,6.0
6.78752800304,6.0
5.48664464979,6.0
5.57732514343,6.0
6.48088176191,7.0
5.62780685569,6.0
6.70305577766,8.0
6.40736738103,8.0
5.88526287185,6.0
5.97319027794,6.0
5.61916289247,5.0
6.1945773032,7.0
5.32106446443,5.0
5.12319392336,4.0
5.70262667631,5.0
6.32550051726,6.0
5.64222560244,7.0
5.36530343489,6.0
6.08506240253,6.0
5.49415139997,5.0
5.9592171636,6.0
6.4447452939,6.0
6.68635681336,8.0
5.43171565114,5.0
5.69271234513,6.0
5.45918359436,5.0
5.36865034223,6.0
5.78807909941,6.0
5.35143676123,6.0
5.6235629524,5.0
6.70903694903,6.0
5.72656279677,6.0
5.4948254396,6.0
5.94019855948,7.0
5.65628188606,5.0
5.82857335638,7.0
6.04698668684,7.0
6.47530569893,7.0
5.45550216066,6.0
5.23152438018,5.0
5.86283408187,6.0
5.48068082537,5.0
5.51176229703,5.0
5.1786199627,5.0
5.77582018497,6.0
5.71490336959,6.0
6.08235357153,5.0
6.30635520436,6.0
5.92387935209,5.0
5.32738322757,5.0
6.09364150356,7.0
6.64023186459,7.0
5.57782070832,7.0
6.46346693807,8.0
6.45294656528,7.0
6.1120030049,7.0
6.18697625618,6.0
5.62261503051,6.0
5.84862996399,5.0
5.09968432361,5.0
5.87264391478,6.0
4.96186941165,5.0
5.59071236964,5.0
5.88464949632,4.0
6.00643258282,7.0
5.48056310619,7.0
5.70695625717,6.0
6.39552543648,6.0
6.21578312643,7.0
6.01021779955,6.0
6.1507604337,5.0
5.66762318348,5.0
7.02818443084,7.0
5.43983285122,5.0
5.24104396596,6.0
5.62712169593,6.0
5.4608274752,6.0
6.00792324956,6.0
6.06429046893,6.0
6.53727736233,7.0
6.06851057791,6.0
6.81876707655,7.0
6.21745167641,6.0
5.97276814907,6.0
6.59681388042,5.0
5.92879730337,6.0
5.74032212854,6.0
5.59201680749,6.0
6.39359788908,5.0
6.06147526615,6.0
6.17177626815,6.0
5.67801900468,7.0
5.87890661498,6.0
5.89631524206,7.0
6.48837881303,6.0
5.7362275587,5.0
4.89043037376,5.0
6.24265664678,7.0
6.0970124523,5.0
4.67219919664,4.0
5.47991466846,5.0
6.06608663875,6.0
6.46949393812,6.0
5.38258772989,6.0
6.0163957204,5.0
4.93369890073,5.0
6.48623588784,6.0
5.4508743786,5.0
6.8119247946,8.0
4.91378815274,5.0
5.65066571033,6.0
6.04594521602,6.0
5.67944616813,6.0
5.82032287838,6.0
5.69271234513,6.0
6.01948344003,7.0
5.91482722157,6.0
5.5229132651,5.0
5.96679171962,7.0
5.37262302527,3.0
5.27318736767,5.0
5.61502808687,7.0
5.74968220622,4.0
6.10565714271,6.0
6.00375601434,4.0
5.5666142227,6.0
6.56405175133,7.0
5.91776810227,8.0
6.83844528676,6.0
5.50773675907,6.0
6.23042399274,6.0
5.22073492861,6.0
6.20046254005,6.0
5.53751370236,5.0
6.00547076964,6.0
5.17013353754,5.0
5.31980876731,5.0
5.88205722495,6.0
6.35864960654,6.0
4.53294100666,5.0
6.5014501099,6.0
5.62581631154,5.0
5.65434236554,6.0
5.30062833461,5.0
5.71927652351,6.0
6.60346704475,6.0
6.0558560831,6.0
5.69963886917,6.0
5.88962455098,8.0
6.41420407939,6.0
5.9122006238,6.0
5.30062833461,5.0
5.67787253929,6.0
5.98950334262,6.0
6.39651354456,7.0
5.53236497399,5.0
5.58050628061,5.0
5.98239627419,6.0
6.11884462787,8.0
5.65972461258,5.0
5.99201702451,6.0
5.46700245283,5.0
5.25362546553,5.0
6.0436748156,7.0
5.94685940587,6.0
5.38478477245,6.0
5.26121343354,5.0
6.00788492298,5.0
6.01957241969,7.0
6.79951578818,7.0
5.37894704153,5.0
6.26122673446,7.0
5.62591284228,7.0
4.85092069923,5.0
6.89815971257,7.0
5.4537342738,5.0
6.07808232508,6.0
5.69746989453,7.0
5.60162145631,5.0
6.41383772744,7.0
5.43927134328,5.0
4.71117128618,5.0
5.44564852951,6.0
6.39579025,8.0
5.02247065778,4.0
5.69125321048,6.0
6.13293087089,6.0
5.92539912537,6.0
6.10994470753,5.0
5.89563952942,5.0
5.37338765587,5.0
5.29438809814,5.0
6.52177439771,7.0
5.9996053544,6.0
6.40155701103,5.0
5.80406399784,6.0
5.50497805872,5.0
5.73693856502,6.0
5.03595265453,5.0
6.41750928562,7.0
5.94790046126,6.0
5.03593811252,5.0
5.73239605179,6.0
5.7714965459,6.0
6.17301005238,6.0
5.53811567675,6.0
5.15370530832,6.0
5.84491209835,6.0
7.02262563749,7.0
6.46380082645,6.0
6.81783543711,7.0
5.49702425067,6.0
6.18060890401,6.0
5.99207641902,6.0
5.60709213639,5.0
6.1413875837,7.0
6.08862308951,6.0
5.89631524206,7.0
5.70320619911,6.0
5.45861300348,5.0
5.49322860472,5.0
5.4366292919,6.0
5.51176229703,5.0
5.64531105637,5.0
5.66195005206,4.0
6.73047222831,7.0
5.8827954923,6.0
6.02797617244,6.0
5.45893643857,5.0
6.02365395346,6.0
6.10694002115,6.0
5.78158800193,7.0
5.23597194772,5.0
5.60673479736,5.0
5.47599952108,5.0
4.87888619918,5.0
6.19187850939,7.0
5.70081815451,6.0
6.689841395,6.0
6.13122884605,7.0
5.76189944282,6.0
6.19036715063,7.0
5.55041063096,5.0
6.60338595614,6.0
6.27528105365,7.0
6.03117140954,6.0
5.92474251578,6.0
6.51849962441,6.0
5.73128076688,5.0
6.10208206514,6.0
6.09988238164,6.0
5.98597313135,6.0
5.91001772508,6.0
5.78122159728,4.0
5.31574280697,5.0
5.94602425354,6.0
6.40925047836,6.0
5.05543459657,6.0
5.9996053544,6.0
5.52685027904,6.0
6.43303445266,7.0
6.52356572097,6.0
5.96641344544,6.0
5.45555266099,6.0
5.9543254459,7.0
6.1783298455,6.0
6.32939929903,8.0
5.96852965785,6.0
6.14054520054,6.0
5.36530343489,6.0
5.55541246585,6.0
5.65203220217,6.0
4.95554429451,5.0
6.638410305,8.0
5.2635881003,5.0
5.56307604761,7.0
5.34331327965,5.0
5.91013540028,6.0
6.23389729259,6.0
6.24764742157,6.0
5.70941080621,5.0
5.44614851518,6.0
5.31608658784,5.0
6.0258843763,7.0
5.0579016192,5.0
5.52759765082,5.0
5.71070587149,3.0
5.27836040109,5.0
6.35432103339,7.0
5.44167482212,6.0
5.33464223313,5.0
5.67120304287,6.0
5.78369996589,5.0
6.54415049265,8.0
6.09952177175,6.0
5.70593990211,6.0
5.57210393421,6.0
6.29113946072,6.0
5.21598022875,5.0
6.0684297629,6.0
5.99196893873,6.0
6.31190130933,6.0
5.58722235654,5.0
5.13290927101,4.0
5.75732553019,6.0
6.10002945301,6.0
5.4860697572,5.0
5.84150305682,6.0
5.24255606337,6.0
6.02320335635,6.0
6.2735869455,8.0
5.93042323121,7.0
5.49415786779,6.0
6.08506240253,6.0
5.98974156442,7.0
5.97831671502,7.0
5.9140775836,7.0
5.93036627763,7.0
5.49638853966,5.0
5.76340307657,6.0
5.99592010356,8.0
5.57239203335,6.0
5.34560043288,5.0
4.82191737287,4.0
5.56713533246,5.0
6.18723645297,6.0
5.01450604309,5.0
5.55186735555,5.0
5.95394385448,7.0
5.29412228356,5.0
6.11795172908,6.0
6.68169172483,7.0
6.56423250488,7.0
6.02654592073,5.0
5.60511382832,6.0
5.36334142062,5.0
6.45699857191,6.0
5.97571912967,6.0
5.56432323454,6.0
5.50209539175,5.0
5.96352945562,7.0
5.89176798407,6.0
6.04546438508,7.0
6.09872023524,6.0
5.28934444862,6.0
5.82952684477,5.0
5.54005762907,7.0
6.62747320993,6.0
6.22362870616,6.0
6.41569679985,7.0
5.95841566113,6.0
5.33937867439,5.0
5.2596170541,5.0
5.20788005777,5.0
5.9959181781,5.0
5.47381931183,5.0
5.78134984723,6.0
5.24159283712,6.0
5.99964837797,6.0
5.58832186729,6.0
5.64584116581,5.0
5.66276740241,5.0
5.09270267887,5.0
5.57911403838,5.0
5.93386965191,6.0
6.10014132818,6.0
6.65728908231,6.0
5.99229109245,5.0
5.29948735095,5.0
5.74255365127,5.0
5.81688612838,7.0
6.89546429194,7.0
6.09210443981,6.0
5.33605496362,7.0
5.57231664377,6.0
6.15154781558,6.0
5.99170735293,6.0
5.79687430595,6.0
6.01390841319,6.0
6.167649805,6.0
5.4941347483,6.0
6.42490513756,6.0
6.04492980204,6.0
6.02325864118,5.0
5.17801174777,5.0
5.44749757789,5.0
6.31042946987,6.0
5.60179922036,6.0
5.58380421084,5.0
5.95394385448,7.0
5.59605008474,6.0
6.97952323285,7.0
6.07388863863,5.0
5.56498754686,5.0
5.6942631074,3.0
5.65534646222,6.0
5.81322190035,7.0
5.38346503488,7.0
5.46706743255,6.0
4.69418022644,5.0
6.47287359933,6.0
5.65179717842,6.0
5.31475452665,5.0
5.29872614483,6.0
5.56839197701,6.0
5.43132942849,6.0
6.39072057521,6.0
5.85737782647,6.0
5.58120966639,6.0
5.02912450627,4.0
5.9729082219,6.0
6.12972539126,5.0
6.08454032536,6.0
6.90854412108,7.0
5.56569684661,5.0
6.30774584341,7.0
5.60558897701,6.0
5.19423764828,4.0
6.1424263376,6.0
5.4775085107,5.0
5.87349310638,5.0
6.02856043666,8.0
6.24364267463,6.0
5.57468723144,5.0
5.85896745335,5.0
6.35536324096,7.0
5.58041874352,5.0
6.17929097435,8.0
5.6090013737,6.0
5.67787253929,6.0
5.55937717624,5.0
5.95857512369,6.0
6.38560534537,6.0
5.28446665996,5.0
6.45149650427,6.0
5.35794001818,5.0
6.11339400289,6.0
5.23333289083,5.0
5.44444335389,6.0
5.53115885694,6.0
5.67519709908,5.0
5.58608155538,5.0
6.39270966678,7.0
4.90946955637,5.0
5.21853910624,5.0
6.03599390626,7.0
6.55208946751,6.0
5.54989982913,6.0
5.65628188606,5.0
5.7187872257,5.0
6.09390813726,6.0
6.06636643775,7.0
5.90789907126,6.0
6.01726459801,6.0
5.4387628221,5.0
6.41669790703,6.0
6.25166900907,6.0
5.27084570605,5.0
5.3635407928,6.0
6.01688708624,6.0
5.93578099803,4.0
6.34502626237,6.0
5.85451117278,6.0
5.7729652184,5.0
6.14574045512,5.0
6.52022601398,8.0
5.92056932093,6.0
5.98881163733,6.0
4.80795250628,6.0
6.61283760121,6.0
5.55035023141,6.0
6.37665273004,5.0
5.32267359753,5.0
6.30006345312,6.0
5.62812708912,6.0
5.53811567675,6.0
5.47608726135,4.0
6.98467374654,7.0
5.82153761285,7.0
5.04884922019,6.0
5.64278760502,5.0
5.46183630635,6.0
4.92928281357,6.0
5.47197325119,6.0
5.58350971144,5.0
6.55195506713,6.0
5.54873393978,4.0
5.30177996689,5.0
5.35313229249,6.0
5.52569569117,6.0
5.67048490741,6.0
6.75300854457,7.0
5.24589993847,5.0
5.41337591822,5.0
6.25551734955,7.0
5.59995337118,6.0
5.7783010765,7.0
5.58039481327,5.0
6.43545203588,6.0
5.17870618856,6.0
6.3085319088,6.0
5.44393178461,6.0
5.81425611169,5.0
5.59743417526,6.0
6.52452808095,6.0
5.99437377416,5.0
5.43075366194,6.0
6.38842262769,5.0
6.5997922919,7.0
5.74237939598,5.0
5.65994015167,5.0
5.78707132553,6.0
5.83800923897,6.0
6.29506864604,6.0
5.82275494293,6.0
5.80337641126,6.0
6.29951708228,8.0
6.28797885723,6.0
5.84467531783,5.0
5.36168350389,6.0
5.54562190144,5.0
5.54751310924,6.0
6.14946231911,6.0
5.65972461258,5.0
5.32461543165,6.0
5.79268819125,6.0
4.9181440158,5.0
5.75020806081,6.0
5.47248219304,5.0
5.64472580114,6.0
5.87070720517,7.0
5.32870377402,5.0
5.86675789659,7.0
5.7635860071,5.0
6.25146054896,6.0
6.17177626815,6.0
6.10744027451,6.0
5.69042483433,5.0
5.65875046863,6.0
5.52153916354,6.0
5.71280046073,6.0
6.03033001568,7.0
5.55118555661,6.0
5.77101986659,6.0
5.71733203719,6.0
5.74161979527,6.0
5.39055957486,6.0
6.69281547588,7.0
6.12480576512,7.0
5.58498701183,6.0
5.51561211183,5.0
6.19187850939,7.0
6.00062200004,6.0
6.02992817645,6.0
5.31017303524,5.0
5.51170316557,5.0
5.30791717716,5.0
6.18411572324,6.0
5.64922038162,6.0
5.59456616692,6.0
6.16861863595,6.0
5.99377359775,6.0
5.38617465361,5.0
5.97992242674,8.0
6.03504201582,6.0
5.72542200741,6.0
6.04906839498,6.0
5.43927134328,5.0
5.14621676798,5.0
5.27151149139,5.0
4.97196689632,5.0
5.78135268952,6.0
5.74157473285,5.0
6.23098740992,6.0
6.08571184314,7.0
5.24884390431,5.0
5.82232478053,5.0
5.46353399127,6.0
5.83884018107,7.0
6.29995868272,6.0
5.38231299794,6.0
6.05807746143,6.0
5.44397853275,4.0
5.60806403473,6.0
5.8318064784,6.0
5.46904366275,6.0
5.83293614639,5.0
6.47882263186,7.0
5.38623453171,6.0
6.69624830675,6.0
5.73207739582,7.0
5.90344323468,7.0
6.2172212091,7.0
6.66667187294,7.0
6.39001467502,6.0
5.09232292253,6.0
6.00509794326,6.0
5.80625279994,6.0
5.77155345169,6.0
5.77697797712,5.0
5.96249378936,5.0
5.48056310619,7.0
6.00835748541,6.0
5.18734395507,6.0
5.80009097247,6.0
6.86671890191,7.0
6.34526388377,7.0
5.79810423066,4.0
5.73263562995,6.0
6.17805589791,7.0
6.3417605191,6.0
6.11458921925,6.0
5.68949952181,6.0
5.59296241512,5.0
5.84977347631,6.0
5.74502299472,6.0
6.29341194801,7.0
5.25080132941,5.0
5.50700073572,6.0
6.26798883628,7.0
5.85556175327,3.0
5.21853910624,5.0
5.96507000907,6.0
5.37776745154,6.0
5.70701482139,5.0
4.94624377553,5.0
5.63792851013,6.0
6.32630509525,7.0
4.77239195742,4.0
6.51738387838,7.0
6.23861617561,7.0
5.6680806552,6.0
5.48815264559,6.0
5.49415786779,6.0
6.54433323932,7.0
5.60485755149,6.0
5.38683859709,6.0
5.66139642767,6.0
6.45838933328,6.0
6.5507551252,6.0
5.67596376996,6.0
6.06151024843,6.0
6.09557210944,6.0
5.77000903496,5.0
6.10691940317,7.0
5.16393200005,6.0
6.39766088531,6.0
5.94927547551,6.0
5.69776276196,6.0
6.04604827803,6.0
6.52887057384,6.0
6.9055597179,6.0
5.33012893236,5.0
5.5625673275,5.0
4.99840481801,5.0
5.87533346853,8.0
6.40183389784,6.0
6.37297713004,6.0
6.27526010481,5.0
5.61600005598,5.0
5.71846752269,7.0
5.99279132077,6.0
6.51666676698,6.0
5.01706635174,5.0
5.56519995387,5.0
6.2934522789,6.0
5.67302049721,8.0
6.14987306312,7.0
5.57357965148,4.0
6.53056862857,6.0
5.87500231347,6.0
5.29965661364,6.0
6.43982177928,7.0
5.46820915729,6.0
6.29027046785,5.0
5.34544949463,6.0
6.33018942122,7.0
5.3358006566,6.0
6.53434153986,8.0
5.03471061385,5.0
5.32153923364,5.0
6.27191859302,6.0
4.89103415786,5.0
5.73474431814,6.0
5.77210694879,5.0
5.50169455118,6.0
6.48274559611,7.0
5.7585535213,5.0
5.41556149274,6.0
5.4925625503,5.0
5.68563691056,7.0
5.35449488433,5.0
6.16251161039,6.0
5.5519017466,5.0
5.87755061624,6.0
5.84425767511,6.0
5.65869315053,6.0
6.4079549958,7.0
5.54731044161,6.0
6.15619559064,6.0
6.17252512725,7.0
6.17816532847,6.0
5.27010116768,5.0
5.99229109245,5.0
6.07766908573,6.0
5.97071680978,6.0
6.54124198416,8.0
6.17487759168,7.0
6.07619252741,5.0
5.94235683114,6.0
5.53764347846,5.0
5.53592870074,5.0
5.75182675987,5.0
5.83820374401,7.0
6.09210443981,6.0
6.44201759865,7.0
5.29113649945,5.0
5.62712169593,6.0
6.04389428603,6.0
7.04530682992,9.0
5.92103246328,4.0
5.01397485751,5.0
5.62692653901,7.0
6.04943590081,6.0
6.45262824006,7.0
6.14175098701,7.0
5.63514461258,4.0
5.15351524397,6.0
5.62602717622,5.0
5.65610951896,5.0
6.38920117027,6.0
5.80920815956,6.0
6.15302757583,6.0
5.80480583575,4.0
5.49269196765,4.0
5.84033636675,6.0
6.09233687762,6.0
6.27033707821,5.0
5.3635407928,6.0
6.21395455333,6.0
5.57904680107,6.0
5.97741073506,6.0
6.4977954651,6.0
6.31494216413,7.0
5.59201680749,6.0
6.56093056012,7.0
6.23069735636,6.0
5.74698560835,6.0
6.20304908002,6.0
5.82800049556,6.0
5.36229581219,5.0
6.42779227729,7.0
5.64727765711,5.0
6.07022015033,6.0
6.54108958715,7.0
5.6359250325,5.0
5.96397136946,5.0
5.31038416865,5.0
6.24994421434,7.0
5.98886828158,6.0
5.45580348454,6.0
5.57782070832,7.0
6.26334374567,7.0
5.32371514935,5.0
5.31906140067,5.0
5.53602739029,4.0
5.78870410612,6.0
6.25336631614,6.0
6.44599417799,6.0
6.56728375737,7.0
5.91372371423,6.0
6.34725056736,5.0
5.98532412967,6.0
5.2267122394,5.0
5.87300207195,6.0
5.99747045088,7.0
5.93445003669,7.0
6.19147037721,5.0
6.30706398111,6.0
6.85922857941,7.0
6.43212629466,7.0
5.75265883402,6.0
5.54096975339,6.0
6.32171825647,7.0
5.3182645498,6.0
6.16124543129,6.0
6.10647428677,7.0
6.35597080938,7.0
5.6402083845,5.0
5.477035345,5.0
6.50811000315,7.0
5.9140775836,7.0
5.67729186598,6.0
4.81269775479,4.0
6.73577888949,7.0
5.65869315053,6.0
5.31475452665,5.0
5.55633657919,5.0
5.79815904107,7.0
5.49263151151,5.0
6.4540774071,7.0
6.5104684522,7.0
6.43322373561,6.0
5.77185676198,8.0
5.82980145837,6.0
6.5673233383,6.0
5.26248916349,5.0
5.51459120708,5.0
5.34146609026,5.0
5.59504228628,5.0
5.80990469254,6.0
5.16673776863,5.0
5.97622743944,5.0
5.45953767104,5.0
6.13760441413,5.0
6.22997283881,7.0
5.76070444019,6.0
5.50148818044,6.0
5.32551696467,6.0
5.07183159446,5.0
5.4899919882,5.0
5.44614851518,6.0
5.84144227955,6.0
5.55904958098,5.0
5.44071400845,5.0
5.85178644993,5.0
5.49271030886,5.0
5.42378212505,5.0
6.5730209311,8.0
5.91648459836,6.0
6.8608878687,7.0
5.91364347534,7.0
5.41630247742,5.0
5.73589975897,6.0
4.80441696119,4.0
6.04215523325,6.0
6.12760117094,7.0
5.97099666937,6.0
5.45892280318,5.0
5.98159761074,5.0
6.73411243788,7.0
6.49932372846,6.0
5.51683096374,6.0
5.83121176546,6.0
5.85596678769,5.0
6.09054063956,6.0
6.30534513449,5.0
5.86546786296,6.0
5.81938828934,6.0
6.52171526208,7.0
6.17213381773,6.0
6.30266867598,6.0
6.52519134881,6.0
4.8049483226,5.0
5.91614114692,6.0
5.73339525369,6.0
5.41160758931,5.0
5.94235683114,6.0
5.49550939879,6.0
6.17579640733,7.0
5.34903108266,5.0
6.07766908573,6.0
6.27843283667,7.0
5.37742210015,6.0
6.48541907147,7.0
5.35195340841,6.0
5.96987936053,6.0
6.0424086783,6.0
5.44797542657,5.0
5.5627954156,5.0
6.07756332954,7.0
5.62424311479,7.0
6.15862108529,6.0
5.13775904711,5.0
5.83800923897,6.0
5.48532893274,6.0
5.25340447689,4.0
5.99483269496,7.0
6.10712404948,6.0
5.56058654913,6.0
5.32451102811,6.0
5.86193787711,7.0
6.51413413782,6.0
5.45981103856,6.0
5.32451102811,6.0
6.03781338421,6.0
5.33906973492,5.0
6.45676177758,8.0
5.31805841818,5.0
6.26348638083,6.0
6.21745167641,6.0
5.94512731541,5.0
5.3008798804,6.0
6.1051838148,6.0
5.6971481142,5.0
6.56728375737,7.0
5.97668353841,6.0
5.48306290775,5.0
6.16763429212,6.0
5.14618455623,3.0
5.77072098934,5.0
5.46371456612,5.0
6.69630311772,8.0
5.64710575276,5.0
6.61392923531,7.0
5.67316261753,6.0
5.84862996399,5.0
5.60109412837,5.0
5.47856473095,5.0
6.13664509349,6.0
6.63644804192,8.0
6.2312939873,6.0
5.56206077185,6.0
6.02436518649,7.0
5.93852275182,7.0
6.89815971257,7.0
5.99801963735,6.0
5.74660486016,5.0
5.38187616074,5.0
5.42856861693,6.0
6.68635681336,8.0
5.982246423,6.0
6.19584293131,6.0
6.18299515551,7.0
5.60709213639,5.0
5.80569279353,7.0
5.35143676123,6.0
5.06006835834,5.0
5.53830114813,4.0
6.18524369557,6.0
6.46346693807,8.0
5.16452851285,6.0
5.9787994198,7.0
6.24402768151,5.0
5.53008440016,5.0
5.03470343549,5.0
5.49616012373,5.0
6.02051942144,4.0
5.82739686517,6.0
6.03775178528,6.0
5.83453409457,6.0
6.51377176575,7.0
6.14593164295,7.0
5.43889506013,6.0
5.04677029647,4.0
5.38475725292,6.0
5.69299164114,5.0
4.61544885502,5.0
6.056749485,6.0
5.67344483781,5.0
5.62962389952,5.0
6.51596125391,6.0
5.1611273326,6.0
5.6962461152,5.0
6.25303249148,6.0
5.97931762294,5.0
5.86212418671,6.0
5.34886216781,6.0
6.55752019528,6.0
5.05476523581,5.0
5.73610172797,6.0
5.97818054741,6.0
6.73047222831,7.0
5.87349310638,5.0
5.95016430822,6.0
6.22751060841,6.0
6.46345251107,6.0
6.22738402239,6.0
4.82485600454,5.0
5.43624953762,5.0
5.39128850673,6.0
5.72588361412,6.0
6.1379242806,7.0
5.47534784178,5.0
6.70488863455,6.0
5.63079226365,6.0
6.75300854457,7.0
5.75937966029,5.0
5.90002276574,5.0
5.38170852423,6.0
6.20884997961,6.0
5.96987936053,6.0
5.79160021506,6.0
4.92334371675,5.0
6.10724720333,7.0
6.43999362204,5.0
5.40948142631,5.0
5.75950460944,4.0
5.9033503646,7.0
6.42490513756,6.0
6.14245522119,6.0
6.50120756024,7.0
5.43855958443,5.0
5.5468996536,6.0
5.86601633631,6.0
5.67363804796,5.0
6.08024201987,6.0
5.97710223367,5.0
5.40890535212,5.0
6.46870775302,8.0
5.46904366275,6.0
5.93386372442,6.0
5.87265645453,5.0
5.52902834167,5.0
5.60571231812,6.0
6.66970244768,6.0
5.7783010765,7.0
5.51412219629,4.0
6.10227516732,6.0
5.31277822716,5.0
5.60728307382,6.0
5.99245278541,4.0
5.34203068541,4.0
5.68670747763,5.0
5.50209539175,5.0
6.39364278163,7.0
5.3591666466,5.0
5.47242041231,6.0
7.08418798464,8.0
5.59686162932,5.0
6.43727839317,6.0
5.71392002181,5.0
6.56361070828,7.0
5.47940867755,5.0
5.57933180617,5.0
6.21062586459,6.0
6.72078509554,7.0
6.34931479356,7.0
5.81462895957,5.0
4.95672367953,5.0
5.62203132218,6.0
6.29673152186,6.0
6.37297713004,6.0
5.96987936053,6.0
5.321800783,5.0
5.80625279994,6.0
5.29965661364,6.0
5.67150831596,5.0
5.19423764828,4.0
5.99902484358,6.0
5.3830282419,5.0
5.47095518622,6.0
5.86235429332,6.0
5.66448434799,6.0
5.38122278401,5.0
6.01283004661,6.0
6.13851612171,7.0
6.48673488216,7.0
5.99352146683,6.0
6.05473287366,6.0
5.66461095336,6.0
5.27157438138,6.0
6.083233422,6.0
5.47775740075,6.0
6.15603925617,6.0
4.80229460234,4.0
5.98932126859,6.0
5.38203612115,6.0
5.06861977793,4.0
6.23179791198,6.0
6.10187788667,6.0
5.48662919773,6.0
5.89682620965,5.0
5.65366640352,5.0
5.9458852325,7.0
6.60227144946,7.0
5.30964678364,6.0
5.4151043374,6.0
6.58594569003,7.0
5.53751370236,5.0
5.91051124607,5.0
6.41124570722,6.0
5.24884390431,5.0
6.23979506619,5.0
6.47452650946,6.0
6.02794089559,5.0
5.61530601741,5.0
6.22826351221,6.0
5.01786704485,5.0
6.47417425177,6.0
6.28832284678,6.0
4.69284876749,4.0
6.53567314694,6.0
5.25540657127,4.0
6.53075973838,6.0
6.0283719031,6.0
6.15686800406,7.0
6.33439808747,7.0
6.17195451331,7.0
5.29412228356,5.0
6.43694168155,6.0
6.15194681751,6.0
5.97221228882,5.0
6.12736278161,6.0
5.99657156694,6.0
5.67763179641,6.0
5.86928206134,5.0
5.28472072335,6.0
5.72480365395,5.0
5.61069098143,6.0
6.18922179938,6.0
6.74108581451,8.0
5.55278800872,6.0
5.39081548025,6.0
6.50412090996,7.0
6.51841119874,7.0
6.18978276521,6.0
6.29200694047,7.0
5.442735072,6.0
5.99065698973,6.0
6.39815018887,6.0
6.44321037298,6.0
6.42994426435,6.0
5.98076669465,6.0
6.16198163881,6.0
5.47831903258,6.0
5.47972246427,5.0
6.12934996212,6.0
5.66139642767,6.0
6.00030600491,6.0
6.65422455565,7.0
5.65600413511,5.0
5.2411265347,5.0
5.59201413752,6.0
6.32478764144,6.0
5.38931698222,5.0
6.13886703756,6.0
6.62020333136,6.0
5.63813373735,6.0
6.08506240253,6.0
6.10070823743,7.0
5.33248178219,5.0
6.50462732415,7.0
5.05876325983,5.0
5.62095369435,6.0
5.3444805908,5.0
5.28121176095,6.0
6.28995038489,7.0
5.6698895705,5.0
6.76888511977,7.0
6.74793792278,7.0
