5.32480010689,6.0
5.46429640484,6.0
6.45735461936,5.0
6.7549901182,3.0
5.94499971821,7.0
5.48740383156,5.0
5.71697759255,5.0
6.60140428286,6.0
6.17788569027,6.0
5.45851073561,6.0
6.74324539006,6.0
5.4180816072,5.0
5.52931667279,6.0
5.17722699697,5.0
6.18117860098,5.0
5.74495257575,6.0
5.68738170736,5.0
6.40161882272,8.0
5.67246246086,5.0
5.94665063274,6.0
6.10521238065,6.0
5.8831902569,6.0
5.46145598839,5.0
6.54997900144,7.0
5.36224722621,5.0
6.80493709679,7.0
6.4397139475,7.0
6.40804523219,7.0
6.1278008339,6.0
5.48244819735,4.0
5.68794506645,6.0
6.21151754632,6.0
6.71812074742,7.0
5.94809452816,5.0
5.78897867361,5.0
5.75098967186,7.0
5.40659027341,5.0
5.50610133233,6.0
6.42063519691,6.0
5.62900988525,5.0
6.51513636972,8.0
5.86615273772,6.0
5.48163113862,5.0
5.70642707323,5.0
6.66280504114,8.0
5.49646492177,6.0
5.49237489512,5.0
5.72412382634,6.0
5.67880280701,5.0
6.73658272653,6.0
6.15469691043,7.0
5.65044212334,6.0
6.2193186249,5.0
5.54768926442,7.0
5.86398098107,6.0
6.37306738743,6.0
5.43927818345,5.0
6.69879398763,8.0
5.32843551737,6.0
6.06334222143,6.0
5.90077806165,5.0
5.65687933533,6.0
6.12620665868,8.0
5.62073643163,6.0
5.82898193211,6.0
6.36183646092,7.0
5.44651859387,6.0
5.62899630447,6.0
5.60359092295,6.0
6.61006032858,6.0
6.12486654286,7.0
5.50551656961,5.0
5.30331078033,4.0
6.02358796937,6.0
6.44518408848,6.0
5.4330731708,6.0
6.21161499207,7.0
5.51689920482,5.0
5.53784513454,5.0
6.51681492072,6.0
6.65616429711,5.0
6.4556641351,6.0
6.5006957172,6.0
5.41041384238,6.0
6.75037837818,7.0
6.13300392875,6.0
6.59396620162,6.0
5.96829899388,6.0
5.18806999893,5.0
5.51838277967,6.0
5.7664677717,7.0
5.5993529019,5.0
5.65610734117,5.0
6.63136156781,8.0
5.7210984958,5.0
6.48638445717,8.0
5.75584659664,6.0
6.4397139475,7.0
6.64627755108,7.0
6.59481887255,7.0
6.40951301982,6.0
6.66578282558,7.0
5.51610041144,5.0
6.71530199889,6.0
6.66919035337,6.0
5.49204373056,5.0
6.55034738651,8.0
5.37882074216,5.0
5.47757051178,5.0
6.47492891581,7.0
6.26237998903,6.0
6.39309575692,6.0
6.05884059352,7.0
6.087548447,6.0
5.54996030464,5.0
5.55365538107,7.0
6.44442437134,7.0
6.4271710324,7.0
5.5188148826,8.0
6.12541496662,6.0
6.09001206448,8.0
6.57776268128,6.0
5.46859564146,5.0
6.37475152255,7.0
5.48680152986,6.0
5.89635756881,5.0
6.64526812231,8.0
5.90130823171,5.0
6.48097526335,6.0
5.4925648642,7.0
5.48540289115,5.0
6.23730646641,6.0
5.31761830394,5.0
5.47069211467,5.0
5.97005131036,6.0
5.61292977743,6.0
5.42725346877,5.0
6.44174369189,8.0
6.71252508077,7.0
6.62784718607,7.0
5.28736096072,5.0
6.24237531066,6.0
6.45644727323,7.0
6.07396539206,5.0
5.62771282822,6.0
5.52243312444,5.0
6.70013409763,8.0
5.50822196579,5.0
6.07268195824,7.0
6.0649635713,6.0
5.71156649329,5.0
5.49266238797,5.0
6.31723585947,7.0
5.94215306893,5.0
6.5225077267,7.0
5.33365647741,6.0
6.41417827234,8.0
6.81729474557,6.0
6.25370507298,5.0
5.46820719594,5.0
5.58021473602,5.0
5.45587469264,5.0
5.9209766709,6.0
5.48830005401,6.0
5.67675814793,6.0
5.89607402351,6.0
6.06820741365,5.0
5.5768560915,6.0
6.41757691854,6.0
6.17407331033,6.0
5.8435321685,5.0
5.43647458165,6.0
6.42034533229,7.0
5.77014865844,5.0
5.79064661507,5.0
5.50752395712,6.0
5.95207443091,6.0
6.51998898232,6.0
5.79271125106,6.0
6.05925551568,5.0
5.35959067915,5.0
5.62458481274,5.0
5.60148384103,4.0
5.8114319037,6.0
6.07214580033,6.0
6.67948981768,6.0
5.91519561537,6.0
5.86011027622,6.0
6.04570720974,7.0
5.6169955189,6.0
6.36210318645,5.0
5.53170416894,6.0
5.59958902381,6.0
5.98041590099,6.0
5.9094282571,5.0
6.76837163734,6.0
5.75771863256,6.0
6.33736011182,6.0
5.22584293739,7.0
5.83008366518,6.0
6.42057097108,6.0
5.47069211467,5.0
5.25882442327,5.0
5.90627220857,6.0
5.73606128451,7.0
5.97314512968,4.0
5.37676352831,6.0
6.65821362591,6.0
6.17814279083,7.0
6.37955794336,5.0
6.54690511452,7.0
5.71433382933,5.0
5.6164302498,6.0
6.60006220612,7.0
5.44908277137,5.0
6.22665020187,7.0
6.34805968855,6.0
5.42970533555,4.0
5.6993484515,8.0
6.56258933217,6.0
5.40374459789,4.0
5.44608423926,5.0
6.76055204806,7.0
5.60969818837,6.0
5.74083216408,5.0
5.71409576838,6.0
5.92912899973,5.0
5.60380859095,5.0
6.44769655607,6.0
6.16393026651,6.0
6.10908826054,7.0
5.61021437253,5.0
6.06128055905,6.0
6.03973335424,6.0
6.57102773826,6.0
5.25226629879,5.0
6.03780498748,6.0
6.224760012,6.0
5.44423550095,6.0
5.43362804529,4.0
6.27118625127,6.0
6.13720414436,7.0
6.07274152849,6.0
5.67880280701,5.0
6.15652451335,5.0
5.49819804538,5.0
6.37276810645,6.0
6.72635419246,8.0
5.65243222169,6.0
5.77737971308,6.0
5.66932649148,5.0
5.37039446101,6.0
5.40659027341,5.0
6.58924261114,6.0
5.54768926442,7.0
5.60934259983,6.0
6.05386150895,6.0
6.59131654525,7.0
5.40687223438,4.0
5.40401349103,5.0
6.54997900144,7.0
6.00559257424,6.0
6.72635419246,8.0
6.41573821027,6.0
5.34683769551,6.0
6.31938335428,6.0
6.42633474091,7.0
5.57418670504,5.0
5.55913847555,5.0
5.63994786159,5.0
5.48730877822,5.0
6.15558695023,6.0
5.40577608607,6.0
6.15103689824,6.0
6.05895467757,5.0
6.16631720047,6.0
5.53315186608,4.0
6.20484521766,6.0
5.84708575552,6.0
6.21180417513,6.0
6.10781954766,7.0
5.43130322847,6.0
5.53275748344,5.0
5.48056566619,5.0
5.86227716311,5.0
5.72113365265,6.0
5.58924244427,6.0
5.52006103028,5.0
5.49668012004,5.0
6.37835195833,6.0
6.47907098674,7.0
6.5831558908,6.0
5.75251892,5.0
5.97950439746,6.0
5.37804553139,5.0
5.45023431271,5.0
6.2645645758,5.0
5.73412387739,5.0
6.4472823983,7.0
6.51456274615,7.0
5.62634993218,6.0
6.06722854907,5.0
5.34945743514,5.0
6.22712894127,7.0
5.53173054242,5.0
6.02918609082,6.0
5.51943364259,6.0
6.62347873744,8.0
5.47876300685,5.0
6.194957915,6.0
5.59934398034,4.0
5.50604174912,5.0
5.90989410638,5.0
6.37530399062,6.0
5.54231579887,6.0
6.00419620374,7.0
6.09005934423,6.0
6.07879354386,5.0
6.58175989594,7.0
5.52820632407,7.0
6.08660852803,6.0
5.15172271567,5.0
5.68482881489,6.0
5.6468658697,7.0
6.22653317795,3.0
6.19867195371,7.0
5.56931371944,6.0
5.69046299001,6.0
5.89607402351,6.0
5.71125916112,6.0
5.08433665517,5.0
5.88711396035,5.0
6.77824619923,7.0
5.60661690521,6.0
5.99966196638,7.0
5.66817228753,6.0
6.37679445923,7.0
6.59151902444,7.0
6.45636392482,8.0
5.71658006268,5.0
6.39366637602,8.0
6.10022963408,5.0
5.98369981878,6.0
5.59119619362,6.0
6.64436527677,6.0
5.55013996107,6.0
6.7540150327,7.0
5.44867021443,6.0
6.26106347618,4.0
5.49082363654,6.0
6.2666934629,6.0
6.14892588381,5.0
5.51114111428,6.0
6.07766178737,8.0
5.49941212496,7.0
6.81958806312,7.0
6.5298019522,7.0
6.12508201294,6.0
6.59627973819,6.0
6.788123682,8.0
6.07161533113,6.0
6.56694293327,6.0
6.52592654865,6.0
5.65691144918,5.0
5.45038419907,5.0
6.05623777816,7.0
6.72206026035,7.0
5.59034557328,4.0
6.1656782617,7.0
5.42675789501,5.0
5.53984078644,6.0
5.6096629013,6.0
5.51947846931,6.0
5.98892437065,6.0
6.59699579801,7.0
6.67683586588,8.0
6.24215754953,6.0
5.48682709696,4.0
5.32189423513,5.0
6.76886568954,7.0
5.50619546709,5.0
6.02566826805,6.0
6.67450666236,8.0
6.31635706242,7.0
5.88649047212,6.0
5.61375814718,5.0
6.21551992819,6.0
6.53015681133,7.0
5.37072790484,6.0
5.74058548768,6.0
5.65697752075,6.0
6.1501690841,7.0
5.42489200234,5.0
5.50399451034,5.0
5.49179783775,5.0
5.41126940701,6.0
5.50702336051,4.0
5.60926358316,7.0
5.4947902581,6.0
5.76038140093,7.0
5.45019989779,5.0
5.53282540899,6.0
5.68534596551,5.0
5.37101507972,5.0
5.80335976563,6.0
5.80867451731,7.0
6.71617790016,8.0
5.43994853725,5.0
5.47430256957,5.0
5.37117516694,4.0
5.48182595589,5.0
6.42867208869,7.0
5.88839568709,6.0
6.70861096049,7.0
6.68900042546,7.0
5.65989617256,5.0
5.82263275872,7.0
5.48252179346,5.0
5.45165761343,6.0
6.57938985291,6.0
6.13702979007,6.0
5.49818775279,7.0
5.4411417758,5.0
6.15491539238,5.0
5.51257668342,6.0
5.39440451419,5.0
5.7028324164,5.0
5.561261112,5.0
6.83802005473,6.0
5.58585508068,6.0
6.09876566384,7.0
5.76907080145,6.0
5.48662398209,5.0
5.8453205385,6.0
6.62236376936,6.0
6.68740423727,8.0
6.48248387967,5.0
5.6162554814,6.0
6.16205749547,6.0
5.78126573297,7.0
5.57735485892,6.0
5.3048632747,5.0
5.72013403308,6.0
5.67092157207,6.0
6.48802707476,6.0
6.2052209839,6.0
5.59134747399,5.0
6.75619862572,7.0
5.4392022983,5.0
5.47013740607,6.0
6.65147727658,7.0
6.333772976,6.0
6.39734083547,5.0
6.64977100848,7.0
6.25357928618,5.0
6.03616915598,6.0
6.12362599979,5.0
6.70986757873,7.0
5.88316268319,7.0
5.52702844327,5.0
5.53440096388,6.0
6.37221206242,7.0
5.49013391137,6.0
5.96446861499,6.0
6.24243287927,5.0
6.14090999843,6.0
5.83928540752,6.0
5.91699519262,6.0
5.37900934501,5.0
5.60617089053,6.0
5.93422196038,6.0
5.5167416474,5.0
6.60193607136,6.0
5.43506336617,5.0
5.66343525109,7.0
6.28228055686,6.0
6.29362467207,7.0
5.83700442121,6.0
5.64847166033,6.0
5.98128736318,6.0
6.33335574558,8.0
5.30793622868,4.0
6.50372797196,7.0
6.7501796042,8.0
5.48549953591,4.0
6.5334855328,6.0
5.38290110107,5.0
5.62107180424,6.0
5.37154508276,6.0
6.17660059783,7.0
5.409386222,5.0
6.09358599209,6.0
6.465518939,7.0
5.39067469286,5.0
5.31886722149,4.0
6.42923265237,7.0
5.52243312444,5.0
5.97667953851,6.0
6.02522457664,6.0
5.27546958865,5.0
5.37882074216,5.0
5.99644407942,6.0
5.48680152986,6.0
6.45525539289,6.0
6.53974541881,6.0
5.77130390643,6.0
6.1520362854,7.0
6.20452464876,6.0
6.70013409763,8.0
6.45229999806,7.0
5.38227672702,5.0
6.17576890609,6.0
5.66246191592,5.0
5.45174993351,6.0
6.81250111887,8.0
6.18739665802,6.0
5.51540435106,5.0
5.5964161126,6.0
5.95778824848,7.0
6.45640448775,6.0
6.53698861018,8.0
5.56217728201,5.0
5.96059693859,5.0
6.16393026651,6.0
6.78320645327,7.0
5.47551829238,6.0
6.65704760761,7.0
5.32562278912,6.0
6.29723295497,7.0
6.2808879827,6.0
5.84344643961,6.0
5.54768926442,7.0
6.37542362355,7.0
6.22730501266,7.0
6.02912552741,6.0
6.05437436474,6.0
6.63136156781,8.0
5.69186704457,5.0
5.95704995354,6.0
6.48107351931,6.0
6.6581177027,6.0
5.47444307935,6.0
5.95267851122,4.0
6.59923672295,7.0
5.69988599115,6.0
6.17980922747,8.0
5.5128280545,6.0
6.61487227573,8.0
6.14126504383,6.0
6.69444306203,7.0
5.48939856974,6.0
6.69718495546,7.0
5.51540435106,5.0
5.50916923262,6.0
5.61940863342,7.0
5.41806295888,5.0
5.47583864311,5.0
6.52872966503,7.0
6.20119289366,7.0
6.08299538656,5.0
5.43994853725,5.0
5.98421096483,6.0
6.74931512894,6.0
5.66054443736,6.0
5.92032075848,6.0
5.47029328261,6.0
6.38059122991,6.0
5.43458632563,5.0
5.60708546993,6.0
6.43559373123,6.0
6.1580607079,6.0
5.80294031344,5.0
5.55559629871,5.0
5.34205606378,5.0
5.54322403966,6.0
5.29681381324,5.0
5.90801960178,7.0
6.20991107635,7.0
6.47926714244,7.0
5.61167636032,6.0
5.8121479472,5.0
5.32189423513,5.0
5.98337224097,7.0
5.54768926442,7.0
5.46188569441,5.0
5.64676730362,6.0
5.77654723021,6.0
5.93712057685,5.0
5.57750924786,6.0
5.53853364121,6.0
5.55258203716,6.0
6.24421317739,6.0
5.95264730531,7.0
6.06220807435,6.0
6.0422091127,6.0
6.30960290212,7.0
5.56272489791,5.0
5.44507096574,5.0
5.68454449588,6.0
5.63699294127,6.0
5.49941212496,7.0
5.77855368613,6.0
6.62790614445,8.0
5.37039446101,6.0
6.26701034163,6.0
5.42507921948,5.0
5.83336724033,6.0
6.465518939,7.0
5.56029889656,6.0
6.69268076928,8.0
5.84862166975,6.0
5.86262221857,6.0
6.09460151474,6.0
5.7271455993,5.0
6.523982567,7.0
6.09459073071,5.0
6.4530756148,7.0
5.50810906872,6.0
5.34264217414,4.0
5.93266226786,9.0
6.38237051814,8.0
5.43988864363,5.0
5.56434022779,5.0
5.62634993218,6.0
6.82003329718,7.0
5.45998624423,6.0
5.48795926979,6.0
5.96820065607,5.0
6.90097823999,7.0
6.28650101907,7.0
6.47362329418,7.0
5.74563836268,6.0
5.63869701058,6.0
5.73339609397,5.0
5.44410809998,5.0
5.84645544886,7.0
6.6974213342,7.0
6.31524792357,8.0
5.56291243762,5.0
5.8584345705,6.0
5.98221899088,7.0
5.42592512384,5.0
5.98579535649,7.0
6.27041725747,8.0
5.80174624339,5.0
6.79222413795,6.0
5.48286013794,5.0
6.06106733142,6.0
5.71660469931,5.0
5.50971128623,3.0
6.17868518054,7.0
5.37919454491,4.0
5.50998534651,6.0
6.67320915046,7.0
5.7402316928,5.0
5.52117440678,5.0
5.47535928659,6.0
6.76362890045,7.0
5.56126790295,5.0
5.49161531217,5.0
6.2645645758,5.0
6.45071420161,6.0
5.53790113245,5.0
5.78324210692,5.0
5.47711305939,5.0
6.84394118814,6.0
6.17515934947,8.0
5.68336462937,5.0
5.45542337783,6.0
5.94612693014,6.0
6.01507491805,7.0
5.7730625536,6.0
5.50752395712,6.0
6.16734860924,7.0
5.51526846477,5.0
5.10450829635,4.0
5.93320629022,4.0
6.4865805989,6.0
5.63038463012,6.0
5.55691459822,6.0
6.04986739811,5.0
5.67250879626,5.0
5.65674048962,5.0
5.55262414156,6.0
6.06591226427,6.0
5.8774879654,6.0
5.77873872153,6.0
6.08837081103,6.0
5.52795091564,7.0
5.25199303366,6.0
6.13507290189,5.0
6.6403678512,7.0
6.12607579072,5.0
5.51083195997,5.0
6.2858804839,6.0
5.46462627076,5.0
5.43458632563,5.0
5.59026293161,7.0
5.45322360028,5.0
6.15038355127,6.0
5.59721536797,5.0
5.8572052259,6.0
6.653446709,7.0
5.86227089098,6.0
5.6211243328,5.0
5.47757051178,5.0
5.350890257,5.0
6.31287620956,7.0
6.05173398884,6.0
5.52159434994,5.0
5.63397506252,5.0
5.58793622133,5.0
6.31222684041,6.0
6.20245151351,6.0
6.31356118539,6.0
5.28001989937,4.0
6.20767880495,6.0
6.06893304835,7.0
6.13490707694,6.0
5.56807462669,5.0
6.20173383013,6.0
5.72738465495,5.0
6.54541720249,6.0
5.57932103037,7.0
5.33176943175,5.0
5.73836210836,5.0
6.5569289156,7.0
6.14784052422,6.0
5.36139334203,6.0
5.82345332742,6.0
6.54549163529,7.0
5.48041504909,5.0
5.32936987447,5.0
5.14813421853,6.0
5.58989735952,5.0
5.78907518956,7.0
5.54420939873,6.0
5.82997958543,6.0
5.56474055796,5.0
5.48235099542,7.0
5.67870746794,5.0
6.51365751459,7.0
6.23417775536,6.0
5.16104336205,5.0
6.07265392924,6.0
6.27150695275,6.0
5.19650608696,5.0
5.49262960978,5.0
6.41237878127,6.0
5.65824568027,6.0
6.10453941453,6.0
6.25759767518,7.0
6.60255042497,8.0
5.61774305596,7.0
5.6162554814,6.0
6.31918605389,5.0
6.46612198356,8.0
5.88735884279,6.0
6.49719582035,6.0
5.36668253408,5.0
5.7210984958,5.0
5.38251401766,6.0
6.6528640897,5.0
5.56368747158,6.0
6.37061369665,7.0
5.99939824367,5.0
6.27547165168,6.0
5.33023191383,5.0
6.48303007532,5.0
5.23036632719,5.0
5.94215306893,5.0
6.22583918582,6.0
5.41348223942,5.0
6.06287044642,6.0
5.3673645753,5.0
6.37334495082,6.0
5.80293817153,6.0
5.87291549822,6.0
6.24247222634,7.0
5.45839621038,5.0
5.78002301923,4.0
5.63441944313,6.0
5.9226302942,6.0
5.54625143335,8.0
6.19626263834,7.0
6.22730501266,7.0
5.44061472964,6.0
6.72371285585,7.0
5.63811026909,5.0
5.49161531217,5.0
6.43070488041,6.0
5.83345001944,6.0
5.35786078376,5.0
6.22483444305,5.0
6.20646687797,6.0
5.4562221588,5.0
5.27092428721,5.0
5.45959790589,6.0
6.07821806803,7.0
5.3474275859,5.0
6.18192442841,7.0
6.77105807161,6.0
5.62630092897,6.0
6.19494657786,7.0
5.50428001877,6.0
5.51947846931,6.0
5.56890036899,6.0
5.59231312013,5.0
5.33373482605,5.0
5.58019592491,6.0
5.50254759264,6.0
6.17198929094,6.0
5.93353013301,7.0
6.07469302774,6.0
5.33135852884,5.0
5.60806416988,6.0
5.55355708347,6.0
6.12078136906,6.0
6.24218764544,5.0
6.44754397696,5.0
6.41724370499,6.0
6.45525539289,6.0
5.86447059768,6.0
5.56207493813,6.0
6.3245174353,4.0
6.77427148801,7.0
5.49553958486,6.0
5.16498605724,5.0
5.20737410639,4.0
5.9522989652,6.0
5.76200048242,5.0
6.43138404371,6.0
5.60440917039,6.0
5.44752558897,4.0
6.6418233011,6.0
6.15655252072,7.0
5.48991114363,5.0
5.44464099276,5.0
5.16237004965,5.0
6.63667058222,7.0
6.22316606502,6.0
6.37548179031,7.0
6.08247669115,7.0
6.63151736143,8.0
5.41802501228,6.0
5.54708193193,6.0
5.5423825946,6.0
6.3189681346,7.0
5.89184670186,6.0
5.50424975613,6.0
5.6579676894,7.0
5.49237489512,5.0
6.42322422851,7.0
5.90130823171,5.0
5.66165639288,3.0
5.89955361549,6.0
5.87645406368,6.0
6.33734830697,7.0
6.27723845096,6.0
5.39854792518,5.0
5.3408927312,5.0
5.43772074404,4.0
5.53635661249,5.0
5.73632615137,6.0
6.68955038988,7.0
6.08007783609,6.0
5.8645375452,6.0
6.08770644099,5.0
6.10224644923,6.0
5.75584659664,6.0
5.28170260189,5.0
5.88336873055,6.0
5.5964161126,6.0
6.54997900144,7.0
5.43288907462,6.0
6.08110594675,5.0
5.95714321569,6.0
6.69715761128,7.0
5.65381555807,6.0
6.17543505873,6.0
5.51476377004,6.0
5.34227849378,6.0
5.83571740578,5.0
6.32337060948,6.0
5.4609926671,6.0
6.21591372397,6.0
6.40882720785,6.0
6.30288029945,6.0
5.88036161288,6.0
6.5979403982,7.0
6.7437289053,6.0
5.42592512384,5.0
5.70901977472,5.0
5.5764411496,6.0
5.43411597279,5.0
6.25900330248,6.0
6.32839164831,6.0
5.56029889656,6.0
6.17248019243,5.0
5.54296170084,5.0
5.51315908167,6.0
6.26218375766,6.0
6.12666602455,5.0
6.21601432648,6.0
5.83928540752,6.0
5.47581401333,5.0
6.23627479777,6.0
5.7427172672,6.0
6.72039293862,7.0
5.38827677211,5.0
5.24057915934,5.0
5.79801481425,6.0
6.13300392875,6.0
6.32712354009,5.0
6.06036887483,7.0
6.13166271179,7.0
6.32839164831,6.0
6.51802434881,6.0
5.86227089098,6.0
6.60043805261,7.0
5.43074156081,5.0
6.47673819242,6.0
6.73649972572,7.0
5.48585392187,7.0
5.76652649953,5.0
6.44891647357,6.0
6.67070829576,8.0
6.40070683273,6.0
6.04994288696,7.0
6.24836263378,7.0
5.75423068212,7.0
6.47218222518,7.0
5.51370832459,6.0
6.67809246601,6.0
6.20724043539,5.0
6.43315862307,7.0
6.49579924353,7.0
5.78744506349,6.0
5.37705413843,5.0
5.37444180797,5.0
5.8850767372,6.0
6.49984359184,7.0
5.98337224097,7.0
5.48332543017,5.0
6.20330493963,6.0
6.25757984069,6.0
5.36277075451,5.0
6.61987012316,5.0
6.09651984922,6.0
5.28853991916,6.0
5.62182910957,5.0
5.99475203548,6.0
5.51566518286,5.0
6.04116817207,5.0
6.15370041536,7.0
5.76061143691,5.0
5.5064578685,6.0
5.40594048128,5.0
4.99249728989,4.0
5.45000233319,6.0
6.30539288685,5.0
5.43017773799,6.0
5.94042417603,6.0
6.30643159638,8.0
5.43612046914,5.0
5.84859532388,6.0
5.56551655178,7.0
5.86681205492,6.0
6.30838002887,6.0
5.39854792518,5.0
6.3763539943,7.0
5.71961050737,8.0
5.31452757728,4.0
6.23233217653,6.0
5.9817902408,5.0
5.43933535554,5.0
6.47156635965,6.0
6.72371285585,7.0
6.39451259152,7.0
5.94861051868,5.0
5.39659450073,5.0
6.12887491458,6.0
6.12612959108,6.0
6.40466883328,6.0
5.56291525757,7.0
5.96392300032,7.0
6.36620828379,6.0
6.00081162733,6.0
5.44356795449,5.0
5.36445486317,5.0
5.9318196868,7.0
6.5772833473,6.0
6.3452029517,7.0
5.79307495346,6.0
5.50816577736,5.0
5.45578945323,5.0
5.33392675883,6.0
5.78924323232,6.0
5.59503185809,6.0
6.21074489329,7.0
6.36833922225,6.0
5.92745430422,6.0
6.19916422491,6.0
5.46702822588,5.0
6.08247669115,7.0
6.08992815349,6.0
5.57593764211,6.0
5.77113349069,5.0
5.40109463079,5.0
5.62534004592,6.0
6.65736313103,7.0
5.33608964655,5.0
5.27543161915,5.0
6.15505835978,7.0
5.54708193193,6.0
5.95370738588,5.0
5.57934460571,6.0
6.48805850275,7.0
5.81784690258,6.0
5.54195676199,6.0
6.6521014669,6.0
6.17514383251,5.0
6.72986310335,7.0
5.31877301491,4.0
6.17660059783,7.0
5.45464282681,6.0
6.4830552159,6.0
5.45427329299,5.0
5.74171454535,6.0
5.89436027432,6.0
5.61089105705,6.0
6.05609897037,7.0
6.70413078227,6.0
6.18496884399,7.0
5.77162330797,6.0
5.38227583563,5.0
6.26915935019,6.0
5.16765054225,5.0
6.04365654915,6.0
5.44643277683,5.0
6.12563247533,6.0
5.5188148826,8.0
5.49541208913,5.0
5.99495322795,6.0
5.42757705106,5.0
6.79174414083,7.0
5.72515530567,6.0
6.43263144722,6.0
6.4623787123,6.0
5.51064333675,3.0
5.51155645156,7.0
5.5075572239,6.0
6.25331215972,6.0
5.64559141805,6.0
5.59484001259,5.0
5.43999899017,5.0
5.75595062554,7.0
6.53698861018,8.0
6.31853251271,6.0
5.3408927312,5.0
6.36457321676,6.0
5.40084936894,5.0
6.21871516451,6.0
5.57726907679,4.0
6.06134447818,6.0
6.02063760097,6.0
5.44589188811,4.0
6.21609165627,7.0
6.06619944302,6.0
5.32036900429,5.0
5.72514420043,6.0
6.54014653688,6.0
6.02176284741,6.0
5.48006731401,6.0
5.51744024924,6.0
5.42068915808,5.0
5.43411597279,5.0
6.08502094531,5.0
6.15358835904,6.0
5.73448397837,6.0
6.0954617153,6.0
5.61695439439,5.0
5.48750505773,6.0
5.28686263935,5.0
6.16898008363,7.0
5.63953449817,5.0
6.02509676609,5.0
5.37372764254,6.0
6.23757377,7.0
5.7402316928,5.0
5.50672524168,5.0
5.59026293161,7.0
6.67809246601,6.0
5.38425096667,6.0
5.81757228043,5.0
5.60821895368,5.0
5.85789311889,6.0
5.0388298438,4.0
6.29775109966,6.0
6.30110793803,6.0
6.53193870013,7.0
6.09650064733,6.0
5.99455999459,6.0
6.23643952809,6.0
6.09358599209,6.0
5.35638634692,6.0
6.08059482255,6.0
5.65581813437,5.0
5.5205538708,6.0
5.50364986561,5.0
5.80780677164,5.0
5.81078644252,5.0
5.33323399336,5.0
5.6312907654,5.0
5.46301385232,6.0
5.88465986325,6.0
6.57759270616,7.0
5.60328690126,6.0
5.51463447703,6.0
6.28657152663,6.0
5.44219713203,5.0
6.18785445522,6.0
6.03616915598,6.0
5.42339820824,6.0
6.32484016757,6.0
5.87288210481,6.0
5.47931479746,5.0
5.71515603971,4.0
6.41417827234,8.0
6.08185930702,6.0
6.84025404797,6.0
5.54013132333,6.0
5.82690626639,7.0
5.51240560154,6.0
5.46985019708,5.0
5.64014458062,5.0
6.68408453115,6.0
5.58045042998,7.0
5.73603001447,6.0
5.47088711801,5.0
6.51959827205,6.0
6.03822855096,6.0
5.40769216028,6.0
6.43559373123,6.0
6.18755882833,6.0
5.80843220012,6.0
5.64839185136,6.0
5.41829328317,5.0
5.67291168083,6.0
6.22666871088,6.0
5.4625482337,5.0
5.53722174718,6.0
6.03870651659,8.0
6.45791147258,6.0
5.10715131249,5.0
5.40264017697,5.0
5.61409410902,6.0
5.43379103644,6.0
5.50555022872,6.0
6.37970469164,6.0
5.66794930286,5.0
5.59702913046,5.0
5.83190140814,6.0
5.38118676369,4.0
5.4270918793,6.0
6.64951256611,6.0
6.19921474224,7.0
5.65994825972,6.0
5.90425514842,6.0
5.33648614617,5.0
6.24611949912,7.0
5.34103093905,6.0
6.65711373939,7.0
5.59933823804,5.0
5.39278460134,5.0
5.90865589331,5.0
5.85976377397,6.0
5.75497101041,5.0
5.57500959422,6.0
6.34397435876,7.0
5.80785411755,5.0
5.52763420384,6.0
5.48228529547,6.0
6.68112645026,7.0
5.42254370201,5.0
6.77875084786,5.0
6.17539401212,7.0
5.81752852063,6.0
6.18951153894,6.0
6.03805628887,6.0
6.06780834459,6.0
6.83913639501,7.0
5.50470041769,5.0
5.55672032202,6.0
5.52669500901,7.0
6.63152963921,6.0
6.070558144,7.0
5.41803509583,5.0
6.46978887578,5.0
5.41806295888,5.0
5.92797846652,6.0
5.9263759894,6.0
5.13764058514,5.0
5.50996436186,6.0
6.25397807381,6.0
6.20422935451,5.0
5.37919454491,4.0
5.3711319978,5.0
5.64339666061,7.0
5.93915485858,5.0
5.35776212757,5.0
5.46186048805,5.0
6.12319541552,4.0
5.79283331142,5.0
5.44227956612,6.0
5.49977089038,7.0
6.78111542451,9.0
5.12322379052,5.0
5.92310443015,6.0
6.81426919162,7.0
6.2296350929,7.0
6.48805850275,7.0
6.51967369826,6.0
5.74710499841,5.0
6.06334222143,6.0
5.84154254619,7.0
6.5720341646,7.0
6.36392764689,7.0
6.52349139871,6.0
5.34612918793,5.0
6.62365007013,7.0
5.68084678492,6.0
5.43835522445,5.0
5.81493649253,6.0
5.57879062574,6.0
5.65518216472,6.0
5.82585675154,5.0
5.52281965702,5.0
5.47108506443,6.0
5.52795091564,7.0
5.23680416597,5.0
5.82560116912,5.0
5.30104464278,5.0
5.49541208913,5.0
5.53853364121,6.0
6.42888740222,6.0
6.68604875927,6.0
6.36620828379,6.0
6.71537042796,7.0
6.25474210707,7.0
5.53663153398,5.0
5.69133603329,5.0
5.71324724958,5.0
6.09397611168,7.0
5.85287862554,6.0
5.56524242119,5.0
5.83614647495,5.0
6.73656609663,6.0
6.03780498748,6.0
5.36532499521,4.0
5.43999899017,5.0
5.55333410298,6.0
6.03947091407,7.0
6.61825375462,6.0
5.27918012427,5.0
6.15518579378,7.0
5.91959303238,6.0
6.06334222143,6.0
6.01546581635,8.0
5.9226302942,6.0
6.48848404567,6.0
5.52009797009,6.0
5.33290675329,5.0
6.2056866135,6.0
6.53868776185,6.0
5.73356977077,5.0
6.20357909672,6.0
5.98544360184,7.0
6.06928910053,6.0
5.65429972065,6.0
5.57418670504,5.0
6.70336858048,7.0
5.64045765622,5.0
6.44277603704,7.0
5.56474055796,5.0
5.82329092371,7.0
5.5592996606,6.0
6.60925605903,7.0
5.74990025178,5.0
6.55853654139,8.0
5.65130158422,6.0
6.07274152849,6.0
5.49977089038,7.0
6.137198893,6.0
5.71438411331,7.0
6.0958946043,6.0
5.30421996366,6.0
5.42489200234,5.0
5.38768150013,5.0
6.10546296131,5.0
6.65095734807,7.0
5.96945818777,5.0
6.45560016126,6.0
5.40781285629,5.0
5.56291525757,7.0
5.64214933623,4.0
6.57853514279,7.0
5.79441249919,5.0
5.48662398209,5.0
5.41831087324,5.0
6.6320029989,6.0
6.39980570476,6.0
5.24618281342,5.0
5.57448030719,6.0
5.96337782605,6.0
5.93200457024,6.0
6.66419119013,8.0
6.38224662349,6.0
5.41912037807,5.0
5.48527883177,7.0
5.75386017866,6.0
5.76154358775,4.0
5.32562278912,6.0
5.90661260383,5.0
6.1713871696,5.0
6.08450641871,6.0
6.0749737026,7.0
5.57448430534,6.0
6.61920813619,6.0
6.5425121861,6.0
6.66851999171,5.0
6.20745769567,7.0
6.14392069911,7.0
5.9278411385,6.0
6.48713062255,7.0
6.24486414995,6.0
6.58396273058,6.0
6.5200835446,7.0
5.36177314672,5.0
5.83641220546,6.0
5.44352297135,6.0
6.01921129625,6.0
5.64304547327,5.0
5.37682496193,5.0
6.06357210123,5.0
5.52795091564,7.0
6.45791608415,6.0
6.48868497683,7.0
5.3673645753,5.0
5.61774305596,6.0
6.06820741365,5.0
5.60696430994,6.0
5.81353079053,5.0
5.37200871439,6.0
5.35420480332,4.0
5.17339357096,5.0
6.75505312508,7.0
6.19539887058,7.0
5.23561748999,4.0
6.45560016126,6.0
5.7381563964,6.0
5.48527883177,7.0
6.25726696868,6.0
6.71199729645,5.0
5.61474438703,5.0
5.98041590099,6.0
6.65711373939,7.0
6.76886568954,7.0
5.49379133507,7.0
6.60977206473,8.0
5.42751632907,5.0
6.19110246804,6.0
5.40487587891,5.0
5.5121692652,5.0
5.48845171252,5.0
6.15356484071,5.0
6.22252230336,6.0
6.10286252655,6.0
5.93915485858,5.0
5.35681928468,7.0
5.33797726056,5.0
5.89505361159,6.0
5.49379133507,7.0
5.69715847041,6.0
5.63802270388,5.0
5.41997303776,6.0
6.03338058452,7.0
5.64360706099,6.0
6.1903136581,6.0
5.47159685826,6.0
5.61409410902,6.0
5.15405747991,5.0
5.57448030719,6.0
6.79264904862,6.0
6.62106025605,7.0
5.52503336963,6.0
5.2541762193,5.0
6.36868247477,7.0
5.82216238551,7.0
5.54768926442,7.0
6.63356033273,8.0
5.63799846636,6.0
5.68685832476,6.0
6.00788897186,6.0
5.51380782612,5.0
5.4623592123,5.0
5.82417533581,5.0
6.75505312508,7.0
5.47572568639,5.0
5.63781992645,6.0
5.54495743753,8.0
6.74981819319,6.0
6.29431970445,6.0
5.78348988615,7.0
5.84991589603,6.0
6.03530159352,6.0
5.43725737727,5.0
5.64292474281,6.0
6.28657152663,6.0
5.76886809197,6.0
5.63802270388,5.0
6.7065036515,9.0
5.93038076255,7.0
5.40659027341,5.0
5.84563486848,6.0
6.48352246489,6.0
6.06164276437,6.0
6.67152340113,7.0
5.96819131921,5.0
6.32523802864,5.0
5.65597179688,6.0
6.22305477285,8.0
6.17572775962,6.0
6.48713349148,7.0
6.47389302074,7.0
5.35398252885,5.0
5.72407759394,6.0
5.59756570547,6.0
6.13394359115,6.0
5.40747057347,5.0
6.2889912963,6.0
6.56309786005,6.0
5.60083976778,6.0
5.5964161126,6.0
5.4114002737,7.0
6.75273606991,7.0
5.38472996059,5.0
5.84549875823,6.0
5.75045573776,6.0
5.95873775241,6.0
6.26190788665,6.0
5.97113945569,6.0
5.42620507613,5.0
5.54768926442,7.0
5.81992389113,6.0
5.53839773429,5.0
6.36270339589,6.0
5.46106576047,6.0
5.93078443325,5.0
6.71788728953,6.0
6.18407451598,6.0
6.79174414083,7.0
6.36036145612,6.0
5.15622839575,6.0
6.07755388473,7.0
6.33811012408,6.0
5.72416225707,4.0
6.61575113598,7.0
6.87369480657,7.0
5.17750575358,5.0
5.63011818789,4.0
5.58898482726,6.0
5.76739596489,6.0
5.48006029032,5.0
5.91960365184,5.0
5.49164388918,5.0
5.762953884,5.0
6.11180581865,5.0
5.34937830179,6.0
5.70474382182,5.0
6.30984808863,6.0
5.51448926789,5.0
5.56890036899,6.0
6.55370596967,8.0
6.72842076948,7.0
5.74973372701,6.0
5.78655172133,5.0
6.12441483685,5.0
6.71344524667,6.0
6.56303954872,7.0
6.44662824463,6.0
5.72576835372,6.0
6.70778141348,8.0
5.4408741014,6.0
5.74458761302,7.0
5.54557735485,6.0
5.58766125007,5.0
5.74231663458,6.0
5.81752852063,6.0
5.35002538976,5.0
6.69918422963,6.0
6.53698861018,8.0
6.64548615046,6.0
5.4328272019,5.0
6.77036844816,7.0
5.39440451419,5.0
5.81396036018,6.0
5.56114133741,5.0
6.85042267073,7.0
5.40469767022,6.0
6.06862301526,5.0
6.57009157757,6.0
5.12231852133,5.0
5.94939579481,6.0
6.14761245523,6.0
5.62642048999,8.0
5.75183981132,4.0
6.58504623408,7.0
6.15524311169,6.0
5.71303897814,7.0
5.45464282681,6.0
6.22360548638,7.0
6.83807365009,6.0
5.68057401713,5.0
5.80294031344,5.0
5.35458355957,5.0
5.40776178482,5.0
5.5205538708,6.0
6.41260785336,6.0
5.8048933374,6.0
6.00397236514,6.0
5.46903746127,5.0
5.77363922995,7.0
6.46813282348,6.0
5.82585675154,5.0
6.40538650956,6.0
6.63798154577,6.0
5.60992031081,5.0
6.03728388637,5.0
5.59026293161,7.0
5.89581707088,6.0
5.76644373973,6.0
6.07217333926,6.0
5.53709596665,5.0
5.5235444163,5.0
6.267812618,6.0
6.46608671912,6.0
5.62634993218,6.0
5.59110146195,5.0
5.82329955041,7.0
5.47740456934,5.0
6.53611546609,6.0
6.1417781454,6.0
5.34907507679,4.0
5.73006315278,5.0
6.3998712575,6.0
6.36908923571,7.0
5.88474883718,6.0
6.61010308005,7.0
5.58829513285,6.0
6.36099979393,6.0
5.99556344965,7.0
5.53853364121,6.0
5.21518833446,5.0
5.6637139342,6.0
6.30232029996,8.0
6.59879197688,6.0
5.61462975156,5.0
5.5121692652,5.0
5.47971877604,6.0
5.49778424983,4.0
6.27868509979,6.0
5.4030283467,5.0
6.31254202615,7.0
6.33704598748,7.0
6.01227050686,6.0
6.40666824314,6.0
6.7370035357,6.0
5.43087512207,6.0
5.54914453905,5.0
6.17572775962,6.0
5.39598062074,5.0
5.80001322046,6.0
6.9389066005,7.0
6.26760491022,7.0
5.60083976778,6.0
5.46484203157,5.0
6.25177658497,6.0
6.23046528251,5.0
6.32006896308,7.0
6.07161533113,6.0
5.53440096388,6.0
5.59791114873,6.0
6.18412805832,6.0
6.52079831923,5.0
5.76077741657,6.0
6.20896338696,6.0
5.53955914439,6.0
6.23937139074,7.0
5.34787599068,6.0
5.34988359533,5.0
6.05975611347,6.0
5.64320064278,5.0
6.64979209583,6.0
6.58505481849,6.0
5.30712965572,6.0
5.51736208248,6.0
6.68268762592,8.0
6.05342466499,7.0
6.11876492964,5.0
5.52391717431,5.0
5.51636495594,6.0
5.51370832459,6.0
5.92651252029,7.0
6.02816380953,6.0
5.26130436834,5.0
6.60573166294,6.0
5.49927340656,5.0
6.66299726425,7.0
5.5635374978,4.0
5.9030850373,5.0
5.76636133508,5.0
5.53853364121,6.0
6.6757691692,7.0
5.73115113236,6.0
6.55919872231,4.0
5.57361158847,3.0
5.43256238555,5.0
6.08132216421,8.0
5.58989735952,5.0
6.24500062004,7.0
6.545157882,6.0
5.53598725106,6.0
6.68489040731,7.0
5.91825517112,5.0
5.41803509583,5.0
6.60572223779,6.0
5.39815303403,6.0
6.53889665054,7.0
6.28008201552,5.0
5.46878927683,5.0
5.41963037032,6.0
5.72238921628,7.0
5.85721479001,6.0
5.87951108699,6.0
5.57495253713,4.0
6.41846406609,7.0
5.62447479989,4.0
5.41819593754,5.0
5.5086117693,5.0
5.45461503249,5.0
6.57853514279,7.0
6.57134445936,7.0
5.64067111977,6.0
5.87640158315,7.0
5.7452830853,6.0
5.55779051922,5.0
6.31506332151,4.0
5.84005478909,6.0
6.19867195371,7.0
6.16393026651,6.0
5.82735832759,5.0
5.54550600472,5.0
5.71564017658,5.0
6.07533013979,6.0
5.56779874098,6.0
5.52795091564,7.0
6.11439031161,6.0
6.68265414779,6.0
5.50140771367,5.0
6.59628341847,8.0
6.62630917553,8.0
5.44608423926,5.0
5.40175378921,5.0
6.4472823983,7.0
5.71763990781,6.0
5.57735485892,6.0
5.43596206177,6.0
5.53383677336,5.0
5.86657102947,5.0
5.45854604551,5.0
6.34517984381,5.0
5.91908684146,5.0
5.42577441188,6.0
6.03453849078,7.0
5.89397512079,6.0
5.59026293161,7.0
6.40354240113,5.0
5.27076973832,5.0
5.21281770126,5.0
5.26411270286,5.0
5.44643277683,5.0
5.47042312109,6.0
6.03836421826,6.0
5.44961222462,6.0
6.71788728953,6.0
6.35818079334,7.0
5.16104336205,5.0
5.81768093859,6.0
6.7003955848,7.0
6.7675441779,7.0
6.70482763375,7.0
6.5583994409,6.0
6.32536957224,6.0
6.554748158,6.0
5.39564261901,6.0
6.49633889399,6.0
6.392880755,6.0
5.44183038568,6.0
5.93936386203,5.0
6.53193870013,7.0
5.43511542426,5.0
5.21734483078,5.0
5.46860806717,5.0
6.71502573892,6.0
5.88451704481,8.0
5.55875812521,5.0
5.48935044963,5.0
5.02385082916,5.0
5.84911835897,7.0
6.24268495778,7.0
5.59175239157,5.0
5.39659450073,5.0
5.5764411496,6.0
6.45030827518,5.0
5.45333200422,5.0
5.56291525757,7.0
6.55809432843,6.0
6.30454850935,7.0
5.71215807552,5.0
5.38708121593,5.0
5.53403596526,5.0
5.43441448333,6.0
5.50777143386,6.0
5.35101036419,5.0
6.4013279818,7.0
6.68658405654,8.0
5.6203653618,6.0
6.11180581865,5.0
5.53915451988,7.0
5.50645445626,4.0
5.89721867838,5.0
5.3707969492,6.0
5.36161499483,6.0
5.56931371944,6.0
5.61089105705,6.0
5.6355878179,5.0
5.40359040171,6.0
6.31999634639,7.0
5.73102327106,6.0
5.53065964939,5.0
5.43193238503,6.0
5.44636013853,5.0
6.1861419089,6.0
5.62825856232,6.0
5.81204394461,7.0
5.41565681677,6.0
6.54887782344,7.0
5.48991114363,5.0
5.54905391291,5.0
5.80955108828,6.0
5.75584659664,6.0
6.07005567507,5.0
6.40466883328,6.0
6.0118124636,5.0
5.47015926531,5.0
5.43835522445,5.0
6.60003890599,5.0
5.49379133507,7.0
5.45458935962,5.0
6.27868509979,6.0
5.75082276646,6.0
6.17539401212,7.0
5.67608353674,7.0
5.84005478909,6.0
5.62752483247,5.0
6.64755637071,8.0
6.28570683726,6.0
5.93936386203,5.0
6.0247923386,6.0
5.4969046218,5.0
5.23450084079,5.0
5.44651859387,6.0
6.26125745101,5.0
5.51370832459,6.0
6.73253985454,8.0
5.60367348825,6.0
5.51797300967,6.0
5.48951228289,5.0
6.76990120076,7.0
5.45022570081,6.0
5.59274001581,5.0
5.59842421752,6.0
5.47131576224,6.0
5.45651822553,5.0
5.47899459009,5.0
6.16572922583,5.0
5.50330036791,6.0
6.44559603317,6.0
5.73662021197,5.0
6.32732916199,7.0
5.8985134454,5.0
6.49107597367,8.0
5.51155645156,7.0
5.68508919815,7.0
6.00656777577,6.0
6.40094798087,7.0
6.30827203352,5.0
6.65636644048,6.0
5.29505693737,4.0
5.61116500369,5.0
6.14695448387,6.0
5.87951108699,6.0
5.64751487408,5.0
5.5459381191,6.0
5.97342590985,6.0
5.50804182129,6.0
5.78846965421,6.0
5.72943634158,6.0
5.78886238789,6.0
5.49553958486,6.0
6.04795444273,5.0
5.24741959558,5.0
5.48618919297,5.0
5.69665568965,5.0
6.12311653655,5.0
5.7447013082,6.0
6.18035907741,7.0
6.85349153534,7.0
5.54632405955,5.0
5.51244086873,5.0
5.55272942127,6.0
6.1645821133,7.0
6.45807248384,6.0
6.12649800988,6.0
6.35381001972,6.0
6.53402781223,6.0
6.58637624344,7.0
5.58247684481,5.0
5.51541815302,6.0
5.41912037807,5.0
5.32936987447,5.0
5.39283600953,5.0
5.8535730576,6.0
5.49566091833,5.0
5.56243052265,7.0
5.72013403308,6.0
5.67657034351,5.0
5.289717274,4.0
5.61203144849,5.0
5.92514842598,4.0
5.54183538619,5.0
6.2289567664,6.0
5.64045765622,5.0
5.48415316018,6.0
6.36594987295,6.0
5.68601663612,6.0
5.42163780938,5.0
6.72371285585,7.0
5.92246573015,7.0
6.0439932339,7.0
6.48006414021,8.0
6.31475265134,7.0
6.23417775536,6.0
5.47428491225,6.0
5.44410138285,4.0
6.43070488041,6.0
5.82401422099,6.0
5.32589351793,5.0
6.51967369826,6.0
6.12116357914,6.0
5.5966483441,7.0
5.97996380678,6.0
5.60311706707,5.0
6.67253611966,7.0
5.40208030705,6.0
5.90345647193,6.0
6.10872433631,6.0
5.61474438703,5.0
6.01067053238,6.0
5.69087169534,6.0
6.57403951946,7.0
6.35607462325,6.0
5.59026293161,7.0
5.62762290407,6.0
5.54815837383,6.0
5.13874939199,6.0
5.38306830972,6.0
6.17814279083,7.0
5.83906851124,6.0
6.56666557728,7.0
5.5205538708,6.0
6.46700843047,7.0
6.33467387797,7.0
6.25311485708,7.0
6.0308608132,7.0
5.98569571095,5.0
6.01662051132,5.0
5.6878645213,5.0
5.561261112,5.0
5.49564298157,6.0
5.8453205385,6.0
5.82378791824,7.0
5.96290908827,7.0
5.0354821929,5.0
5.59403962323,5.0
5.7344724805,5.0
6.8281003412,7.0
5.50679869517,5.0
5.38624394155,3.0
6.1021837895,6.0
6.07578862172,6.0
6.14886265852,6.0
5.41470477807,5.0
6.87486366928,7.0
6.71356838326,7.0
6.26782555937,7.0
6.12737308616,6.0
6.0371932983,6.0
5.60696430994,6.0
5.87728573155,6.0
5.92738612569,5.0
6.67584083894,6.0
6.23411888678,6.0
5.73899350454,6.0
5.80456027894,6.0
6.6999517536,7.0
6.76055204806,7.0
5.67253413196,6.0
5.38307766132,6.0
5.52159434994,5.0
6.76470151054,8.0
5.57750645897,5.0
6.21438145819,6.0
5.46132098553,5.0
6.22723735559,7.0
6.09571680784,6.0
5.8540397079,6.0
5.47971619342,5.0
5.53201708254,5.0
6.26928782451,7.0
5.47326529815,5.0
5.96702203312,6.0
5.03970748592,4.0
6.41653557824,6.0
5.5476530404,3.0
5.37564801082,5.0
6.12486654286,7.0
5.50811614032,6.0
5.94141870069,5.0
5.284718247,6.0
5.49161531217,5.0
5.7575931789,6.0
5.46458913233,6.0
5.87288210481,6.0
6.75228948795,7.0
5.54841876484,6.0
6.14752125297,7.0
6.74650545016,6.0
