6.25170085381,7.0
6.20958656668,7.0
6.31876474579,7.0
6.97927167284,7.0
5.51395629377,6.0
6.24296070041,7.0
5.8610414384,6.0
5.93164301319,5.0
5.28268143546,6.0
5.79125594953,5.0
5.07057305801,5.0
5.46474371125,5.0
5.23122333036,6.0
5.73961606482,6.0
6.96676636707,6.0
5.03949338109,5.0
5.71316918498,5.0
5.78296401498,6.0
5.32532793549,5.0
6.66876859006,7.0
6.2200750026,7.0
6.04258577942,7.0
5.53967020816,5.0
5.69171190024,6.0
5.6113540942,6.0
5.85780730021,5.0
5.4689989518,6.0
5.66573974078,7.0
6.69019112351,8.0
6.72837900967,7.0
6.18768637278,6.0
5.53492655871,6.0
5.59249630107,5.0
5.10013058907,5.0
5.81411611451,4.0
6.25174182849,5.0
5.17713016873,5.0
5.81491242552,6.0
6.75184348694,6.0
6.10595885821,7.0
6.28235487,6.0
5.98810595515,7.0
4.86930189936,6.0
5.11141803004,5.0
5.62621085311,5.0
6.38474069686,6.0
5.5426695775,5.0
5.50757485455,6.0
5.47920879434,5.0
5.88382231266,6.0
5.45238529222,4.0
6.42134301569,6.0
5.76837732478,5.0
5.550218083,5.0
5.38930473221,6.0
6.05002500478,7.0
5.94297505361,6.0
5.56611491692,7.0
6.02070324212,6.0
6.52639958732,5.0
5.73248878426,6.0
6.55638034105,6.0
6.26310451282,7.0
5.8881728123,6.0
5.72192194165,5.0
5.01322445382,5.0
6.01316541501,8.0
5.79066041115,5.0
5.5577281568,6.0
6.29736718938,6.0
6.12970945656,6.0
6.17136181855,6.0
5.6099495553,5.0
5.49327608819,5.0
5.6700616766,6.0
6.176591635,6.0
4.48437433978,5.0
5.56070295502,6.0
5.24412080472,5.0
5.34136539797,5.0
4.57666587594,5.0
6.96897885618,7.0
5.50070118367,5.0
5.94819819552,7.0
5.69815787089,3.0
5.58964304742,5.0
6.05478318509,5.0
5.45315875663,5.0
5.77753795317,6.0
6.83206014336,7.0
6.03920536333,7.0
6.16534593521,6.0
5.75235401088,4.0
6.22090419564,6.0
5.51569368893,5.0
6.80209779947,8.0
6.45549493163,6.0
6.16268989829,6.0
6.54274446324,7.0
5.74299467735,6.0
5.17904523581,5.0
5.91421572538,6.0
5.29681098371,4.0
5.82657446415,7.0
5.1127942781,5.0
5.49262171419,6.0
6.16630017421,7.0
6.24745744351,6.0
6.56595927654,5.0
5.98751222233,7.0
6.96779540832,6.0
5.5929916025,6.0
5.4457866891,5.0
6.12965274391,7.0
6.83734627529,6.0
5.909845328,6.0
6.4151998513,6.0
6.5115041293,7.0
7.00606777761,7.0
6.29592560671,8.0
6.3885810563,8.0
6.16203575608,6.0
5.35740698916,6.0
5.73007781429,6.0
6.79500881085,7.0
5.63131221073,6.0
5.77690699504,5.0
5.39790834755,6.0
6.67093488583,6.0
5.38683149457,5.0
5.44805265497,5.0
5.63821628748,5.0
6.12878249918,6.0
6.01940304996,6.0
4.73635481295,5.0
6.36964801472,7.0
5.34358462758,6.0
5.86050825239,5.0
5.60212694828,6.0
5.75112452484,6.0
6.29393477989,6.0
5.43045836912,6.0
6.67024384829,7.0
5.42649230796,6.0
5.59888930416,5.0
5.96581692191,7.0
5.87291038445,5.0
6.34558813119,6.0
5.9831741925,7.0
6.4403965966,8.0
5.57976345217,6.0
5.32272957285,5.0
6.64363019479,6.0
5.94520110508,7.0
5.5819321574,6.0
6.53315228942,7.0
5.65730703318,5.0
4.98325225752,5.0
5.31324819718,5.0
7.01153284803,7.0
5.74398386595,6.0
6.47749548948,6.0
5.88514808736,6.0
6.03354055054,6.0
4.97348223456,5.0
6.50393070385,5.0
6.37877077439,7.0
6.46675285846,7.0
6.06450647636,5.0
5.2721708456,5.0
5.76116636813,6.0
5.51917933819,5.0
5.40425037805,5.0
6.41506909113,7.0
5.71566399238,5.0
6.45873350511,8.0
5.84020576705,6.0
5.61623389046,6.0
5.2923134204,5.0
5.09478376928,5.0
6.9387503819,7.0
6.12944093246,6.0
5.29158043533,5.0
5.64876893432,6.0
5.49517782958,5.0
5.28649487419,6.0
6.64258703066,8.0
6.0262849327,7.0
6.09215255382,6.0
6.24316714698,6.0
6.07659680572,6.0
5.47633345665,4.0
5.57085631111,5.0
6.10720079164,6.0
6.00396712704,6.0
6.30260404863,6.0
5.81365747538,5.0
6.0623646202,6.0
5.98811000817,6.0
6.74775415045,7.0
5.266005365,5.0
4.96465345462,5.0
6.32752145163,6.0
6.24041043062,6.0
5.59934418864,7.0
6.1976825895,6.0
5.97638656962,6.0
6.09966653537,8.0
5.93223202039,6.0
5.51178444713,6.0
6.43180129552,6.0
6.42137572087,5.0
5.76311805825,6.0
5.87974688255,7.0
5.76772292858,6.0
6.10066481241,7.0
6.59583362664,8.0
5.30322502074,5.0
5.45460988798,6.0
7.09124765672,7.0
6.37120849202,6.0
6.80454031612,6.0
6.09470015596,7.0
5.6480293653,6.0
5.6571584079,5.0
5.89307176498,6.0
6.22053311035,6.0
5.6571584079,5.0
6.59654435087,7.0
5.15336634746,5.0
4.41109653266,5.0
6.45402233916,7.0
5.28080808297,5.0
6.6841304684,5.0
5.26946300842,5.0
5.38966569233,5.0
5.08281509959,5.0
4.82893997534,4.0
5.39382246496,6.0
4.78547823934,4.0
6.03999898179,6.0
6.51554709455,6.0
6.01153659669,6.0
6.06318999674,7.0
5.76906569726,6.0
4.56005889914,5.0
6.23522610219,6.0
5.19561890888,6.0
5.56386861205,5.0
5.59343702141,5.0
5.56349831361,6.0
5.64952351309,5.0
5.72408547925,6.0
6.01099270499,5.0
6.52251863781,7.0
6.1701860129,7.0
5.71694636378,6.0
6.65602654328,7.0
5.48736677364,7.0
6.28467054052,6.0
4.91737119464,5.0
4.80521193942,3.0
5.7629164388,6.0
6.45852789173,6.0
5.03906338349,5.0
4.81967769294,6.0
5.71694636378,6.0
5.85480427168,7.0
5.21279819686,5.0
5.91206012124,6.0
5.5994035311,4.0
5.8361871453,6.0
6.17138571673,7.0
6.33469448612,6.0
5.32557564435,5.0
5.55912098605,6.0
6.75525659799,6.0
5.99192824958,6.0
6.37371155414,7.0
6.21301774115,5.0
5.23929810914,5.0
6.08410602777,5.0
4.65865381728,4.0
5.96855994211,6.0
5.50976449314,5.0
5.6113540942,6.0
6.07754448376,7.0
5.49387518337,5.0
5.35635437729,6.0
5.93738460661,6.0
6.01438546132,6.0
6.19951359253,7.0
6.29632416845,6.0
5.88207346441,6.0
5.44062938779,4.0
6.57730173885,7.0
5.3711331309,6.0
6.16099840981,6.0
5.58450791744,5.0
5.46766195147,6.0
5.42440960835,5.0
5.14929512502,5.0
6.15581164743,5.0
4.82474342167,5.0
5.49012929856,6.0
5.89294893397,5.0
5.75550346942,5.0
5.6123566,6.0
5.97357628252,8.0
5.43628946192,5.0
6.52033580385,8.0
5.27549170934,6.0
5.49044933988,5.0
4.80560527329,6.0
4.76932521245,6.0
5.29796732252,6.0
6.14483133895,7.0
5.63582015053,7.0
6.01727406842,6.0
5.21714045823,5.0
5.00484016351,5.0
6.38963825707,7.0
5.68483395258,7.0
6.51863338208,7.0
5.49044933988,5.0
5.40700688574,6.0
5.60050884928,5.0
6.14656209067,6.0
6.02157390674,6.0
5.68813576764,6.0
6.4843282965,7.0
5.30286532784,6.0
4.97486436561,6.0
6.25934314169,7.0
5.2935644237,5.0
6.13378112202,6.0
6.54194462961,6.0
6.55161346175,6.0
5.34482836421,5.0
6.32457742317,5.0
5.56611491692,7.0
5.56529074237,5.0
5.266005365,5.0
5.57328013099,6.0
5.89446480869,5.0
4.88298785054,6.0
6.37407380072,6.0
5.13862739319,5.0
6.20417380184,6.0
5.60425594699,6.0
5.55413718846,6.0
6.80454031612,6.0
6.57383440339,6.0
5.16871268852,5.0
6.33550360112,6.0
5.41856940014,5.0
5.70973245571,6.0
6.05315593428,7.0
6.34837658868,7.0
6.04670959106,4.0
5.51071080327,5.0
6.78029647129,7.0
6.23650983283,7.0
5.3681325767,5.0
5.16188729086,5.0
5.46643408626,6.0
6.26587986265,6.0
5.7853948773,6.0
5.22623034177,6.0
5.87390432532,6.0
6.20061387381,7.0
6.3680780423,6.0
5.80763377361,6.0
6.49873654723,6.0
5.92677345737,7.0
5.85769357395,5.0
5.6641491264,5.0
6.1522408729,5.0
6.19247436051,5.0
5.16449383495,6.0
5.53529134055,6.0
5.84315088731,5.0
6.29268088538,7.0
5.71700134923,7.0
5.60917548087,5.0
5.66230502421,6.0
6.69722730293,8.0
5.78447766435,6.0
5.62829715895,7.0
5.21981193705,5.0
6.33855993391,8.0
5.96352618603,6.0
6.29561252572,7.0
5.77700296494,5.0
6.86168864582,7.0
5.55495676327,5.0
6.56485263998,6.0
6.4097529297,6.0
5.48191133273,5.0
5.84899934825,6.0
5.53192635252,6.0
6.73987840065,7.0
6.61020569823,6.0
6.72040854917,7.0
6.73903996524,8.0
5.93743343019,6.0
5.79896469638,5.0
6.43427746982,6.0
6.33846046977,7.0
5.58425779674,6.0
6.51060099419,7.0
6.01909637819,7.0
5.90385221589,6.0
5.60309903988,5.0
5.66573974078,7.0
6.0857651331,6.0
6.55053786695,6.0
6.64203672716,7.0
5.07756217013,4.0
5.50800335463,6.0
5.50393302646,5.0
5.64469324427,6.0
5.25494466877,5.0
6.55251314323,8.0
6.29951725292,4.0
5.3852362587,4.0
5.01466392797,5.0
5.88400335738,6.0
6.83206014336,7.0
5.94768796777,6.0
5.89180725932,5.0
5.63790097879,6.0
5.32200498992,5.0
6.23575459286,7.0
5.36863483784,5.0
5.50050392983,6.0
5.45091135078,5.0
6.07739556343,6.0
4.95312656784,5.0
5.37861778025,5.0
5.56391205761,6.0
6.12458500754,6.0
5.54568404869,6.0
5.73164557725,6.0
6.79920288339,7.0
5.7164158206,7.0
5.45591460934,5.0
5.3339005933,5.0
5.20267566392,5.0
6.0364051963,6.0
6.51517806481,6.0
6.87414294664,7.0
4.99864726008,6.0
5.87881651823,6.0
5.11838480721,5.0
5.99089417277,6.0
5.63038263609,6.0
5.25263689368,5.0
5.38234558498,5.0
5.54030390659,5.0
5.40854611613,6.0
5.42826445907,5.0
6.15476293252,7.0
6.45050198275,6.0
5.5105073547,5.0
5.52572270561,6.0
6.21340066444,6.0
5.86540451889,5.0
5.83763304111,7.0
5.7493778116,6.0
5.7821128789,6.0
5.7238418805,5.0
5.51218137001,6.0
5.99052006479,7.0
5.84340189131,5.0
6.18097666412,7.0
6.96897885618,7.0
6.43215221471,7.0
5.50360822472,5.0
5.54548982896,6.0
6.0395874728,6.0
6.53436215752,6.0
6.05797455207,7.0
5.84053483127,5.0
6.3635935422,6.0
5.17699921614,5.0
6.19248286177,7.0
5.89126392778,6.0
5.49012929856,6.0
6.04938244273,8.0
5.60025054618,6.0
5.44557056746,6.0
5.61874100195,5.0
6.23269743758,7.0
5.95142376331,5.0
5.32498479378,5.0
6.01639636299,5.0
5.22109669941,5.0
5.84410495909,6.0
5.5122138847,5.0
5.39649825925,5.0
5.91558895255,5.0
4.62813859035,6.0
6.28692213973,6.0
5.24196913073,5.0
5.19080975165,6.0
5.93145089611,6.0
5.81497130273,6.0
5.97361151503,6.0
5.76035989828,6.0
5.79207865018,6.0
5.74486997816,5.0
6.13357754067,5.0
5.23423461733,5.0
5.85366519285,6.0
5.44614889551,6.0
5.60244391258,5.0
6.31093795559,3.0
5.50916767737,5.0
6.08243489125,6.0
5.57158823155,6.0
5.73184969555,6.0
6.73595310263,7.0
6.41675092722,7.0
5.35643535714,5.0
5.76880795965,6.0
5.77413004704,6.0
6.80657850739,6.0
6.89188049949,9.0
5.12573293511,5.0
6.67128054024,6.0
5.53203535411,5.0
5.85610368822,7.0
6.63047029665,6.0
5.43687681296,6.0
6.21273975909,6.0
5.62345693839,6.0
5.92271905273,8.0
5.65827253261,6.0
6.36324685653,5.0
5.48962259799,7.0
5.69594058576,5.0
6.3826688493,6.0
5.55444632952,5.0
5.47041632831,5.0
6.21225624006,7.0
5.52158277955,6.0
6.72831751761,6.0
5.42242548647,5.0
5.4718530675,6.0
5.57597031562,5.0
5.51639309454,5.0
5.2830694516,7.0
5.93164301319,5.0
6.94424746146,7.0
5.4115443628,5.0
5.35523423242,5.0
5.71328537307,6.0
6.30819109715,7.0
5.58335790275,6.0
6.10220848368,6.0
6.87274163402,6.0
6.30361983794,7.0
6.2892978633,6.0
5.61169379973,6.0
5.25080062601,5.0
6.31346402579,6.0
5.6513327129,6.0
5.91142835513,8.0
5.99825673403,5.0
5.51985557391,5.0
5.11321629344,5.0
5.57371380199,5.0
5.71736780872,4.0
6.19876648299,7.0
5.93078019838,6.0
5.25541676125,6.0
5.95217802661,6.0
5.84053483127,5.0
6.0872956813,7.0
5.68647357176,6.0
6.64443181107,6.0
5.99429027375,5.0
5.80994612285,6.0
6.09694778431,7.0
5.49930988383,5.0
5.35618324159,5.0
5.44703712792,6.0
5.92607661784,5.0
6.02974821158,3.0
5.42182407292,5.0
6.5896665484,7.0
6.27086882504,5.0
6.40322742708,7.0
6.24909737764,7.0
5.9999637882,6.0
5.48962259799,7.0
5.23028584949,5.0
6.07632607534,7.0
6.63213275395,6.0
5.72193488831,7.0
6.71639777603,6.0
5.40012061441,5.0
6.57173752156,7.0
5.80959091058,5.0
5.4118582976,5.0
5.88534144986,7.0
5.94309689336,6.0
5.6180426537,5.0
5.81229598938,6.0
5.5046939066,5.0
6.73020364981,6.0
5.5071524078,5.0
5.45654686032,6.0
5.36675322376,5.0
6.14918462354,6.0
5.55032763873,6.0
5.16307169139,5.0
5.57576428665,5.0
6.0181457115,6.0
5.72844950831,5.0
6.37979785763,6.0
5.50050869593,5.0
5.56978722146,5.0
5.66153796448,6.0
5.43570688583,6.0
6.35575574778,6.0
5.93315017696,6.0
5.59600506496,6.0
6.2378327934,6.0
5.23788860231,5.0
5.58615487384,5.0
5.28783843024,5.0
5.41039908528,5.0
5.25730033066,6.0
5.35098901514,6.0
4.53268077716,4.0
6.27262383834,6.0
4.93339020013,6.0
6.25318053353,6.0
5.98828614879,6.0
6.36772077704,6.0
6.36949286469,7.0
5.37378484702,6.0
6.40479889561,7.0
5.6575477254,6.0
5.99964357745,6.0
5.47126428039,6.0
5.3476831298,5.0
5.69583408001,6.0
5.42035833958,6.0
5.34587128236,4.0
5.45315875663,5.0
5.23929810914,5.0
5.69035820037,5.0
6.16534593521,6.0
6.79802802831,6.0
5.87699895563,6.0
6.01463865368,7.0
5.3610901343,5.0
6.26437743797,6.0
6.22977503182,6.0
6.17937290193,6.0
7.00025396267,8.0
5.75270061635,6.0
6.22308588688,7.0
6.24745744351,6.0
5.6477866934,6.0
6.29458105551,6.0
4.92990954118,4.0
6.87727068971,7.0
7.03956908079,6.0
5.11062041814,4.0
4.77345856957,5.0
6.68106617539,6.0
5.48793850074,6.0
6.26980012963,6.0
6.31921986453,6.0
6.34360807408,5.0
5.08453210169,6.0
5.37665498078,4.0
5.5388509808,6.0
5.89277312724,7.0
6.03150913483,7.0
6.10370759503,6.0
5.4080466429,5.0
5.81042318063,5.0
5.88045754516,6.0
5.28927319897,5.0
6.20852974481,6.0
5.63785863257,6.0
5.907473116,5.0
6.03143689493,6.0
5.99108375868,6.0
5.54296374662,6.0
5.65314316689,7.0
5.54660678169,6.0
5.79613928552,6.0
5.45797863074,6.0
6.05870610087,6.0
5.6039979333,6.0
6.48963947176,8.0
5.13268309941,4.0
5.88422685672,6.0
6.30291389222,6.0
6.09694778431,7.0
4.93541135721,5.0
6.45842401547,8.0
5.60212694828,6.0
4.94694591177,5.0
5.3167694573,5.0
5.53220598623,5.0
5.32377591951,5.0
5.23327753117,5.0
5.66152239212,7.0
6.3219990005,7.0
5.9846864729,7.0
6.27835489466,6.0
3.54463050458,4.0
6.02847693855,5.0
5.40642980966,6.0
6.63213275395,6.0
6.25037973061,6.0
5.74028701952,6.0
5.60006903744,4.0
6.36693019327,6.0
5.63241810273,5.0
5.5892629175,8.0
5.40381597327,5.0
5.29806721529,6.0
5.54738978423,6.0
6.11324810189,8.0
5.46518235025,5.0
6.05916388977,6.0
6.30404815465,6.0
5.42993616499,5.0
5.3434233452,5.0
6.39053486063,5.0
5.66248801891,5.0
5.93872029545,6.0
5.79104471555,4.0
6.47344868355,6.0
5.99123980346,6.0
5.35760367367,5.0
6.29786175849,6.0
6.72060274879,7.0
5.80162791844,7.0
5.73814782017,8.0
5.64465044052,5.0
5.96167379369,5.0
6.21493809181,6.0
5.88577825075,7.0
5.73003491715,7.0
6.58752346503,8.0
5.39094032492,6.0
5.83050812349,7.0
6.37633446529,6.0
5.72809030742,6.0
6.24532020204,6.0
6.44894688963,6.0
5.05351943243,5.0
5.46516889529,6.0
6.72952903841,6.0
5.2309888601,5.0
6.61892341429,6.0
5.5426695775,5.0
6.25204041927,6.0
6.55130157302,6.0
5.97982640808,6.0
5.82212181308,5.0
6.82960919923,6.0
6.20039107283,7.0
4.56595888709,4.0
6.8005855967,7.0
5.32693553634,5.0
5.09807438074,5.0
5.6660160614,6.0
4.81346048019,5.0
5.78392515033,5.0
5.36077335781,4.0
6.12330526692,6.0
6.29085914141,6.0
5.78845627327,7.0
6.3915776114,6.0
5.35292812619,5.0
5.28796844846,5.0
5.42242548647,5.0
5.38154385191,6.0
5.5105073547,5.0
4.97979801828,5.0
6.76175528486,6.0
5.91416482181,6.0
5.62145711194,6.0
5.51667938327,5.0
6.52242213957,6.0
6.15651471975,6.0
6.11472292984,7.0
5.35451073458,5.0
5.87683743281,7.0
4.6676075461,5.0
5.33953537666,5.0
5.48420051221,6.0
5.67764471565,5.0
6.64068945592,7.0
5.74062546336,6.0
6.0066220049,5.0
5.69554858972,6.0
5.95578023149,6.0
5.57875750963,5.0
6.11050358209,8.0
6.51262404161,5.0
5.42979049857,5.0
6.23247002433,6.0
5.27654356712,5.0
5.42624171659,5.0
5.90311201858,6.0
6.08217887935,8.0
6.35150194647,6.0
6.05775875279,7.0
6.47410581927,7.0
5.61075184235,5.0
5.67491421482,7.0
4.83022988229,5.0
5.73294629808,6.0
6.0418992294,5.0
5.79381901304,6.0
6.99310083692,6.0
6.34864892447,6.0
5.34690918848,6.0
6.14966518975,6.0
5.86702557039,6.0
6.48938853699,6.0
6.02601031964,8.0
6.57454465852,6.0
5.90364368342,6.0
5.43997803725,6.0
6.07632044303,6.0
5.55574192188,6.0
6.09801460945,6.0
5.46833917402,6.0
6.36915859686,7.0
6.31167094816,6.0
5.7127081951,6.0
5.29638860564,5.0
5.81155808257,6.0
5.28367230883,5.0
6.87301566418,7.0
5.79253753768,6.0
5.3651304617,5.0
6.62734544004,9.0
6.73748642162,7.0
5.0716067131,5.0
5.37229572728,6.0
5.94818573395,6.0
5.27404431508,6.0
6.30879285986,6.0
6.23116924495,6.0
5.82523293265,6.0
6.96657179944,6.0
5.50393302646,5.0
6.20958656668,7.0
6.4727057096,6.0
4.91506323277,4.0
6.54194462961,6.0
6.67926077086,6.0
5.57191686371,5.0
5.45795495795,5.0
6.7684832981,7.0
5.89480966172,5.0
5.79927353451,5.0
5.72193488831,7.0
5.82729958546,5.0
5.23160863147,5.0
5.87322428007,5.0
6.21520169889,6.0
5.45457067626,6.0
6.20802461335,6.0
6.15764239168,6.0
5.10730073633,5.0
6.45833115258,7.0
6.42134301569,6.0
5.48330284603,5.0
5.47560953636,6.0
6.47365390167,8.0
5.56209816079,5.0
4.32234542408,5.0
5.93263325724,7.0
5.34682285793,6.0
5.38545710834,5.0
5.63064626497,8.0
6.16103828262,6.0
5.35266244202,6.0
5.41829021735,5.0
5.41740245049,5.0
5.95247800713,6.0
6.10076173331,6.0
6.7592503182,6.0
5.50860871506,5.0
5.64369883359,6.0
5.32765509087,5.0
6.47310621177,7.0
5.1961082614,5.0
5.64432124476,6.0
6.32086419343,6.0
5.46321783459,6.0
5.5570526667,6.0
6.43898990718,8.0
6.24316714698,6.0
5.90371976424,8.0
5.00219980497,5.0
5.97215408008,6.0
5.31680885973,5.0
5.36182619401,5.0
6.47095836511,7.0
4.45136044878,4.0
5.53179583044,6.0
6.72794666323,8.0
5.14504559842,5.0
5.77299092529,6.0
6.67093488583,6.0
5.22909333804,6.0
6.77727773536,8.0
5.84668708982,6.0
5.56349831361,6.0
4.67666593769,4.0
5.0792472559,5.0
5.97371689767,6.0
5.78244187108,6.0
5.37526025996,6.0
6.46380199958,7.0
6.09953607785,6.0
6.21951878107,6.0
6.43844602896,7.0
5.53334429614,5.0
5.608050296,6.0
5.55574192188,6.0
5.45795495795,5.0
5.33940602907,5.0
5.46415626681,4.0
6.70848268433,6.0
5.3763181676,5.0
6.47516083077,8.0
5.92528319499,6.0
5.83057152541,5.0
5.40136330578,5.0
5.69535150907,6.0
6.53540063688,6.0
5.74177504063,6.0
5.45809197953,6.0
5.37473770221,6.0
6.01661750422,6.0
6.28437519386,8.0
6.03014043899,6.0
6.71370502372,7.0
5.96828692865,6.0
6.41190229686,8.0
5.62660969393,5.0
5.31324819718,5.0
7.29260557147,7.0
5.66108246349,5.0
5.8744671782,6.0
5.266005365,5.0
5.74275450154,7.0
5.23160863147,5.0
6.4045572238,6.0
6.28640744053,6.0
5.53297643581,6.0
6.11472292984,7.0
5.35463371416,5.0
5.31034863495,6.0
5.5892629175,8.0
6.09621584777,6.0
6.37325491729,8.0
6.57827024055,6.0
5.27547871467,5.0
6.8217198108,7.0
5.66162763215,6.0
5.73411530751,6.0
5.88830103664,5.0
5.94939382101,5.0
6.65195216723,7.0
5.53830296469,6.0
6.08291004835,4.0
6.41579768315,6.0
6.56178930687,7.0
5.21355987057,6.0
6.1146721136,6.0
5.22415619226,5.0
5.74368174276,6.0
6.08867487096,6.0
5.56747795433,6.0
5.74240390413,5.0
5.23285050869,5.0
6.45164816091,6.0
6.07499865094,6.0
5.23028584949,5.0
6.4534216811,6.0
5.68487936595,6.0
5.53255795265,5.0
5.89554350735,6.0
6.69924826468,6.0
5.50172823967,6.0
5.93096193098,5.0
6.3271605291,6.0
5.04134930553,5.0
5.98301014433,5.0
5.84942938356,5.0
5.33837424664,5.0
5.31034863495,6.0
6.18650736198,5.0
6.59654435087,7.0
5.81203412276,5.0
5.49997720203,5.0
6.12725984361,6.0
5.76687038383,7.0
5.31292464603,5.0
5.94050269174,6.0
5.85038013857,7.0
6.20567359047,7.0
5.51408005687,6.0
5.7903366455,6.0
6.06279489442,6.0
6.15752949028,6.0
6.04402149377,6.0
5.39773788197,5.0
6.33548922854,6.0
5.94129694945,7.0
6.1805911146,6.0
6.30894563999,6.0
5.40777912014,5.0
5.49974541886,6.0
5.35067149355,5.0
5.39773788197,5.0
5.98913058507,6.0
5.87291038445,5.0
5.80171140675,7.0
5.69630056463,5.0
6.2854276151,7.0
4.95083248407,4.0
5.37414459321,5.0
6.14294418826,6.0
6.11544567904,7.0
6.4720016254,6.0
6.28447434986,5.0
5.88065299619,6.0
6.32799401271,6.0
5.7867345621,6.0
6.36738576947,6.0
5.40228804976,6.0
5.58633527694,5.0
5.47810896007,5.0
5.78518739727,6.0
5.58726775207,6.0
6.34864892447,6.0
4.91905196983,5.0
6.57272477734,7.0
3.69495762081,4.0
6.09175610695,5.0
6.19115014483,6.0
5.64196969831,7.0
5.45459330965,4.0
6.24262870735,6.0
5.44910276151,5.0
5.72193488831,7.0
6.3958107119,6.0
5.92630825323,6.0
5.89392229268,6.0
5.64977265177,5.0
5.78535840708,6.0
6.44484896047,7.0
5.35682119001,5.0
5.73814782017,8.0
6.44697294184,6.0
6.65653500797,7.0
5.73411933087,5.0
6.25806494171,7.0
5.99992100272,7.0
5.39876456633,6.0
7.07058846671,8.0
6.27677538355,6.0
6.57797215924,7.0
5.18344059953,6.0
5.36675322376,5.0
5.35752467841,6.0
6.04274613115,6.0
5.86193672131,7.0
5.5892629175,8.0
6.66780960027,7.0
6.00769947766,5.0
5.58906776214,5.0
5.84899934825,6.0
6.786060413,8.0
5.85780730021,5.0
6.22521165693,6.0
5.71101156922,6.0
5.72193488831,7.0
5.79320579167,7.0
5.73703103649,6.0
5.01466616179,4.0
5.57417591503,6.0
6.3886918736,7.0
5.28367230883,5.0
5.56430304042,5.0
5.64196969831,7.0
5.87349812277,7.0
5.69081276808,5.0
6.22000876329,6.0
6.36503125359,7.0
6.57514438364,6.0
6.7026338359,7.0
6.4687281958,6.0
5.31219731915,6.0
6.14894485614,7.0
5.33949752491,5.0
4.91083982021,5.0
6.43190529001,6.0
6.46509978242,5.0
6.03139815824,6.0
6.18036109324,7.0
5.8342176148,5.0
5.87364202718,5.0
6.10596939725,6.0
6.72423893973,5.0
5.32850668273,6.0
6.6349576657,6.0
6.04843736691,5.0
5.37507198305,5.0
5.92148294715,6.0
6.05687947715,7.0
5.3286589592,5.0
5.53334429614,5.0
6.29907324529,6.0
6.53436215752,6.0
5.84021989514,6.0
5.58101495439,4.0
6.03727528286,5.0
5.87172282474,5.0
6.35227884411,7.0
6.34767556072,7.0
6.46461295322,8.0
5.66152239212,7.0
6.17073166078,7.0
5.6513327129,6.0
5.93270691052,7.0
6.60499967021,7.0
6.25166763143,8.0
5.76201790144,4.0
5.54047391229,6.0
6.67451122412,7.0
5.60082228543,5.0
6.75818834638,6.0
4.9948746381,5.0
6.33534898644,6.0
6.45400901476,7.0
5.58602691534,5.0
5.29316076791,5.0
6.25001660535,7.0
6.51015649088,6.0
5.51222283281,5.0
4.75447054968,5.0
5.50738140195,5.0
6.47732961645,7.0
5.60196842352,6.0
5.48405924147,5.0
6.42959968075,8.0
5.03738704888,5.0
4.91232365334,4.0
5.94134306855,6.0
6.0960438108,6.0
6.55193582058,6.0
5.50446169733,5.0
6.42282011011,5.0
6.1976825895,6.0
5.5697672212,5.0
5.49070215433,6.0
5.55991388206,6.0
6.69809394911,7.0
6.18740044161,6.0
5.6938178668,6.0
5.69386011304,5.0
5.56463371714,7.0
6.7919570756,8.0
5.63962784011,5.0
5.09846414074,5.0
6.24250308993,7.0
5.09031821918,5.0
6.27617604055,6.0
5.68552533654,5.0
4.79160974018,5.0
5.9418081453,3.0
6.12955171061,7.0
5.20271790225,5.0
5.17481447687,4.0
4.56005889914,5.0
6.15083693604,6.0
6.53836228488,6.0
5.90019262105,6.0
5.87580091222,6.0
6.90900809647,7.0
5.69098115693,6.0
6.06241667722,6.0
5.9802857947,5.0
6.66653155457,7.0
6.40634663838,7.0
5.28788447326,6.0
5.21078505199,6.0
5.37526025996,6.0
5.66213786112,6.0
5.94811266075,6.0
6.18444439879,5.0
6.64443181107,6.0
5.1431274255,5.0
6.35337205058,8.0
5.33410200153,5.0
4.96247729058,5.0
5.98982399646,6.0
5.94536469432,6.0
5.88926786878,6.0
4.91364845782,4.0
5.82317916104,6.0
4.75741712338,5.0
5.47683902038,6.0
4.91737119464,5.0
6.66633034817,7.0
5.92556367529,6.0
6.091239055,6.0
5.74613288506,6.0
6.56053062955,6.0
6.21527406227,6.0
5.34412204302,5.0
5.54474974377,6.0
5.64009045339,5.0
6.2883007427,6.0
5.58885292634,5.0
6.39788757154,6.0
6.0821780118,6.0
5.88830103664,5.0
6.13797001745,6.0
4.93233983674,5.0
5.62170560022,6.0
5.96786128887,8.0
6.01498614143,7.0
6.74321011745,7.0
6.03193496551,6.0
6.09733320941,6.0
5.56468077176,5.0
5.93761885416,6.0
5.3469477629,5.0
5.58405467794,6.0
5.93494228284,6.0
5.425758464,6.0
5.76102452075,6.0
4.93913101765,5.0
5.81974007225,5.0
5.43997803725,6.0
6.03936287746,7.0
4.97569698231,4.0
4.56595888709,4.0
6.27151053286,6.0
5.41054813305,5.0
4.24522886005,4.0
6.08096195663,7.0
5.64768585607,6.0
5.72440174823,6.0
5.4906773292,6.0
5.25393029048,6.0
5.65914075288,6.0
6.72672664596,7.0
5.53692382705,5.0
6.11765030114,6.0
5.19885176802,5.0
6.03295503891,6.0
6.40853251447,7.0
6.29987814783,6.0
5.98431989717,6.0
5.52077693335,5.0
5.83294797249,7.0
5.2869278323,5.0
6.11489086791,6.0
5.43826530369,5.0
6.45777995057,5.0
5.36808077743,5.0
5.42994077716,6.0
5.97357628252,8.0
5.49722814011,4.0
5.96167379369,5.0
5.48832269964,5.0
6.47820252268,6.0
5.8691109478,7.0
6.99123984924,8.0
6.41571903225,7.0
5.70009164668,6.0
5.73688675571,9.0
6.35612658164,6.0
6.3271622083,6.0
6.95153930002,8.0
6.61892341429,6.0
6.35643149517,6.0
6.4509043149,6.0
5.61383449753,5.0
5.75847355889,6.0
6.3383939644,7.0
5.4586843418,3.0
5.24149449683,6.0
6.56387191171,7.0
5.25097255017,4.0
5.61842865302,5.0
5.74138471832,5.0
5.16989430785,5.0
5.64529999581,6.0
5.37255465101,6.0
5.54447431717,7.0
5.86299479122,5.0
4.98187204672,5.0
5.58374172276,5.0
5.49418604725,6.0
5.7716392577,6.0
5.97974893267,6.0
5.75595135501,5.0
6.98570870989,6.0
5.18316865293,5.0
4.81299463502,5.0
5.3852362587,4.0
5.74480150088,6.0
5.81226925506,6.0
6.52647444084,7.0
5.58840433598,5.0
5.35752467841,6.0
5.90705744916,6.0
5.82380717574,5.0
5.94784004653,5.0
6.5617567479,7.0
5.22338753258,5.0
6.42984701704,8.0
6.17480278854,6.0
6.19336526568,4.0
6.15589321892,6.0
6.20937760374,6.0
5.16178822512,5.0
5.70896743428,6.0
5.46026553945,5.0
6.21402770729,6.0
5.18114277965,6.0
5.73622578265,6.0
5.50860871506,5.0
5.80510518498,6.0
6.03826441588,6.0
5.5064896239,6.0
6.82230756259,7.0
5.10298661985,5.0
5.44051627502,5.0
5.41272010665,6.0
5.61846823941,6.0
5.17207939867,5.0
5.47248446252,6.0
6.28188909665,8.0
6.29101775012,7.0
5.29553662345,3.0
5.88926786878,6.0
5.69252527701,4.0
6.02398301201,5.0
6.18843099474,8.0
5.32094001052,6.0
6.73918624741,7.0
5.80334434682,6.0
5.56092431465,5.0
6.02868521207,6.0
5.68248987134,5.0
6.2125521037,7.0
6.16590133904,7.0
5.13481664158,5.0
5.24299333394,5.0
6.40853251447,7.0
5.56692494697,5.0
5.75550346942,5.0
5.7977973597,6.0
6.01928657443,5.0
6.73793874859,6.0
5.24404420527,5.0
5.67459546745,5.0
6.55609785432,7.0
5.79066041115,5.0
5.71014522688,5.0
6.50008071197,7.0
6.51987670294,6.0
4.98325225752,5.0
5.95976388532,6.0
5.75975934602,5.0
5.77745370852,6.0
5.74257822796,7.0
5.65314316689,7.0
5.32837457421,6.0
5.48962259799,7.0
5.52863988677,5.0
4.91202276025,5.0
5.75901975189,6.0
6.57633069116,6.0
5.66677497475,4.0
5.62826312398,6.0
5.99410017256,6.0
5.32377591951,5.0
6.61924474439,7.0
6.86809829205,7.0
5.6145672303,6.0
5.57847746288,5.0
5.36182619401,5.0
6.11359014474,6.0
5.3327046068,5.0
4.61354369967,4.0
5.29333325445,6.0
5.50822183495,4.0
5.92851543375,5.0
5.81974007225,5.0
5.97510086259,3.0
5.92120759259,7.0
6.57183157366,6.0
5.46643585689,5.0
5.08525276797,5.0
5.65446388724,6.0
5.75449467043,5.0
6.33063238819,6.0
5.62589977965,6.0
6.44274686832,7.0
5.53511283345,7.0
4.77157040701,5.0
5.38263033416,6.0
4.87666586218,5.0
4.6313712862,4.0
5.87308132263,5.0
5.79777030126,6.0
5.8946018407,6.0
5.72941065179,5.0
6.50210682549,6.0
5.58597039236,5.0
5.92478127265,5.0
6.25932669737,7.0
6.35566555331,7.0
4.29669990643,5.0
5.51753933684,6.0
6.36307979271,6.0
6.42566716573,7.0
5.19084290247,6.0
5.60082228543,5.0
6.65267932523,7.0
5.75953286926,6.0
5.45291698522,5.0
5.39973321047,5.0
6.41653652992,6.0
6.01701265103,6.0
6.2705567269,6.0
5.81005834642,5.0
6.55139122373,6.0
6.39308363228,7.0
5.55940227233,5.0
5.70199219899,6.0
6.11619592137,6.0
6.06476309393,6.0
5.24982298694,5.0
6.72207834609,7.0
6.69279696985,6.0
5.16871268852,5.0
5.49630395283,5.0
5.58170463558,5.0
6.21195252222,6.0
6.3915776114,6.0
5.91821462179,5.0
6.62385625149,8.0
6.65097826616,7.0
6.34656238777,8.0
6.18051596942,6.0
4.70497953228,6.0
6.27722355049,7.0
5.64456302995,6.0
5.42497906514,5.0
5.69535150907,6.0
6.0667703472,6.0
6.65985053339,7.0
6.18326074829,6.0
6.25939805066,7.0
6.08160895987,5.0
5.36418430694,4.0
5.42685653899,6.0
5.87699895563,6.0
5.43252696064,6.0
6.29293055773,5.0
5.90446710225,6.0
5.32009847647,6.0
5.5853234552,5.0
5.43831225101,6.0
5.99761150173,6.0
6.04099832871,7.0
5.24612317866,5.0
5.35752467841,6.0
5.33043380148,6.0
6.63776828084,6.0
5.87952466394,6.0
5.51891288497,5.0
5.09807275317,6.0
6.90092443802,7.0
6.17163479399,6.0
5.88926786878,6.0
5.30440692201,5.0
5.73190896183,6.0
5.32094001052,6.0
6.14610351451,7.0
5.7883532664,6.0
5.54894334275,6.0
5.81974007225,5.0
6.53385242509,6.0
6.53655533859,6.0
5.47226019958,5.0
5.67449975608,7.0
5.49393086625,5.0
5.63544874401,6.0
5.12245108877,6.0
5.38508578954,5.0
4.93277634301,5.0
5.46038749482,6.0
5.29405381459,5.0
6.59965218172,7.0
5.68483395258,7.0
5.71987070741,7.0
5.6116206968,5.0
6.3478080491,6.0
5.92190777233,5.0
5.68660148521,5.0
6.40195188321,6.0
6.14767998405,6.0
6.93258177912,7.0
5.4757288461,5.0
6.2522252912,6.0
6.40479889561,7.0
6.01463865368,7.0
6.48346181852,6.0
5.95723645217,6.0
5.47302950682,7.0
5.74716214622,6.0
6.66048362091,7.0
6.7281394566,7.0
6.57797215924,7.0
5.98938440581,5.0
5.27562304674,5.0
5.65546500092,6.0
5.76784379735,6.0
6.62455169875,7.0
5.338510018,5.0
5.87066842855,7.0
6.0556717382,6.0
6.09551376298,5.0
5.79823189218,6.0
5.81757065103,7.0
5.68102019705,6.0
7.0249672126,8.0
5.85330556803,6.0
6.00931304292,6.0
5.37284101042,5.0
5.6123566,6.0
5.38030811562,5.0
5.7944494027,8.0
5.41520358972,5.0
5.25769855546,6.0
6.2854276151,7.0
6.08825966176,6.0
5.66573974078,7.0
6.25934314169,7.0
4.89943966708,5.0
6.08395883414,6.0
5.85998066684,5.0
6.05073725489,7.0
5.11141803004,5.0
5.90980365684,6.0
5.27549170934,6.0
5.57875059676,5.0
6.69170952163,7.0
6.84905982243,8.0
5.266005365,5.0
5.29376304656,5.0
5.26575182601,5.0
5.08244741524,4.0
6.76776754264,7.0
5.6500466479,6.0
5.72192194165,5.0
6.4006609552,7.0
5.73363268694,6.0
6.68775963399,6.0
6.42337625419,7.0
5.15987766164,5.0
5.58564250125,6.0
5.34560531515,5.0
5.5388509808,6.0
5.33178652694,5.0
6.2595129652,7.0
5.52209070228,5.0
7.37049966354,7.0
4.74649741397,5.0
5.54717218978,6.0
5.94156717109,6.0
5.7136586704,5.0
6.63839271821,9.0
5.25476648606,5.0
6.02831373514,6.0
5.75537237037,6.0
5.42485305567,5.0
5.11571758625,6.0
6.03161079464,4.0
6.68654644841,7.0
5.55355315517,6.0
6.90938293889,7.0
4.85205634493,5.0
6.02568936113,6.0
6.09006571523,7.0
6.1636472026,5.0
6.40170325339,7.0
5.27714700995,6.0
6.4727057096,6.0
6.35469964939,6.0
5.41271380841,5.0
6.87407535931,6.0
5.84310590415,6.0
6.20205275464,6.0
5.83304611625,6.0
6.01609694535,7.0
4.9053487565,3.0
5.99237005302,7.0
6.18110465198,6.0
5.7335470172,6.0
6.51124710586,6.0
5.84173479652,5.0
5.33797567059,6.0
5.70954108826,5.0
5.44917034664,5.0
6.08688067494,8.0
5.80326674739,5.0
6.02158020849,6.0
5.95880981247,6.0
5.63992468204,6.0
6.00328603471,7.0
5.1857712375,7.0
5.4532488304,6.0
5.17388474516,5.0
6.71639777603,6.0
5.44261968633,6.0
5.37773509767,5.0
6.42650937555,7.0
5.49911376411,4.0
6.58975167591,6.0
5.04671589514,5.0
5.04145763977,5.0
5.63062468958,6.0
5.77413004704,6.0
5.62764346337,6.0
5.27714700995,6.0
5.58805571917,5.0
5.60196842352,6.0
5.4123892924,5.0
6.15223829796,6.0
6.12129315919,6.0
5.32837457421,6.0
5.47178796765,5.0
5.77755732046,7.0
5.20132511728,5.0
5.49980571827,6.0
6.00960726806,6.0
4.94669140191,5.0
5.39563516924,6.0
5.23771064934,5.0
5.26180670362,5.0
6.02005411447,6.0
5.42618184558,6.0
6.17668180547,6.0
5.72870485886,5.0
5.35386560884,5.0
5.36685799505,5.0
5.7000804252,6.0
5.32247137944,7.0
5.35071765072,5.0
6.51481481345,6.0
5.83050812349,7.0
5.88334568581,6.0
6.54937312735,7.0
5.78677607655,5.0
5.41717808449,6.0
5.37339409467,5.0
5.34554129241,5.0
5.53986592289,5.0
5.22338753258,5.0
5.85570913956,6.0
4.91421173217,5.0
5.76776760024,6.0
5.51071080327,5.0
6.07354190891,7.0
6.20048108661,5.0
6.33011945969,6.0
6.57620700123,6.0
6.87413087602,8.0
6.53294100092,7.0
5.53440140626,6.0
5.51363945855,6.0
4.92708931576,5.0
6.2210727825,6.0
5.6740839145,6.0
5.85093412804,4.0
5.89377236943,7.0
6.24250308993,7.0
5.65108134594,6.0
6.47716001956,7.0
6.1646393249,5.0
5.63653352573,5.0
5.54273689279,6.0
6.13205752872,7.0
5.31632094077,6.0
6.00906044587,6.0
5.88762810903,5.0
5.19446400022,6.0
7.02276988989,6.0
5.66152239212,7.0
5.28507407613,4.0
6.099413296,6.0
6.31741205611,6.0
6.04754966746,7.0
5.63332488107,6.0
6.00906044587,6.0
5.3026407188,7.0
6.69087321913,6.0
5.75129066271,5.0
6.13746701289,7.0
5.98807074248,5.0
5.66048932564,6.0
5.57080902956,5.0
6.5471914887,6.0
4.93913101765,5.0
5.51218137001,6.0
6.06090739065,7.0
5.89461272431,5.0
5.36863483784,5.0
5.36752195845,7.0
6.07754448376,7.0
5.83128898082,5.0
5.43274398245,6.0
5.53511283345,7.0
5.56248027315,6.0
5.82737049186,6.0
6.28036854183,5.0
6.31855981876,6.0
5.59060797566,5.0
5.57348588162,6.0
6.10144404127,6.0
5.15336634746,5.0
6.5829198926,6.0
6.31951547366,5.0
6.41571903225,7.0
5.64196969831,7.0
5.72440405008,6.0
6.27317104171,5.0
5.63335212108,5.0
5.9362378067,4.0
5.53696738295,6.0
6.51216056737,7.0
6.84256695208,7.0
6.80625961441,7.0
6.14668674557,6.0
5.46518235025,5.0
6.48706900154,7.0
5.67753457215,5.0
5.47902014474,5.0
5.72738877569,5.0
5.47920879434,5.0
5.38966569233,5.0
5.56032865205,6.0
5.70492367105,7.0
5.50170664804,5.0
6.20190999285,5.0
6.11341637941,6.0
6.22043228302,6.0
5.5467138667,5.0
5.22452240995,5.0
6.45833115258,7.0
6.0633477445,6.0
6.11089003154,6.0
5.31934883134,6.0
6.78470412133,7.0
6.05159325932,6.0
5.19380047803,5.0
4.73691731729,5.0
6.55652409823,7.0
6.39610384415,7.0
5.93184682271,6.0
6.26647475074,7.0
6.02731710148,5.0
6.10708624186,6.0
6.00239468977,6.0
6.01438546132,6.0
6.19039987105,7.0
5.7087722002,5.0
5.45128747754,6.0
6.42793094101,7.0
5.37063398451,6.0
5.08748354402,6.0
5.6341724492,5.0
5.46266158412,6.0
5.64056246033,6.0
6.06302269859,7.0
5.36094381712,5.0
7.06790303544,7.0
5.46266158412,6.0
5.96419697313,6.0
5.95132321386,6.0
4.87666586218,5.0
6.19940022531,6.0
5.99024101636,7.0
5.23143756405,5.0
6.7026338359,7.0
5.67766332965,6.0
6.16600311004,7.0
5.70845897171,6.0
5.59448962564,5.0
5.98768320981,7.0
5.69185575089,6.0
5.36077168534,6.0
4.89162269071,5.0
5.93169920241,6.0
5.35760367367,5.0
6.07192544973,6.0
6.22908708674,5.0
5.71444570097,6.0
5.25381729253,6.0
5.02251538961,4.0
6.5721744287,7.0
5.29713155857,6.0
6.25409927434,6.0
5.64133829202,6.0
6.01681889351,7.0
5.37756735379,6.0
5.96952525752,6.0
4.80470115093,5.0
6.08772495067,6.0
6.1403622088,6.0
6.50360415013,6.0
5.04284062402,4.0
6.11502606414,6.0
5.45457067626,6.0
5.21752061639,6.0
5.93579040539,5.0
4.33899175059,4.0
5.52258294894,7.0
6.30879285986,6.0
6.39213855597,6.0
6.10066481241,7.0
5.78131048355,6.0
5.71794554763,7.0
5.51218137001,6.0
5.40037299305,4.0
6.97605310367,7.0
5.24404420527,5.0
5.78767896422,5.0
5.28230923181,5.0
6.54605306943,8.0
5.97265361267,5.0
6.16378208034,7.0
5.66472584673,8.0
5.62700818815,6.0
6.15220753876,6.0
5.56968767223,5.0
6.12834948982,6.0
5.67322231592,5.0
5.76527945127,6.0
5.27714700995,6.0
6.28055445594,6.0
6.10659605143,5.0
6.12122492432,7.0
5.74613288506,6.0
5.38263033416,6.0
6.29413674876,6.0
5.5892629175,8.0
6.18510263629,6.0
5.1961082614,5.0
6.05315593428,7.0
6.64258703066,8.0
5.22309337945,6.0
7.14656881569,7.0
6.58886057509,7.0
5.25523301232,6.0
5.2809810339,5.0
5.15535572802,5.0
6.43656529926,6.0
5.31219731915,6.0
5.76007287392,6.0
5.60098899798,6.0
5.75929864537,6.0
6.45425813696,6.0
5.69098115693,6.0
6.6456859803,6.0
5.81892520921,6.0
5.41394214001,5.0
6.19877047565,6.0
5.85537975023,6.0
5.60766834824,6.0
6.14610351451,7.0
5.52128783335,5.0
5.6113540942,6.0
5.48420051221,6.0
6.01168452262,5.0
6.16309541674,7.0
5.58425779674,6.0
5.73855191134,5.0
5.39309991379,5.0
6.42127902305,7.0
6.31921986453,6.0
5.38368807938,6.0
6.11341637941,6.0
5.92164238795,6.0
6.71639777603,6.0
6.41703101554,8.0
5.16449383495,6.0
6.18051932373,6.0
6.32694581354,6.0
5.45220897921,4.0
5.77981947631,8.0
5.17920482922,5.0
5.87833394161,6.0
6.14481648334,6.0
5.85295725834,6.0
5.57429557553,5.0
6.1646393249,5.0
6.66914632666,6.0
6.38255776479,6.0
5.66152239212,7.0
6.57160855972,7.0
5.50310008809,5.0
6.06747402312,6.0
6.307372025,8.0
5.60848544595,5.0
5.8095156229,7.0
6.13535786158,5.0
5.47755099934,5.0
5.92523447124,5.0
5.7119015339,6.0
5.00177760503,5.0
6.52919144865,7.0
6.47516083077,8.0
5.16955729016,5.0
6.1021812621,6.0
6.10391857257,5.0
5.98327894184,5.0
5.67833986549,5.0
6.00745987433,6.0
5.31991931904,7.0
5.48488499483,5.0
6.1701860129,7.0
6.38142848982,7.0
6.00271716621,6.0
5.87364202718,5.0
6.67960486107,8.0
5.84769443741,7.0
4.96260795224,4.0
5.65906421542,5.0
6.28631344819,7.0
5.39501974085,5.0
5.94044560716,6.0
