6.24399926462,7.0
5.85946231071,6.0
6.85210396385,9.0
5.77812078817,6.0
5.67509387531,7.0
6.61996705221,7.0
5.7191506429,7.0
6.0192069701,7.0
5.93066516574,6.0
7.19926463622,6.0
5.6040786763,5.0
6.02590932036,6.0
5.63424968301,5.0
6.45118367505,7.0
4.93676420274,4.0
5.89125514208,6.0
6.31397411786,7.0
6.13375864559,6.0
6.53125055046,6.0
5.34203992638,5.0
5.74775637576,7.0
5.30826998075,6.0
5.8749187853,6.0
6.53080820754,6.0
5.8210792186,5.0
5.98896071779,7.0
6.25848110894,6.0
5.58870026637,5.0
5.9721685941,6.0
6.60089504306,6.0
6.12360463659,6.0
5.36278559472,6.0
6.25035456606,5.0
6.43818820055,7.0
6.31346547912,7.0
5.69250003641,6.0
5.43756983327,6.0
5.77950283063,6.0
6.03962417541,8.0
5.58870026637,5.0
5.60517762783,5.0
6.11722341522,5.0
5.63690602425,6.0
6.0432323976,6.0
6.23457001233,6.0
5.16222512393,5.0
5.82021175586,5.0
5.70835999796,6.0
6.08694920398,6.0
6.68298773905,7.0
5.94711662125,5.0
6.40018123117,8.0
6.0432323976,6.0
6.1127579159,4.0
6.52793578222,7.0
5.25043711891,4.0
5.07157314987,5.0
5.90608179252,7.0
6.35352464543,6.0
6.94759679662,8.0
6.24236220019,6.0
6.01785905817,5.0
5.77408192791,5.0
6.33153061755,6.0
5.79816495678,5.0
5.46807264384,5.0
5.48409815755,6.0
5.33941652041,5.0
6.01997019595,6.0
6.56500080752,6.0
5.28162110923,5.0
6.8267307415,7.0
4.8082342849,5.0
6.09997608547,7.0
5.81365999004,5.0
6.09930825942,5.0
6.09601620297,7.0
5.53982831238,4.0
5.63031025298,6.0
4.46938816644,4.0
6.68803162579,7.0
6.5556062997,7.0
5.21353419907,3.0
6.10273156182,7.0
5.31045060315,5.0
5.95236114162,5.0
6.3051782287,6.0
6.54390349339,6.0
5.89386590316,8.0
6.22633917443,6.0
6.65659968808,7.0
6.50902040759,6.0
6.00338884817,6.0
5.41794169019,5.0
6.28294895065,6.0
4.47786493164,6.0
5.36554367113,6.0
5.4983496296,7.0
6.47771528802,8.0
5.4674947348,5.0
6.93416815986,7.0
6.07236504606,6.0
6.30727895472,6.0
6.68127281092,7.0
6.64362404618,7.0
5.61807291721,6.0
6.06148445239,4.0
5.34424670167,5.0
5.5732290606,6.0
6.51709228888,6.0
6.3587303745,6.0
5.2006971242,5.0
5.57705179156,5.0
5.78789059212,6.0
5.73117560486,6.0
5.36868575358,5.0
6.19191544455,6.0
6.92889969104,7.0
5.58821171978,6.0
5.20550657361,5.0
6.78739829029,7.0
5.40388833755,6.0
6.35924697907,6.0
6.58062226148,7.0
5.77727315157,5.0
6.17627483953,6.0
5.65131040054,6.0
5.31908110699,6.0
6.14643784944,5.0
5.93793761358,6.0
5.76656451576,6.0
6.08244127254,7.0
6.05450498222,4.0
5.92465426417,6.0
5.52415154096,7.0
5.81108524445,7.0
5.89052602142,7.0
6.6093670908,6.0
6.08615756077,6.0
5.25463631302,5.0
6.53942426841,6.0
5.28834203646,6.0
5.35282213817,4.0
5.58015315755,6.0
6.69858886516,7.0
5.44198061895,5.0
6.01285488487,6.0
6.58315991233,7.0
5.57052048258,5.0
5.81666912441,5.0
5.8730942876,6.0
5.56803661659,6.0
6.0593306451,6.0
5.88429447217,7.0
5.98164209301,6.0
5.97004570537,6.0
5.35597154273,6.0
6.75716107161,8.0
5.48367485584,6.0
5.49397860635,5.0
5.28571151829,4.0
6.54883890958,7.0
6.00894348407,6.0
5.24348763949,5.0
6.21424709853,5.0
6.1170777264,7.0
6.14362063568,8.0
5.5921864185,5.0
6.20960377469,6.0
5.97195228414,6.0
5.71614647654,5.0
5.03594326447,6.0
5.42279719897,5.0
6.34098169651,6.0
6.01502487254,6.0
6.34714812811,6.0
5.48379938047,6.0
6.46282527584,7.0
5.5409149003,6.0
5.45554695757,5.0
5.39122172156,5.0
5.88693138133,6.0
6.25686916264,6.0
6.32830315656,7.0
6.05133277517,6.0
5.44712512955,6.0
5.57382334864,6.0
5.72084246891,6.0
5.99450651962,5.0
6.22536344516,7.0
6.35761588913,8.0
6.64875830698,7.0
5.40144603857,6.0
5.40208162113,6.0
5.7664611424,6.0
6.97998596291,7.0
6.64026098086,6.0
6.55421267198,6.0
5.94469440583,6.0
6.67626733886,7.0
6.10727345009,5.0
6.01327424151,6.0
5.9807475358,7.0
6.08462865803,7.0
6.44232070842,7.0
5.84616480937,6.0
5.60584470614,5.0
5.69114057886,5.0
6.40371275085,6.0
5.2508303118,5.0
6.20591591939,6.0
5.28029252941,5.0
6.00562387989,6.0
3.74062478162,4.0
6.20335266274,6.0
6.67446661902,7.0
5.45180651865,5.0
5.50735399351,5.0
5.01796653057,5.0
6.02859169745,7.0
7.01152897751,8.0
5.82615589873,6.0
5.47833400711,5.0
5.66319189369,7.0
6.15562090379,6.0
6.617147254,6.0
6.79424006377,6.0
5.34717976324,5.0
5.40078413306,7.0
6.55644018959,6.0
4.9471384739,5.0
5.87653819271,6.0
5.27637154021,4.0
5.34420042012,5.0
6.17202980457,6.0
5.58963174928,5.0
5.53010101286,6.0
5.89386590316,8.0
6.02386971955,6.0
6.155527286,6.0
6.58172891788,5.0
6.3021925111,6.0
5.73237653645,5.0
5.66414398414,5.0
6.19606858233,7.0
6.66066565195,7.0
6.3394048951,6.0
4.83868682683,4.0
5.60119582751,6.0
5.99064868051,7.0
5.78810815589,6.0
5.44716364935,5.0
5.70658680656,5.0
5.68643209653,5.0
5.80102249019,5.0
5.12135500522,6.0
5.47686410983,5.0
5.47506626071,5.0
5.61536051164,5.0
5.482792008,5.0
5.99344682201,6.0
5.63490291926,5.0
5.88820531983,6.0
5.43414619792,5.0
6.73708016048,7.0
5.42584627751,6.0
5.21447464164,5.0
5.92710193781,7.0
5.82850649537,7.0
6.35712240687,5.0
5.5475259598,5.0
5.67192801965,6.0
6.52255327585,6.0
6.57911162454,6.0
6.63547534558,7.0
5.92017426466,5.0
5.98891817772,5.0
6.32606904724,6.0
6.73101227187,8.0
6.7351939823,6.0
6.57745333374,6.0
5.28246081268,6.0
5.92941590357,7.0
5.95680837465,6.0
6.71452766344,6.0
6.51462156145,6.0
5.86203582257,6.0
6.89165089821,9.0
5.51074972076,5.0
5.68518940508,6.0
5.60123703504,5.0
5.86389970182,5.0
5.58647779045,5.0
5.98793880292,5.0
6.19899303306,6.0
5.51798295876,5.0
6.4596409429,6.0
6.00572366899,5.0
5.32269114991,5.0
6.06917024328,5.0
6.33366869188,6.0
5.65173143257,6.0
5.71457318592,7.0
5.70657628353,5.0
5.81513237184,6.0
6.44124867906,7.0
5.54114065278,5.0
5.89719805681,5.0
5.63626084165,6.0
5.63472552247,6.0
5.66631929119,5.0
5.96363757049,6.0
6.34912565327,5.0
6.31015477478,6.0
5.89960872316,6.0
5.44007135412,6.0
5.9873655315,6.0
6.55090793666,6.0
5.51040626981,5.0
5.92894153678,6.0
6.68563755227,7.0
6.6194269758,7.0
6.51210163054,6.0
6.5843268221,8.0
5.39380718842,5.0
5.52327701493,6.0
6.2504620524,6.0
5.17515657803,4.0
4.98101872084,5.0
5.50486439005,5.0
5.94286409692,6.0
6.55119302642,6.0
5.38034878116,6.0
6.23676584131,6.0
6.11550195819,7.0
5.37427625275,5.0
5.96533861432,6.0
6.51284223581,5.0
4.85684464374,4.0
5.67214126699,5.0
5.31871054391,5.0
5.54798795746,6.0
6.15880974056,6.0
5.75841465988,6.0
6.78628940571,8.0
5.74185181683,6.0
6.52906302286,6.0
5.50953328229,5.0
6.21112336201,6.0
6.42880544783,7.0
5.48190846538,6.0
5.28246081268,6.0
6.54640211745,7.0
5.90232732619,7.0
6.03589909112,8.0
5.46931692037,5.0
5.44682545377,6.0
6.08960372175,5.0
6.18963316898,7.0
6.22664296847,6.0
4.99785306365,6.0
6.16799426056,6.0
5.74684463875,6.0
5.71718172004,5.0
6.32959969704,6.0
5.46284492307,5.0
5.94469440583,6.0
6.27817535737,7.0
5.72890148774,5.0
7.10565788689,6.0
5.15323514982,4.0
5.03887685968,5.0
5.29440917209,6.0
5.45572918379,6.0
6.40745268312,7.0
5.79110933937,5.0
6.76634557135,7.0
6.71667512161,8.0
5.61336979528,6.0
6.75367802803,7.0
5.68757512371,6.0
5.73875227102,5.0
5.64703961641,6.0
6.17291935529,7.0
5.32943380763,5.0
6.03720119532,6.0
5.68490060051,6.0
6.55323894314,7.0
6.37801180591,6.0
5.13408806935,5.0
5.75676314561,6.0
5.78752315449,5.0
6.00380444865,8.0
5.93928280803,5.0
5.60123703504,5.0
6.02560040251,6.0
6.74699797267,8.0
5.9550619612,7.0
5.9028833283,6.0
6.09302954834,6.0
6.61479326235,6.0
5.9326257519,6.0
5.06918854107,5.0
5.68537534745,6.0
6.39602975468,5.0
6.09219663587,7.0
5.1637443839,5.0
6.42701849402,6.0
6.78651534093,6.0
5.23916449843,5.0
5.83688261372,6.0
5.29234020672,7.0
6.40790963398,6.0
4.34622560738,3.0
6.0768142843,7.0
6.22494721249,6.0
4.96983598854,5.0
4.48032141361,5.0
6.10999857427,6.0
5.03920424931,6.0
5.91807184628,5.0
6.26248162869,6.0
6.8094125047,8.0
6.18888489615,6.0
6.56500955043,7.0
5.75694938231,7.0
6.30080055997,6.0
6.53561454423,6.0
4.10792581161,4.0
6.30877668577,8.0
6.65844015163,7.0
6.27082690587,6.0
6.39545700807,6.0
6.76561047851,6.0
5.47970292703,5.0
5.47605831723,5.0
5.87709649366,6.0
6.03494802447,6.0
5.96476439827,6.0
5.48379938047,6.0
5.99650811534,5.0
5.860170734,6.0
6.63209100271,8.0
6.77338260636,8.0
5.99480139392,7.0
6.15565578504,7.0
6.40351855602,7.0
6.77812090921,6.0
5.01352406559,5.0
6.80227337765,6.0
6.84581437015,6.0
5.90822633874,6.0
6.07700703825,6.0
5.27927198752,5.0
5.12605222544,5.0
6.19535295824,7.0
5.6760147623,6.0
6.77430645028,6.0
4.87534431226,6.0
6.14891210047,6.0
5.96363757049,6.0
6.78739829029,7.0
5.33311816713,4.0
7.02015717399,7.0
5.96942496711,6.0
6.23797118096,6.0
5.10190520714,5.0
5.59615234145,6.0
5.99369394781,6.0
5.76265744994,6.0
4.61103619936,6.0
5.88089663073,6.0
6.45626858308,6.0
5.60278693962,6.0
5.54730063342,5.0
6.14995795155,6.0
5.56814180863,5.0
6.18795196894,7.0
5.93239093676,6.0
6.29069415474,5.0
5.49314914044,5.0
6.52940704034,7.0
4.90871937396,5.0
6.37472639909,7.0
5.85513040122,6.0
6.69360840526,6.0
5.70763196888,5.0
5.92229200627,6.0
5.89204190626,6.0
6.85904354577,6.0
5.05892980676,5.0
6.62167273077,6.0
5.90309158743,7.0
6.01627300204,5.0
5.54094778684,5.0
5.30348189413,5.0
6.71667512161,8.0
6.4005748426,6.0
5.82674472749,6.0
5.05519630923,5.0
6.14068174487,7.0
5.89430314161,6.0
5.9512003201,7.0
5.96079151324,6.0
5.04008167378,5.0
6.10029318507,8.0
5.33758364385,5.0
5.73354205703,5.0
5.6140106021,6.0
6.35810739284,6.0
7.17305835285,7.0
5.89125514208,6.0
5.43463505613,5.0
5.98212559155,5.0
6.32022375221,6.0
4.82828638332,5.0
6.19728196143,6.0
6.65774007407,7.0
6.51596404832,6.0
5.13748991692,5.0
5.48374623338,5.0
5.68338768078,6.0
6.10804951968,7.0
6.27749641197,7.0
5.93081586192,6.0
6.82073530094,7.0
6.46743437827,6.0
6.32886048623,7.0
5.8886447391,5.0
6.15199182564,7.0
5.82021175586,5.0
5.67020587717,5.0
5.68244799229,6.0
6.71000188938,6.0
5.32396816783,5.0
6.69501126886,8.0
5.72981266996,4.0
6.08284148577,6.0
5.39072745346,5.0
5.71372400183,6.0
5.7133511905,4.0
7.17990591045,7.0
5.10190520714,5.0
6.09909258095,5.0
5.58670682349,5.0
5.1257112981,5.0
5.96369925332,6.0
5.4639683452,5.0
6.92831659298,6.0
6.85741731193,7.0
5.72878076997,5.0
5.67770263271,6.0
6.30291075749,7.0
5.42076921328,6.0
6.13269767664,7.0
5.47748145079,7.0
5.50135268237,6.0
6.37200649079,7.0
6.14634050735,5.0
6.33939860981,6.0
5.9862399475,6.0
5.55295646326,6.0
6.40372812938,7.0
7.33952115497,8.0
6.56154876193,6.0
6.267305566,7.0
6.54020127273,6.0
5.84119115048,6.0
6.51674788888,6.0
5.46807264384,5.0
5.42154843993,5.0
6.4125658538,6.0
5.89756525584,6.0
6.43968744391,7.0
5.82453621524,6.0
5.30171082837,5.0
6.79850000861,7.0
7.42126022901,8.0
5.25175499691,5.0
6.02444059559,5.0
6.2135298298,7.0
6.22879086875,6.0
5.93179831913,6.0
6.5277157582,7.0
5.82615589873,6.0
5.37071204516,5.0
6.14682695808,7.0
4.84484985751,5.0
5.76143575877,5.0
4.97530973367,5.0
5.98363728832,6.0
6.10470283841,4.0
6.54934028191,6.0
6.29549343725,6.0
5.48908932754,5.0
5.94584941742,6.0
5.96552874474,6.0
6.12545267521,6.0
5.37848738202,5.0
5.57104423269,5.0
5.4426457555,5.0
6.00873801373,5.0
5.86405370583,6.0
5.17653000343,5.0
6.21125263723,7.0
5.20047387809,4.0
5.41363238787,4.0
6.2714083792,7.0
5.71393966542,5.0
5.73508248354,6.0
5.41794169019,5.0
5.34567520214,6.0
6.63172803095,5.0
5.87811217775,6.0
5.37035179314,5.0
5.71105178168,6.0
6.00807301538,6.0
5.77469307537,6.0
5.72944359562,6.0
5.86048215731,6.0
5.95949794102,6.0
6.51318434137,5.0
5.65648881864,5.0
5.81549205428,6.0
5.15769687945,5.0
6.00606714165,5.0
5.49964785343,6.0
6.45049454844,5.0
6.8949343442,7.0
5.38744047271,6.0
5.32580349856,6.0
5.67530721691,5.0
5.64729277655,6.0
5.78347290958,6.0
5.56647874878,6.0
6.46632908201,7.0
6.12955193851,6.0
6.12328186482,6.0
4.392437446,6.0
6.10097788805,6.0
6.26310758279,7.0
6.29173008109,6.0
5.68856699027,7.0
7.2651834653,7.0
5.47022910258,5.0
6.06735164402,7.0
4.89080911306,5.0
5.94175669582,6.0
5.54272180653,7.0
5.20574439317,5.0
5.84996528196,6.0
4.77949309526,6.0
5.76811369461,6.0
5.14932177312,5.0
6.03012676223,6.0
5.15983600159,5.0
6.22633917443,6.0
5.67338933406,5.0
5.99157843957,6.0
5.08259792674,6.0
6.66901787635,6.0
5.84334939951,7.0
5.89640316315,6.0
5.32380762913,6.0
5.77630531401,6.0
5.32742148934,5.0
6.20829406812,6.0
6.24136551604,6.0
5.60023486286,6.0
6.026424143,7.0
6.18277284086,5.0
6.15364822401,5.0
6.19925745949,4.0
5.42037733532,6.0
5.35204748668,6.0
5.84605849692,6.0
5.32353066146,5.0
6.19405679395,7.0
6.28475606202,6.0
6.81163226739,7.0
5.37959523049,5.0
6.77483639808,7.0
5.62182417138,6.0
5.9326257519,6.0
7.04112921024,7.0
5.03920424931,6.0
5.59957097743,6.0
5.28957665713,4.0
5.90018442743,6.0
6.48550585524,7.0
4.64758973747,5.0
5.91830509886,5.0
5.82355663172,7.0
5.32283470803,5.0
5.25175499691,5.0
6.18915344452,6.0
5.93713047448,6.0
5.31871054391,5.0
6.18963316898,7.0
5.98896071779,7.0
6.71669787763,7.0
5.48299104482,5.0
5.36174280678,4.0
6.02953684992,7.0
5.18967863102,4.0
5.88582767019,6.0
6.53662925396,6.0
5.1652400513,5.0
5.60642870898,5.0
5.94011444603,6.0
5.79040862183,5.0
6.16773852748,7.0
6.90254843155,7.0
6.36732290955,6.0
6.54822225207,5.0
5.79880147268,6.0
5.93042964214,7.0
5.48795179574,5.0
4.99029297637,6.0
4.89135384525,5.0
6.01766902158,7.0
6.67177974956,6.0
5.39028876539,5.0
6.37943948295,6.0
5.52176872443,6.0
5.93616568088,6.0
5.24044312225,6.0
6.02648248321,6.0
6.14732182103,8.0
5.60933444146,6.0
5.7905590852,6.0
5.89904098263,6.0
6.02820501815,6.0
5.64454082804,6.0
6.32229069322,7.0
5.77812078817,6.0
5.31032464427,6.0
6.57903607326,8.0
5.51088007049,5.0
5.7418043801,6.0
5.56803661659,6.0
5.44268278599,5.0
5.85781468351,5.0
5.7858184357,5.0
5.26136283673,5.0
6.70964030913,7.0
6.19259064553,6.0
5.67492839652,5.0
6.47981360358,7.0
5.32006642619,6.0
5.94469440583,6.0
6.3961834977,6.0
6.86963844432,7.0
5.25033131003,5.0
6.85741731193,7.0
5.47529752842,5.0
5.56885450963,6.0
5.89372364078,3.0
5.74754848639,5.0
5.5485549272,5.0
5.67530721691,5.0
5.70662028157,5.0
6.10772692866,8.0
6.18037797326,6.0
5.39332419309,6.0
5.6295257284,5.0
5.94561365337,6.0
5.64104394724,6.0
6.86793512957,7.0
6.06751830833,6.0
5.33864228757,5.0
6.72344213049,7.0
5.61145354621,6.0
6.03916604392,6.0
6.21179577196,5.0
5.74749659665,5.0
6.54937293252,6.0
5.86803932331,6.0
5.79039553855,4.0
6.07485626415,4.0
6.2377299627,6.0
6.42368200336,6.0
6.70098856999,6.0
6.04418301534,6.0
5.8995681793,5.0
6.15562090379,6.0
5.95452867246,7.0
6.17226754998,6.0
5.67770263271,6.0
6.96839258122,7.0
6.80487528766,7.0
5.88695395008,6.0
6.75716107161,8.0
5.95152748049,6.0
5.89536357197,5.0
6.4543421243,7.0
6.56105474923,5.0
6.77670950684,6.0
6.26949385807,6.0
6.01015501961,7.0
5.31517256439,5.0
5.8305630377,6.0
5.9937569452,6.0
4.05159537632,4.0
6.38029389881,6.0
5.07717795887,5.0
5.50303286983,5.0
6.84801114674,6.0
5.9350345018,6.0
6.34656170776,6.0
5.61067365362,5.0
5.77450538598,6.0
5.65825099369,6.0
6.20744588013,6.0
6.90819429716,6.0
6.98478824419,6.0
6.03208150902,6.0
5.86631930937,5.0
5.67984609776,6.0
4.90694568005,5.0
6.32454677573,6.0
5.9610508072,6.0
6.18251826139,5.0
4.88408141422,5.0
5.13168638533,6.0
5.36036089214,5.0
6.59860767569,7.0
6.18888489615,6.0
5.8595427945,6.0
5.56387579356,5.0
6.18112399887,7.0
5.62967941501,6.0
6.51667363119,7.0
5.76459477003,5.0
5.71528843228,6.0
6.25115107037,6.0
5.80303871854,6.0
5.81449313377,6.0
6.21910923912,7.0
5.58844430592,6.0
6.95640447816,7.0
5.31939169994,4.0
5.56800273452,5.0
5.65268632162,6.0
5.92159759175,6.0
5.57207411176,5.0
5.17655857743,5.0
5.93239093676,6.0
6.84427445886,7.0
5.76464523707,5.0
6.20990219249,6.0
5.52176872443,6.0
6.28252943111,6.0
6.45628702907,7.0
6.13868850403,8.0
5.78721297489,6.0
5.50105157317,4.0
5.92190609287,6.0
5.90042008039,6.0
6.00559225238,6.0
6.06993360717,6.0
6.58137174681,6.0
4.4364403741,4.0
5.36739195202,5.0
5.61639988641,6.0
5.97900716118,5.0
5.95823531908,6.0
6.49216529428,7.0
5.89052602142,7.0
5.63397002902,6.0
6.71909003596,6.0
6.80970173835,7.0
6.66431046175,7.0
5.49093679765,6.0
5.46946770659,5.0
5.53703849169,6.0
5.96487638738,7.0
6.34643437375,5.0
5.67922844772,6.0
4.81098408534,5.0
5.47668067203,6.0
6.29976320661,6.0
5.71803834513,6.0
6.12391230745,4.0
5.68818774198,5.0
5.96151135484,6.0
6.2311289306,6.0
5.28162110923,5.0
6.07647252919,6.0
5.75790859049,6.0
5.66783452353,4.0
5.24147623838,5.0
6.402106936,6.0
6.01894594288,6.0
5.4779652307,6.0
6.18785702001,7.0
5.84934907577,5.0
5.51077805861,5.0
6.58073157088,6.0
5.38104256203,4.0
5.52469880513,6.0
6.28007273603,7.0
5.41038594569,6.0
6.56468653834,7.0
5.93714909994,6.0
6.27799768278,6.0
5.15656985954,5.0
5.42642307825,5.0
5.29137069574,5.0
5.40840176049,6.0
5.44786991974,5.0
5.80102249019,5.0
5.95928935671,5.0
6.78290012045,6.0
6.72344213049,7.0
5.77440953719,6.0
5.71738872902,6.0
5.21909708791,6.0
5.96667226849,6.0
5.67369877761,7.0
5.61513288657,5.0
5.91608304721,5.0
6.10804951968,7.0
5.19547900446,5.0
5.7670666221,5.0
5.77950283063,6.0
6.0832700703,7.0
5.96024827962,8.0
5.33482683438,5.0
5.31920777734,6.0
5.39390491657,5.0
6.10921760487,6.0
4.99612644637,5.0
5.4049126004,7.0
5.35979698634,5.0
6.13935824081,6.0
5.87780851354,6.0
4.97113445276,5.0
6.18963316898,7.0
5.88614500927,6.0
6.18455112619,6.0
5.08915636779,6.0
5.97105289561,7.0
4.27909305861,4.0
6.26878489178,6.0
6.62452483426,6.0
6.34515843689,6.0
5.6202780149,6.0
4.72497945382,5.0
5.45519137055,5.0
6.37547935896,6.0
5.70670628238,5.0
5.81004124358,6.0
5.76938622721,6.0
4.65971368431,4.0
5.17715301963,5.0
5.02305184018,5.0
5.92550776945,5.0
5.70218198217,4.0
5.44183354614,6.0
5.85775982167,5.0
5.4326460884,6.0
5.33562481361,6.0
6.09054740294,6.0
6.27470582559,7.0
5.52964681655,5.0
6.17226754998,6.0
6.12206291948,6.0
5.23344228036,4.0
5.93115339669,6.0
5.1535781098,5.0
6.40618220804,7.0
5.43639140205,6.0
6.40690130986,7.0
5.83956015327,5.0
6.30291075749,7.0
6.37631922945,6.0
6.44680761766,7.0
6.31571399568,8.0
5.61309584452,6.0
5.70946671062,6.0
5.99674181036,8.0
5.41421920396,5.0
5.79952017535,6.0
6.50381583996,8.0
6.57116324575,7.0
6.07247207998,7.0
6.42159263656,7.0
5.73423185728,5.0
5.24175201214,5.0
5.90145654131,6.0
6.79736664396,6.0
6.90955814716,7.0
5.95991126744,6.0
5.69567196097,6.0
6.2118759952,6.0
6.49679488159,7.0
5.4525914884,6.0
5.31308247268,5.0
5.45704560424,4.0
5.25040668489,5.0
4.60311771592,5.0
5.68757512371,6.0
6.32830315656,7.0
6.73279267307,6.0
5.41430366949,5.0
5.56015519004,5.0
6.32886507454,7.0
6.87291990082,7.0
6.29584492264,6.0
5.73634271341,6.0
5.87923469362,6.0
5.26388793444,6.0
6.78881968645,7.0
6.05855211231,4.0
5.88600279401,4.0
5.16036506069,5.0
5.55671167442,5.0
5.9641998725,6.0
5.6053490348,6.0
5.61336979528,6.0
5.53278739886,3.0
6.00707099475,8.0
5.96854617315,7.0
5.33320888687,5.0
5.54231064406,6.0
6.32971464524,6.0
5.28466405923,5.0
5.91514464154,8.0
6.67436931975,7.0
6.35333322845,6.0
5.93171476402,6.0
6.84919152982,7.0
5.75704340479,5.0
5.2947409387,5.0
5.17279011378,5.0
5.20613267626,5.0
6.46197328737,6.0
5.68650743731,5.0
5.3125749062,5.0
6.06294250769,6.0
6.12311292975,4.0
6.60203425762,7.0
6.10772692866,8.0
5.5225939252,5.0
6.64538566659,6.0
5.6576681138,5.0
5.52229272017,7.0
5.90647467575,6.0
4.97113445276,5.0
5.48755545534,5.0
6.06702959734,6.0
5.80335504168,6.0
5.53724348475,7.0
6.91350337745,7.0
5.61256415876,5.0
5.63124308515,6.0
5.68926551712,6.0
4.8064198058,5.0
5.73465714298,5.0
5.71797644214,5.0
6.22419311315,6.0
4.64431775589,4.0
6.42294145695,7.0
5.43781146343,5.0
4.99568455458,5.0
6.46633151394,5.0
6.43939294753,6.0
5.77334165907,6.0
5.96002812109,6.0
6.29613845613,6.0
5.68008394012,5.0
4.94341753855,5.0
5.25802021857,5.0
5.78265306242,6.0
5.63590945591,6.0
6.39923480923,6.0
5.71082674529,6.0
6.26414297518,6.0
4.41267075747,5.0
5.73225079717,6.0
5.66333472337,6.0
6.88275546413,7.0
5.46916357832,3.0
5.73465714298,5.0
5.92461594722,6.0
6.0432323976,6.0
5.91672351539,5.0
5.90868301187,5.0
6.11385492856,6.0
6.56839974148,6.0
5.97229835541,3.0
5.23995051628,4.0
6.99067045617,8.0
6.87291990082,7.0
6.57616144355,7.0
5.79130031228,6.0
5.1260011938,5.0
6.24033905054,6.0
6.47954570015,7.0
6.52758092756,6.0
6.42491523159,6.0
5.53542654372,6.0
5.89459946088,7.0
5.72268226715,6.0
5.85718151662,5.0
6.17091733042,7.0
6.03442486239,6.0
5.27974639634,6.0
5.61947380321,5.0
5.98783136975,6.0
5.74251799359,6.0
6.16351987765,6.0
5.98036569891,7.0
6.54175479019,8.0
5.45753668831,5.0
5.66171559946,5.0
6.3252819962,5.0
5.64364627729,5.0
6.50037626685,6.0
5.62014965283,6.0
5.77630531401,6.0
4.36047383093,4.0
5.93927552503,6.0
6.4211273384,7.0
6.73226780475,6.0
4.77286101735,5.0
6.32740962772,7.0
5.6518718785,5.0
5.97817665713,6.0
6.29976320661,6.0
7.51380535813,7.0
5.77388703674,5.0
6.61359048932,6.0
6.08658894905,7.0
5.618896825,5.0
5.57683371317,6.0
5.8595427945,6.0
6.55090793666,6.0
5.35906480467,6.0
5.6846185638,5.0
6.28141899986,7.0
6.20254708052,5.0
5.31464371546,5.0
6.08061628926,6.0
5.67566762114,5.0
5.53214779936,6.0
6.16678095799,7.0
6.61485798639,6.0
5.99246323299,6.0
6.81000978535,6.0
6.30281001828,6.0
6.1350247225,8.0
5.88682950312,5.0
6.89216066603,8.0
5.78347290958,6.0
6.08462865803,7.0
6.47954570015,7.0
5.35310043344,5.0
4.84661109969,5.0
5.07821642336,7.0
5.89769278907,5.0
5.92028568498,6.0
5.86553316028,6.0
5.90078141048,6.0
5.39942728941,6.0
5.75955701626,7.0
5.17376253169,5.0
5.37413215148,5.0
5.6163861859,6.0
5.66471880554,5.0
6.12530152704,7.0
5.82472305755,6.0
6.21125263723,7.0
5.82028368448,7.0
5.13724772564,5.0
5.98245063402,8.0
6.69555543073,7.0
5.21197139113,5.0
6.61678934998,7.0
4.72497945382,5.0
6.62285869884,6.0
6.0837813913,5.0
6.26805135957,6.0
6.0432323976,6.0
6.04380327304,6.0
6.76348648983,7.0
6.34515200915,7.0
5.20500600097,5.0
5.679662313,7.0
5.36941342801,5.0
6.10764894507,6.0
6.19405104758,7.0
5.20298218709,5.0
6.10077851705,6.0
5.83315686144,4.0
5.2006971242,5.0
5.89518154776,5.0
5.92640483474,6.0
5.66333472337,6.0
4.76831405707,4.0
5.93171476402,6.0
4.69162422695,4.0
6.55405189427,8.0
5.54053642848,5.0
6.18171261993,7.0
6.18128799151,6.0
5.03887685968,5.0
6.61749118154,6.0
7.00819360818,8.0
6.0468497616,6.0
5.37800385291,5.0
6.39176307614,6.0
5.96177305882,6.0
6.00220518672,6.0
6.26277920131,5.0
5.58633519297,5.0
5.79816495678,5.0
6.29118556426,5.0
5.71481009799,6.0
5.63426929519,5.0
5.68870176866,6.0
5.81226706868,6.0
6.1731692727,5.0
5.5936791674,5.0
7.10913263605,8.0
6.26166313985,7.0
6.51236603684,5.0
6.09862863209,6.0
6.59919897268,6.0
4.73088288895,5.0
4.77621412775,6.0
6.30281001828,6.0
6.40707362188,6.0
5.30481113973,5.0
6.60164787906,6.0
5.57468935308,6.0
5.65139899446,7.0
6.0941556932,6.0
6.51111474681,6.0
5.73508248354,6.0
6.11107612804,7.0
6.45529857267,7.0
5.92025238359,6.0
6.40148864807,7.0
5.91273036258,6.0
6.78018924892,6.0
5.71393966542,5.0
4.69424752555,5.0
5.89386590316,8.0
5.83420216481,7.0
6.56953943383,8.0
6.67470269925,6.0
6.15203214902,6.0
5.56965676197,6.0
5.49124953855,6.0
5.17481831543,5.0
5.54599651958,5.0
6.88624503002,7.0
6.03288901497,5.0
6.15175154984,6.0
5.56010946696,5.0
6.06691017502,6.0
5.83294205218,6.0
4.82828638332,5.0
6.58116121254,7.0
5.97809796302,6.0
6.5528452881,9.0
5.44932664684,5.0
6.23908016337,6.0
5.65999093697,6.0
5.48852739751,6.0
5.74956775069,6.0
5.44268278599,5.0
6.33423446725,7.0
6.59981026756,6.0
4.97694852133,5.0
6.57615831831,7.0
5.86807562737,6.0
5.6401971942,6.0
6.24298014608,5.0
6.44309660814,7.0
5.17279011378,5.0
6.11030448578,7.0
6.47093935235,6.0
6.11221973437,6.0
6.43805065209,7.0
5.67158780649,6.0
5.51079958512,5.0
5.20574439317,5.0
6.59981026756,6.0
6.3379200787,6.0
6.45643368285,7.0
6.27483686352,7.0
5.23994712557,5.0
5.55730110859,5.0
5.86061419967,6.0
5.99209734269,7.0
6.33500046105,7.0
5.58217263758,7.0
5.9538443883,6.0
6.79125721459,7.0
5.6556854538,5.0
5.76631180018,5.0
6.0432323976,6.0
5.24282929461,4.0
4.45892965176,6.0
5.67223231086,5.0
5.63142581012,7.0
5.68748026741,6.0
5.97017748961,7.0
5.09558308952,6.0
5.26858270608,5.0
5.7010966096,6.0
5.67336404192,5.0
5.87842855839,5.0
5.68544919987,5.0
6.306520946,7.0
6.62629207099,6.0
6.56125082315,6.0
5.7910525121,6.0
5.43684469248,6.0
6.01337145933,5.0
5.37440029486,5.0
5.82803240322,6.0
5.29956316045,5.0
5.61145354621,6.0
4.51077202633,5.0
6.18236006587,8.0
6.92330868389,8.0
6.19405679395,7.0
4.56355186907,5.0
5.64210426564,6.0
5.85089530959,5.0
6.49093339076,6.0
5.90063669102,5.0
5.98406939536,6.0
5.43510279521,5.0
5.42667827324,6.0
6.05087141165,7.0
5.33351873664,5.0
6.15397497713,6.0
6.56839974148,6.0
5.6846185638,5.0
5.82695165821,6.0
6.42180765503,7.0
6.39079986885,7.0
5.92665312813,6.0
6.10772692866,8.0
4.9632780116,5.0
6.57225421514,7.0
5.72109161226,7.0
6.18260989679,7.0
6.19679877499,6.0
5.71630343348,6.0
5.13168638533,6.0
5.71528856652,6.0
6.81508407893,7.0
5.49143535698,6.0
5.8868396155,5.0
5.15296503792,5.0
6.21253932842,6.0
6.12544891386,7.0
5.82224011523,6.0
5.22515666064,5.0
5.3493589172,5.0
5.40747927538,5.0
5.58388579682,6.0
5.48609175397,6.0
5.63709297807,5.0
6.17239636708,7.0
6.4266243023,5.0
5.66101245714,7.0
5.70419728582,6.0
5.73508248354,6.0
5.24044312225,6.0
5.8715565983,6.0
6.73498390749,7.0
6.40426277788,6.0
5.59341687637,6.0
6.10960046695,6.0
6.61544809513,8.0
5.75748615812,6.0
6.47278537259,6.0
5.28246081268,6.0
5.72035790141,6.0
5.37013796803,5.0
5.8595427945,6.0
6.47885684931,6.0
7.04841524797,7.0
5.49288065203,6.0
6.61560567889,7.0
5.16457075979,6.0
5.93995554576,6.0
6.1273319834,5.0
6.36598972071,6.0
5.15446277576,6.0
5.63911269095,6.0
6.00469433076,6.0
5.54717933618,6.0
5.32283470803,5.0
5.63237404547,5.0
5.69524705713,6.0
6.33566886914,6.0
5.37142963715,5.0
5.2800897919,5.0
5.70592602063,5.0
6.04164005312,6.0
5.62312247429,5.0
5.34420042012,5.0
5.80882664506,6.0
5.47236951063,5.0
6.44833667028,6.0
6.03180251827,6.0
6.16343738434,5.0
5.80737793832,5.0
6.10328601227,6.0
5.23882841892,6.0
5.3381364081,5.0
5.28558651649,5.0
6.70463459817,6.0
5.11262392406,6.0
5.48297550305,5.0
6.1903765975,8.0
5.50654907948,5.0
5.26028831365,6.0
5.20278150404,5.0
6.64121349321,8.0
5.96902873331,7.0
5.79936179238,6.0
5.643730601,7.0
6.46633151394,5.0
5.58670682349,5.0
5.40839932092,5.0
5.94086149353,6.0
5.67207862989,5.0
5.37228370977,5.0
5.61145354621,6.0
6.3356032352,8.0
5.86606679771,6.0
6.52255327585,6.0
5.65444441639,5.0
5.13298222821,4.0
6.72517241725,7.0
5.14705418118,6.0
6.19405679395,7.0
6.44838298075,5.0
5.70324483919,6.0
5.33198170614,5.0
5.78156736958,6.0
5.89711296308,6.0
5.65753463752,6.0
4.8296335142,5.0
5.35539286679,5.0
5.39711115791,5.0
5.84300302367,6.0
6.40291238203,7.0
6.95846484918,8.0
5.38089785727,5.0
5.75551582373,7.0
5.87401308965,5.0
5.97809796302,6.0
4.75247719516,5.0
6.3526641761,7.0
5.58422953083,5.0
5.94538246931,6.0
5.83270494521,7.0
5.44007135412,6.0
5.40551174345,5.0
5.32269114991,5.0
6.11922104946,6.0
5.12390346991,6.0
5.45707048168,5.0
6.14982895041,6.0
5.65753463752,6.0
6.33971753193,6.0
5.18578367848,5.0
5.99491537264,6.0
5.96942496711,6.0
5.1319073988,5.0
6.2704633131,6.0
6.22987884616,7.0
5.57771047676,6.0
5.61020045499,5.0
5.10277894889,5.0
6.39599470038,6.0
6.1505429693,6.0
5.32030930462,6.0
6.06949210325,6.0
6.62365071408,7.0
6.54241590727,4.0
6.64362404618,7.0
5.34982404127,6.0
5.98071637301,6.0
5.92366345925,5.0
6.01091770774,5.0
5.06554624642,5.0
5.70461405241,6.0
5.75381613628,5.0
6.07171023083,6.0
5.38999567692,6.0
5.81403740988,6.0
5.68016910726,7.0
6.03215684704,6.0
5.47605831723,5.0
5.58022154272,5.0
5.91901926792,5.0
6.73306937285,6.0
5.697985224,5.0
5.98448011489,5.0
5.92853451002,6.0
6.12375909181,7.0
5.43908753133,5.0
6.93979306671,7.0
6.54245326872,7.0
5.49093679765,6.0
6.15390332725,5.0
5.86389970182,5.0
5.34844790687,5.0
6.4618955278,7.0
5.98901963265,6.0
6.19840292345,5.0
6.35706113543,6.0
6.29812140355,7.0
5.73342404119,4.0
5.6281405173,5.0
6.35292023807,6.0
6.64341058098,7.0
6.19259064553,6.0
5.92583436564,6.0
6.35670970246,6.0
5.78945396401,5.0
6.19405679395,7.0
6.2430496959,7.0
6.7663589822,8.0
5.3504831732,5.0
6.34719961569,7.0
5.04554512577,5.0
7.03088586702,8.0
5.97837423342,6.0
5.97295830683,6.0
6.19662880248,7.0
6.6132870304,7.0
5.98476748964,5.0
6.62868821572,6.0
7.11602880742,8.0
5.77288658415,6.0
5.80032145831,5.0
5.5630359431,6.0
5.43050739212,5.0
5.17456564453,5.0
6.40501930374,6.0
6.16449546185,6.0
5.66092715571,6.0
4.34061720263,3.0
5.22495520139,6.0
6.27066175683,6.0
5.72109161226,7.0
5.62415573592,6.0
5.12078637198,5.0
6.51769693505,8.0
5.63247749276,6.0
5.79368383118,6.0
6.28279633131,7.0
5.54917352325,5.0
5.55345426735,6.0
6.59810469377,7.0
5.07550392483,5.0
5.90427085325,6.0
5.82674472749,6.0
6.00016965148,6.0
5.72081623046,6.0
5.95412237498,6.0
6.14613535334,6.0
5.87714006455,5.0
5.65329679101,6.0
5.41086453252,6.0
6.43204086302,7.0
5.03355498985,5.0
5.67984609776,6.0
5.37068832413,5.0
6.36549871751,6.0
5.52078926429,5.0
6.0828868765,7.0
5.69138397134,6.0
5.53263217824,5.0
6.35615674177,5.0
4.33319046103,5.0
5.67336404192,5.0
5.64995603903,5.0
5.75036137559,6.0
5.36064274385,6.0
6.21343640206,7.0
6.78628940571,8.0
5.02617139107,6.0
6.31342189363,6.0
6.27596151374,6.0
4.98280425153,7.0
6.15523569786,6.0
6.14732182103,8.0
6.20990219249,6.0
6.22313509492,7.0
6.52105938841,6.0
6.1035935886,3.0
6.0106503271,8.0
6.18657008943,6.0
6.21421519841,6.0
6.00553962679,6.0
6.38154289088,6.0
4.60307954263,6.0
5.88969789666,5.0
5.77630531401,6.0
6.0018791237,7.0
5.94480946049,6.0
6.06487946714,6.0
5.98956653676,6.0
6.13392696172,8.0
5.97077973269,5.0
5.66092715571,6.0
5.72035790141,6.0
5.63151474533,6.0
6.74448991083,8.0
6.47899553673,5.0
6.11688450972,7.0
5.95496492053,7.0
5.61892386884,5.0
6.04448454154,5.0
6.16343738434,5.0
5.78739346494,7.0
5.98071483103,6.0
6.0250016827,6.0
6.36315056117,6.0
6.01694438922,6.0
6.57861185429,7.0
5.79851486729,7.0
5.43302630098,5.0
5.60169753226,4.0
5.78510710208,6.0
5.8541634985,5.0
5.52189698948,5.0
6.32740962772,7.0
5.82489586109,6.0
5.24760454378,6.0
5.98476748964,5.0
6.7553863819,6.0
6.80076663906,6.0
7.01489260541,6.0
5.39390491657,5.0
6.34449052576,5.0
5.77245080469,6.0
5.39479061523,6.0
6.39751064294,6.0
5.31408351923,6.0
5.88210729215,6.0
5.43037427246,5.0
6.40723456654,5.0
6.16118167219,7.0
6.02036563749,6.0
5.99721687961,6.0
6.00306316969,6.0
5.70129632055,6.0
5.36748375894,5.0
6.34802177229,3.0
5.9447717443,6.0
5.77245080469,6.0
6.0360716796,7.0
5.6549919019,6.0
5.84786315336,6.0
5.8541634985,5.0
6.24965094697,6.0
5.96902873331,7.0
6.29983380479,6.0
5.23209458942,6.0
5.98476748964,5.0
5.3169119821,5.0
5.72170069919,5.0
5.51213384343,5.0
5.51950234077,5.0
5.31920777734,6.0
5.69792157402,6.0
6.15470911203,6.0
5.53214779936,6.0
5.23995051628,4.0
5.46072131201,4.0
5.49896071796,5.0
5.82124014192,5.0
5.32269114991,5.0
6.3257826356,6.0
6.04342329167,6.0
5.60282375478,8.0
6.36093801384,7.0
6.07780157006,6.0
5.90140453128,6.0
5.5825715895,6.0
5.5563538927,5.0
5.26635676156,5.0
6.15565578504,7.0
5.75231128183,5.0
5.97058069658,7.0
5.32176219717,6.0
5.74328837623,6.0
4.53298238483,5.0
6.50863386743,6.0
5.54094778684,5.0
6.83472987331,7.0
6.02404216048,5.0
6.77361620293,7.0
6.65774007407,7.0
6.18888489615,6.0
5.99650811534,5.0
5.86807562737,6.0
6.10612497615,6.0
6.69611285128,7.0
6.10772692866,8.0
5.62897847418,6.0
6.77397789569,7.0
6.56500080752,6.0
5.82355663172,7.0
5.77652493225,6.0
6.17091733042,7.0
5.74470926553,5.0
5.53694966562,5.0
5.77506804401,6.0
5.73332554247,5.0
5.8749187853,6.0
5.88643147762,6.0
6.50037626685,6.0
5.83537430581,3.0
6.52238234677,7.0
5.44967542552,5.0
5.61789455876,6.0
6.01272718243,6.0
5.81134176073,5.0
5.43722455637,5.0
6.27237566757,7.0
5.39220655911,5.0
5.99979629219,6.0
5.69197980712,5.0
5.73205332251,6.0
6.98478824419,6.0
5.90501760526,5.0
6.18868765177,6.0
5.84218078004,5.0
5.40514107015,5.0
5.98351282054,5.0
6.67056787051,6.0
5.55498524242,6.0
6.0362037333,6.0
6.18868765177,6.0
5.49489510529,5.0
5.52176872443,6.0
5.67150874333,6.0
5.04691118166,5.0
5.97313524784,6.0
6.46904940025,7.0
5.23570227883,5.0
5.68845459413,6.0
5.81888704286,7.0
5.7724634303,5.0
6.45021729107,5.0
6.46989518915,7.0
5.36036089214,5.0
6.46247617573,6.0
6.03599073642,7.0
6.38246551788,7.0
6.16449546185,6.0
5.54998768641,7.0
5.27429810855,6.0
6.07902667024,8.0
6.56125082315,6.0
5.88309718821,5.0
5.5515162391,6.0
5.29644725572,5.0
7.19090585746,7.0
5.70614278661,5.0
6.34633176196,7.0
6.11650141516,6.0
5.71281116497,5.0
5.49064416971,5.0
6.49972463503,7.0
4.76500734131,6.0
5.35455350337,5.0
5.42550449992,5.0
5.60351636783,5.0
6.32460306031,7.0
5.99323484136,5.0
6.22515814237,6.0
5.36875145461,5.0
5.79851325658,5.0
5.69090492213,6.0
6.52013351992,6.0
6.31691656671,6.0
5.78218766194,6.0
6.14922423691,6.0
5.79028790331,6.0
5.59453794199,6.0
6.60840483165,7.0
5.73508248354,6.0
5.92341274691,6.0
5.61652668247,5.0
6.01697608012,6.0
5.67289812199,6.0
6.387559792,6.0
6.05799296067,7.0
6.80506979489,6.0
5.67727969631,5.0
6.27823099386,6.0
6.08015764621,7.0
6.81508407893,7.0
5.34589384831,5.0
5.61053519309,6.0
6.77622946537,6.0
5.98733443228,7.0
6.50960392507,6.0
6.78291533225,6.0
5.92122987435,5.0
6.07236964802,5.0
5.7764600234,6.0
6.10804951968,7.0
5.67518628738,6.0
5.39180847399,5.0
4.97860988901,5.0
6.12883843792,7.0
5.9154808315,6.0
5.1641619634,5.0
5.38744047271,6.0
5.94461764973,5.0
5.45302047934,5.0
6.14736314551,7.0
6.09041551701,7.0
5.57944014144,5.0
5.89095295034,6.0
5.54917352325,5.0
5.63813952316,6.0
5.63397002902,6.0
5.76056949873,5.0
4.81344064189,5.0
6.30755137577,7.0
6.22640273061,7.0
5.93285909613,7.0
6.04301242517,6.0
5.15280223868,5.0
4.97349039652,5.0
5.99488828889,6.0
5.52621289986,6.0
5.49937429052,5.0
5.86553316028,6.0
6.80459954796,6.0
6.24638891907,6.0
5.8967267775,6.0
5.60584470614,5.0
5.88991274042,6.0
6.71452405628,7.0
5.4876388413,5.0
6.18652144698,5.0
5.76821456866,5.0
5.51001707783,5.0
5.29137069574,5.0
6.18908173794,8.0
5.62329211821,5.0
6.2378973928,6.0
5.74891487557,5.0
5.75881126536,5.0
6.42646552302,7.0
6.12545267521,6.0
7.05508840945,7.0
6.11587488124,6.0
6.08207462955,6.0
5.67207862989,5.0
5.68680216819,7.0
5.25492680968,6.0
6.24373791545,6.0
6.01697608012,6.0
6.53650645484,7.0
6.25905549162,7.0
6.759596057,6.0
5.39213494462,5.0
5.30518753962,5.0
5.79936179238,6.0
6.35078135306,8.0
5.49148759093,6.0
5.95452867246,7.0
4.42371790648,5.0
6.00326509472,6.0
5.96552874474,6.0
6.21711025927,7.0
5.76037066042,6.0
5.08701860871,5.0
6.14680043128,7.0
5.77094886868,4.0
5.19347764566,4.0
4.71808826555,4.0
6.22360217299,6.0
5.65224179566,5.0
6.47794290332,7.0
5.45930633062,5.0
5.84786315336,6.0
5.57555453071,6.0
5.79885013952,6.0
6.09839663874,6.0
5.8570719997,6.0
5.88760134882,6.0
6.1156618426,7.0
6.47954570015,7.0
6.59981026756,6.0
5.54501845229,5.0
6.4825860766,6.0
6.35810739284,6.0
6.21700225864,7.0
5.74211113684,4.0
5.90717173806,6.0
5.88916200907,5.0
5.80529142485,6.0
6.35292023807,6.0
5.44076883815,6.0
5.56362958988,6.0
6.70840840966,6.0
5.95538663538,6.0
5.57930929978,5.0
6.33893646474,6.0
6.06809740169,6.0
6.00473423344,6.0
5.80953179556,6.0
4.59525054623,6.0
5.97115565804,6.0
5.55487466185,6.0
5.63141092182,5.0
6.23441086086,7.0
5.96533861432,6.0
5.25015448511,6.0
6.39406777997,8.0
5.4591100831,5.0
6.25077521517,7.0
6.4421833315,6.0
5.94175669582,6.0
5.56830814724,6.0
5.66956724977,5.0
5.45455008383,5.0
5.98934346382,6.0
6.12272075744,6.0
6.01787923866,6.0
6.37597374402,5.0
5.28431357649,5.0
5.34870571298,7.0
5.43114955272,6.0
5.90666837284,5.0
5.62322528609,5.0
6.54390349339,6.0
6.40690130986,7.0
5.1080461989,4.0
5.61038319345,6.0
5.85462509116,6.0
5.80953179556,6.0
5.87744202809,7.0
5.52213255906,6.0
5.4674947348,5.0
6.07940274735,6.0
5.49735451653,5.0
5.86755834533,5.0
