5.4923266007,5.0
5.55107296331,5.0
4.78422262407,5.0
5.67753051017,6.0
6.13548352286,6.0
6.53000658833,7.0
5.51919715666,5.0
5.14351733118,4.0
5.75371665264,6.0
5.79664241934,5.0
6.05806504011,6.0
5.4742526261,6.0
6.87166204932,7.0
6.35456221693,6.0
5.37818747009,5.0
6.22845296949,8.0
5.7853478903,6.0
5.54186331655,5.0
5.52167834038,5.0
5.72663591504,7.0
6.54976146248,5.0
5.49637034738,6.0
5.74714779321,6.0
5.60495689803,6.0
5.31444503956,5.0
5.72300864256,7.0
5.56712970877,6.0
5.16155118934,6.0
4.99936001826,5.0
5.40088191404,5.0
4.71270252656,4.0
6.00979661062,6.0
5.61294811567,6.0
5.68280202672,5.0
5.43532455103,5.0
4.96566204921,6.0
5.35071713845,4.0
6.51815497349,6.0
5.99945091811,6.0
5.67077388028,6.0
6.40369325123,6.0
6.03751883184,5.0
5.51585709577,5.0
5.84336715821,6.0
6.25579185714,6.0
6.32088817054,7.0
4.80910250479,5.0
5.60287634714,6.0
5.33986985021,6.0
6.03839080475,5.0
6.50122754941,6.0
5.93707701714,6.0
6.22226017124,6.0
6.01055530313,5.0
5.05161973653,6.0
6.60742137994,6.0
6.26095283117,7.0
5.74172399698,6.0
5.77832366431,6.0
6.0499665377,7.0
6.43550582582,6.0
6.33583798678,7.0
5.74381929014,4.0
5.69533430576,6.0
5.60509490008,6.0
5.72654796631,6.0
5.92499453842,6.0
5.94276548013,6.0
5.65115152549,5.0
5.75274261828,7.0
6.15882013831,5.0
5.52442454236,6.0
6.37180994554,6.0
6.30890448296,7.0
6.13127716119,6.0
6.16613567875,6.0
5.55718481166,7.0
6.37381801227,6.0
5.73831016207,6.0
4.98187479119,6.0
5.50929025363,7.0
5.58586120191,5.0
5.61930419948,5.0
5.60634825076,6.0
5.53923856216,6.0
5.65893182933,5.0
6.34673974867,6.0
5.38605274753,6.0
6.39009345916,7.0
6.15321039552,6.0
6.05342293477,6.0
6.68389761181,7.0
6.16192220755,7.0
6.46963110805,7.0
5.61251996914,5.0
6.01101229909,6.0
5.71664443286,6.0
5.67620454083,6.0
5.34043251372,5.0
5.7592989973,7.0
5.96228603206,5.0
6.28087312106,5.0
6.66387966432,5.0
6.14855211535,6.0
6.72127332492,6.0
6.7968070515,6.0
5.90869351864,6.0
6.6311592048,6.0
6.59489406895,6.0
6.59038332558,8.0
6.28530919945,7.0
5.56770145861,6.0
5.62172294735,5.0
4.8197611538,5.0
6.23067063379,6.0
5.93702663747,5.0
5.86454117467,5.0
5.36058218303,6.0
5.71380696053,6.0
5.48515510072,5.0
5.62864898495,7.0
5.72181437127,7.0
6.31684663135,6.0
5.83911258854,7.0
5.72494211105,6.0
5.5193846687,5.0
5.75016147955,5.0
6.7124601086,8.0
6.15802633917,7.0
5.62135428115,7.0
6.67720598656,8.0
5.85800614207,6.0
5.67324272416,7.0
5.53708142992,5.0
6.00853455962,6.0
5.68042544383,5.0
5.53326816026,5.0
5.8050865603,5.0
5.56770298721,6.0
4.75406666592,5.0
6.17076460643,6.0
6.30341872294,6.0
5.96378006975,8.0
6.2722936844,6.0
4.99859776049,4.0
5.29800630872,6.0
5.63278540466,6.0
5.65809189227,6.0
5.73457465956,6.0
6.17421946573,6.0
5.47981719543,5.0
6.15193686822,6.0
5.96827745587,6.0
6.43924617123,7.0
6.80904088155,7.0
6.59071161338,6.0
5.33132088467,5.0
5.89677777238,7.0
5.5896873381,6.0
5.76494157422,6.0
4.95573978595,5.0
5.8654203624,7.0
5.20365951709,5.0
5.54867305544,6.0
5.37324710281,5.0
4.3704244675,5.0
6.11968489828,6.0
6.08558517705,7.0
6.13438518343,7.0
6.67265201845,7.0
5.53368273741,6.0
6.0463648229,6.0
6.13815001441,5.0
5.96035022303,3.0
4.26459036036,5.0
6.22738788047,7.0
4.8115154581,5.0
4.78599215163,4.0
5.25794548424,5.0
5.67877768005,6.0
6.30596716969,5.0
6.71246519566,7.0
6.0100573796,7.0
6.28360480658,7.0
5.82137792848,6.0
5.85886483582,6.0
5.46933550275,5.0
6.3507933131,7.0
6.2448612965,7.0
5.00698444972,7.0
6.15085717492,6.0
6.60895455076,6.0
6.62876923907,8.0
5.98793815642,6.0
6.06711260714,5.0
6.43526975667,8.0
5.49860686642,6.0
5.89185152283,6.0
6.46398739122,6.0
6.35307487998,5.0
5.6324491469,5.0
5.50129348768,5.0
5.83839214824,5.0
6.66255182003,6.0
5.98073069332,6.0
5.0199539393,5.0
5.91800931869,6.0
5.43055482647,6.0
6.10819882723,6.0
5.6212918563,6.0
5.45871065985,6.0
5.58408977102,5.0
5.84722653184,6.0
5.84438479244,6.0
5.66390070447,5.0
6.11565115435,6.0
6.42849992238,7.0
6.47063098877,6.0
5.48109023975,5.0
6.18096275029,6.0
5.63597383313,6.0
6.45846445384,6.0
5.77015597227,5.0
5.58588070789,5.0
5.56388275538,6.0
5.52064602318,6.0
5.39188168504,5.0
5.4639399013,4.0
5.82792790937,6.0
6.08077135512,5.0
6.13305711432,6.0
5.67921053369,8.0
5.08040347015,5.0
5.49244453622,6.0
6.79873121504,8.0
5.71429164737,6.0
5.75080258119,6.0
6.17197415691,5.0
6.21906913643,6.0
6.11566472174,6.0
6.19464557305,6.0
6.04278193909,6.0
6.43770202117,7.0
6.45131382945,6.0
5.71348221903,5.0
6.33719007187,6.0
5.81571178156,7.0
6.43691405634,6.0
6.39583318886,6.0
7.25144801438,7.0
5.78186967328,6.0
5.68029703627,6.0
6.50188923198,6.0
6.37464815629,6.0
5.48237274082,5.0
5.57264419088,6.0
5.72020665614,6.0
6.3515340122,5.0
5.58864830369,7.0
5.50015534239,6.0
6.29058719482,5.0
5.69753573735,6.0
6.5046728853,6.0
5.6083476643,5.0
6.59215250024,7.0
5.55476173448,5.0
5.74818233179,6.0
6.49217594537,8.0
4.94779001334,5.0
5.94921138014,8.0
5.4987181304,5.0
5.61005094952,6.0
6.64533755938,7.0
5.69839560963,6.0
6.2094113629,7.0
5.98721356359,5.0
6.81416431603,7.0
5.69196389617,5.0
5.58804481533,6.0
5.50466417766,5.0
5.34779751645,5.0
6.03859244012,6.0
5.6607775456,7.0
5.1284867105,4.0
4.91035501233,5.0
6.10570616849,3.0
5.77690549889,6.0
5.31199093045,5.0
5.8146811204,4.0
6.46019039643,6.0
6.04569217014,6.0
5.98793815642,6.0
5.74705313421,6.0
5.50853287009,6.0
6.49557452081,7.0
5.78406767211,6.0
6.54101385439,7.0
6.48758220899,7.0
5.75274261828,7.0
6.30945912361,6.0
5.29314612438,6.0
4.47824372636,4.0
5.59909470577,6.0
6.2316560988,7.0
5.53268412176,6.0
5.810524436,6.0
6.59219610854,7.0
6.4640860548,6.0
6.01445968175,5.0
5.4702118407,6.0
5.57683779282,6.0
5.57160879537,6.0
5.35023503694,6.0
5.50425596955,5.0
5.0199539393,5.0
5.8712939048,6.0
5.49684964891,7.0
5.3362283105,5.0
5.52613613932,5.0
6.21897514464,7.0
5.62915579295,6.0
6.9756717917,8.0
6.20594259199,6.0
6.04676943199,5.0
5.27695179304,5.0
6.52985105285,6.0
5.89008872222,6.0
5.87918116081,5.0
6.36335024709,5.0
5.63944068596,7.0
5.87914404015,6.0
5.7084397712,6.0
5.62562026638,5.0
6.11179301493,7.0
6.56759941369,6.0
5.56155349455,5.0
5.68189576013,5.0
5.57421437958,6.0
5.51855209224,5.0
5.95299960878,6.0
6.2368743012,6.0
5.53709023887,5.0
5.31184618305,6.0
5.89141976721,7.0
5.82194930839,6.0
4.75720933636,5.0
5.9895765594,6.0
6.54750474445,8.0
6.39143017889,6.0
6.14057596429,7.0
6.17160048019,7.0
5.4755135531,6.0
6.52106872983,6.0
5.77711225642,7.0
5.54358855903,4.0
6.12534994509,6.0
5.92354382183,6.0
6.32039237098,6.0
6.71213273802,6.0
6.29637020948,6.0
6.71625351343,7.0
6.2353857546,7.0
5.82173298854,5.0
4.97784905154,6.0
4.47632673835,4.0
5.24648202637,5.0
6.09734873014,7.0
6.35307487998,5.0
5.76744747103,7.0
5.48316120719,6.0
6.69184482156,7.0
6.65382126615,7.0
5.6690352092,5.0
6.05112730765,5.0
6.22151835098,7.0
4.45466403431,4.0
5.71309528054,5.0
5.66857544272,6.0
5.62439396617,5.0
6.28642962747,6.0
5.63843814747,6.0
6.73528253056,8.0
5.51584115874,5.0
4.98077878635,5.0
6.17035005303,6.0
6.57094122023,6.0
5.86677900055,6.0
5.73553596225,6.0
5.59327855522,5.0
5.98793815642,6.0
5.80018392365,5.0
5.66266616935,6.0
5.78774632023,6.0
6.02102702907,5.0
5.93835519445,6.0
5.51465914392,5.0
5.63829145364,6.0
6.19464557305,6.0
5.58591761499,6.0
5.90118051603,7.0
5.77059804427,5.0
6.06532255126,6.0
5.5871202423,4.0
5.92363108323,6.0
5.20006097913,5.0
5.76729319634,5.0
6.10250124981,5.0
5.23494941508,4.0
5.50030145232,5.0
5.6912188612,7.0
5.88538982495,6.0
6.38179422708,6.0
5.65995744304,6.0
6.44612356555,7.0
5.63052032799,6.0
6.50347229358,5.0
5.85531323601,5.0
6.51630877567,7.0
5.9499549921,5.0
6.13085415871,6.0
5.85731843059,6.0
5.72381485487,6.0
6.47855249692,6.0
5.82924628836,7.0
5.51938800023,5.0
6.59071161338,6.0
6.18185056022,5.0
5.84014180858,6.0
6.4256429155,8.0
5.59369640842,6.0
5.93306701436,5.0
5.60061947847,8.0
5.91114096527,6.0
5.71429164737,6.0
6.56613232619,6.0
5.8138315666,6.0
5.71050710646,6.0
6.03715682356,6.0
5.60635323242,5.0
5.57082445912,5.0
6.1621948809,7.0
6.44875972024,5.0
6.0145376828,7.0
5.71207959546,6.0
6.14436145019,7.0
5.45925800444,4.0
6.01657474047,6.0
5.96378006975,8.0
6.70564293884,7.0
6.71782171004,6.0
6.70648726537,8.0
6.0958374297,6.0
5.62803171643,5.0
4.84300415031,4.0
5.54504637027,7.0
5.70318675549,6.0
7.02826177682,7.0
5.46456164043,6.0
5.95873090479,6.0
5.80797001137,6.0
5.72835695742,5.0
5.53287426982,5.0
6.13761081512,6.0
6.14251174567,7.0
6.88582640252,8.0
5.9931691554,6.0
6.13619108232,7.0
5.91800931869,6.0
5.68928745379,6.0
4.99213943094,4.0
5.61911592283,5.0
4.24251400415,4.0
5.48705022853,5.0
5.64298374692,5.0
5.62475924596,6.0
5.51568108431,6.0
5.72833204213,6.0
5.68189576013,5.0
6.04710249903,6.0
5.23474240285,6.0
6.29271290579,5.0
6.06556110301,5.0
6.79837009243,7.0
5.70606064773,5.0
6.02306363259,6.0
5.69823326683,5.0
4.35819020953,5.0
5.49574151721,5.0
5.92681587549,5.0
6.00682183712,6.0
5.62347704769,5.0
6.42964717791,7.0
4.69061113503,5.0
6.62908891497,7.0
6.49359055139,7.0
5.80493442965,6.0
5.51726188129,5.0
5.7853478903,6.0
6.556391377,6.0
6.42773489439,6.0
5.01004137495,5.0
5.73391929439,5.0
6.26873864987,7.0
5.11774603993,4.0
5.55476173448,5.0
5.73508327375,6.0
5.70977893238,5.0
6.1363470041,6.0
6.73254001026,6.0
4.56189745876,4.0
5.47069744955,5.0
6.63207443362,8.0
5.56155349455,5.0
5.97011150265,6.0
5.5369679432,5.0
6.16836276428,7.0
6.24992434068,7.0
6.90172198214,7.0
5.37689518786,6.0
5.37403193132,6.0
5.6742293411,6.0
5.58428654559,5.0
6.27257558018,6.0
5.6324491469,5.0
5.72637358303,5.0
6.28422429593,6.0
5.691758758,5.0
5.68509986024,5.0
6.61125018535,6.0
6.10295891031,6.0
6.42623488542,7.0
4.56621650436,5.0
5.77083136389,5.0
6.09065863371,7.0
5.94517619681,5.0
5.56187654083,6.0
5.77386915515,4.0
5.54533648171,6.0
5.60360943797,5.0
6.20485042724,7.0
5.79664241934,5.0
6.82226631373,7.0
5.50901152424,5.0
6.68047282331,8.0
5.68280202672,5.0
6.67683115776,6.0
5.47203872061,6.0
5.95217934957,6.0
6.45093783491,6.0
6.15213243558,6.0
6.34233104744,6.0
5.86140670777,5.0
5.65101658159,6.0
6.29293390625,8.0
6.82473669798,6.0
6.112377513,6.0
6.54442190916,7.0
6.19061541988,6.0
6.52961062153,7.0
6.85829001337,7.0
5.97972366778,6.0
5.68889596842,6.0
5.93766776553,6.0
5.89250741972,5.0
6.28104367204,6.0
6.23915963261,6.0
5.68567123428,5.0
6.27589574895,6.0
5.91612580671,7.0
6.10020726673,6.0
5.30172079376,5.0
5.81907523181,7.0
5.51911596675,5.0
5.75748145021,6.0
6.76749287448,6.0
6.42964717791,7.0
6.01284174374,6.0
6.36042076105,5.0
5.48641368977,5.0
6.66082276015,7.0
5.33972517394,4.0
5.65115152549,5.0
5.94532752408,6.0
5.63843814747,6.0
6.05707988644,6.0
6.06921123604,5.0
6.27309269433,7.0
5.63879486857,5.0
5.65665506228,7.0
6.9087118053,6.0
5.46170116068,5.0
6.56759941369,6.0
5.57075291393,6.0
5.5133123099,6.0
5.58804481533,6.0
6.13340032145,6.0
6.47758524452,6.0
6.61077992574,6.0
6.32993258018,7.0
5.56791003703,5.0
5.55308633221,6.0
5.01536753076,4.0
5.05653117272,4.0
5.50206626338,6.0
5.91114096527,6.0
5.73056310474,7.0
6.36756865938,8.0
5.67753051017,6.0
6.67322947737,9.0
5.35913056461,6.0
5.77351536413,6.0
5.5193846687,5.0
5.93740218492,6.0
5.71196961144,6.0
6.28248988659,7.0
4.77143276216,5.0
5.59331481105,7.0
6.4705968877,7.0
5.92331771862,5.0
6.32764375874,6.0
5.83646283414,6.0
6.03899823864,6.0
5.39595303849,5.0
5.98691340178,6.0
5.31020446799,6.0
5.33986985021,6.0
4.76504824239,5.0
5.66334025509,6.0
5.95664158674,6.0
5.72381485487,6.0
5.18681850108,5.0
6.48299285207,6.0
5.62737663897,5.0
6.21710513656,6.0
5.76640043366,5.0
5.80152234825,5.0
5.61915649166,5.0
5.07016487959,6.0
6.44976040943,7.0
6.65614836188,6.0
6.5552364902,6.0
5.77984875843,5.0
6.73379195486,7.0
5.29164657352,5.0
6.65537756065,7.0
5.70551661296,6.0
5.82806643275,5.0
6.1115573363,7.0
6.69545097763,8.0
5.51440967058,5.0
5.49463794943,5.0
6.26608609356,6.0
6.13815001441,5.0
7.06173212597,7.0
6.93290012641,6.0
5.80508206796,6.0
6.12252961806,6.0
6.080354101,7.0
5.50614381268,5.0
6.73528253056,8.0
6.07582600154,6.0
5.63597383313,6.0
5.73645236559,6.0
5.34368659861,5.0
5.13207563491,5.0
5.62508636455,6.0
5.47518868041,6.0
6.71647956513,7.0
5.74654950668,6.0
6.13340032145,6.0
5.49230135243,5.0
5.58564454652,6.0
5.47815662824,6.0
6.09027126032,8.0
6.01284174374,6.0
6.28360480658,7.0
5.24891557679,5.0
6.53601737037,7.0
5.91816731087,6.0
6.60514470452,8.0
5.62347704769,5.0
5.78311500091,6.0
6.39263430865,7.0
6.16986947041,5.0
5.87381494157,6.0
5.62475924596,6.0
6.2674566009,7.0
5.68889596842,6.0
6.03466406932,5.0
5.72465060171,6.0
5.32533243526,5.0
5.55840491766,6.0
5.47926353261,5.0
6.03342696542,6.0
5.72769866086,5.0
5.51967462993,5.0
6.6587377828,7.0
5.29095876274,4.0
6.10320188016,8.0
5.26216471418,5.0
5.62864898495,7.0
5.9109655069,6.0
6.27109174494,8.0
6.12177769219,6.0
5.12933943991,6.0
4.70140118759,4.0
6.47948843573,5.0
6.60914095545,6.0
6.19976054791,6.0
6.00874604629,6.0
5.1982564047,6.0
5.91816731087,6.0
5.41098963075,5.0
5.00600795176,5.0
6.66889269449,6.0
6.27332395103,6.0
5.70492610333,6.0
6.36795174477,7.0
6.38836401295,6.0
5.68824285084,6.0
5.78919297994,6.0
5.90968257817,5.0
5.5506907117,5.0
5.32707405901,5.0
5.986789138,6.0
5.91800931869,6.0
5.72922367979,5.0
5.76956316427,6.0
5.52026945037,5.0
6.65020904773,7.0
6.49396722167,6.0
6.11151087106,6.0
6.25566948658,7.0
5.06181379528,4.0
5.76193895359,7.0
6.03839080475,5.0
6.21107118362,6.0
5.47575570046,5.0
5.45063239197,6.0
5.6003334784,5.0
5.28331852238,5.0
6.52201264252,8.0
6.55408553024,7.0
6.45634180852,6.0
5.40169671694,6.0
6.55398834989,6.0
5.70788073237,6.0
6.33485215013,7.0
6.2128034167,6.0
5.81670045824,6.0
5.46354161443,6.0
5.45214440935,5.0
5.62196712462,5.0
6.3507933131,7.0
6.22771249406,6.0
5.56788599449,7.0
6.16954164344,6.0
6.35433311814,6.0
6.56037917339,7.0
6.26059683922,5.0
6.25317763308,7.0
5.95336963946,6.0
6.29876013882,7.0
5.43532455103,5.0
6.35715738301,6.0
5.675687401,5.0
5.75798479988,6.0
6.06711260714,5.0
6.17439702728,7.0
5.6233023945,5.0
6.36336410324,7.0
5.77584690167,6.0
5.81534506082,6.0
5.92284795938,6.0
5.3095078611,5.0
6.41873314326,7.0
5.91000570802,6.0
6.33566897376,7.0
6.24531659632,6.0
6.30388421417,7.0
6.39016383246,7.0
5.0876120502,5.0
5.62358297211,7.0
5.45475584831,6.0
6.39847346702,9.0
6.17421946573,6.0
6.09863745654,7.0
5.95588169354,6.0
5.78540672855,5.0
6.30827657352,6.0
6.00972700886,6.0
5.35681412028,6.0
6.77462741281,6.0
5.63998392541,5.0
5.61398895698,5.0
5.65228169671,6.0
5.4786918344,6.0
5.60260619518,6.0
5.50365257053,5.0
6.01383521413,6.0
5.58564454652,6.0
5.33442286305,6.0
4.69590249826,5.0
6.71011653955,6.0
5.77429033746,5.0
6.6394492743,6.0
5.71481262092,5.0
6.36016703332,6.0
5.60869116968,5.0
5.67201874881,5.0
5.89311196077,6.0
5.54967685657,5.0
5.46369428676,5.0
6.54389532618,6.0
6.63672974749,6.0
6.57094666946,6.0
6.08558517705,7.0
5.97319027444,5.0
6.41633628696,6.0
5.80533063993,4.0
6.080354101,7.0
5.00348850094,5.0
5.04809016446,5.0
6.48430215793,8.0
5.48885351399,5.0
5.33964825945,5.0
6.6648649847,6.0
6.2977616992,6.0
5.60483146927,6.0
5.9066557409,6.0
5.29756189439,5.0
6.4738166104,5.0
5.85862714704,6.0
6.06107228679,6.0
6.78396074249,7.0
5.17578798098,6.0
6.57683107067,8.0
6.68760919553,6.0
6.13273052738,6.0
5.24415410549,5.0
6.87650026697,5.0
6.11024324052,7.0
5.66942339115,6.0
5.59017340837,5.0
5.8855465896,6.0
5.50916445172,6.0
6.74790750461,7.0
5.99632181592,6.0
6.40494813369,6.0
5.85114511949,7.0
5.44737089564,5.0
5.68201718239,6.0
5.34933720068,7.0
6.16633705212,6.0
5.72701920098,5.0
5.44803705067,5.0
6.50371320466,6.0
6.2292409261,6.0
5.50708331068,6.0
5.44101311825,5.0
5.58028487607,6.0
6.40080586351,5.0
5.34966086372,5.0
5.5920199816,6.0
5.68337354677,7.0
5.55748638394,5.0
5.82560166883,6.0
6.65364912595,7.0
4.35648950565,4.0
5.71359762713,5.0
6.38939165247,7.0
6.65319086383,7.0
5.6269561084,5.0
6.72477093413,7.0
6.31684921984,6.0
6.41018535012,7.0
6.35826346221,7.0
5.62864898495,7.0
5.58419692223,5.0
6.56131323489,8.0
5.36395687861,6.0
6.22256995151,5.0
6.63644400969,8.0
5.42421160199,5.0
5.20158583897,4.0
5.6949323079,5.0
5.54014515381,6.0
5.94993569185,6.0
6.13948650973,5.0
5.55117155449,5.0
5.93195680851,5.0
4.53359154246,5.0
5.73220263782,6.0
5.35174599779,5.0
6.77463834182,8.0
5.55909103574,5.0
5.82326631038,6.0
5.96832340658,7.0
6.22767813877,7.0
5.54524442028,5.0
5.87060895679,4.0
5.89233680581,7.0
5.99863815637,6.0
5.99129195617,6.0
6.42531613047,7.0
6.3500536827,7.0
6.77329910271,8.0
7.00380051596,7.0
6.74138397775,8.0
4.68630091934,5.0
5.91052899974,7.0
6.4474320478,7.0
5.58451440223,6.0
5.67836870213,5.0
5.92705702692,5.0
6.14683420459,7.0
5.44632700628,5.0
5.44095533377,5.0
5.80623884153,6.0
5.54763216731,5.0
6.59408750513,6.0
5.39030831274,6.0
6.15045134349,7.0
5.7304921315,6.0
5.82786266527,6.0
5.48109023975,5.0
6.24914052986,7.0
6.77463834182,8.0
5.82005566851,6.0
6.52447843497,6.0
6.26866856424,6.0
6.45242792378,6.0
6.57990214357,6.0
6.82733746125,7.0
6.23266225023,7.0
5.93157503934,7.0
5.60644359563,6.0
6.66085099009,6.0
5.64430341459,5.0
5.42096290588,6.0
5.98694254308,6.0
6.30373893585,6.0
5.58070196078,5.0
5.51919715666,5.0
5.48237274082,5.0
5.92322834775,6.0
5.6672483327,5.0
6.81989317897,6.0
6.99834171467,6.0
5.54322887657,5.0
6.23994382519,5.0
5.76446528837,5.0
5.87695977442,6.0
5.63174622795,4.0
6.13093809702,6.0
5.54915710142,6.0
5.35312473592,6.0
5.83832825425,6.0
6.5584532397,7.0
5.95828483195,5.0
6.79811971154,6.0
6.56428130113,6.0
5.71462132417,5.0
5.76605772397,6.0
6.2757660854,7.0
6.71172170531,8.0
6.25161434569,5.0
5.77086931045,6.0
5.50025977442,7.0
6.6163849448,6.0
5.73544431845,4.0
6.67663508144,8.0
5.71645717326,6.0
5.74485684491,7.0
5.39340952258,5.0
6.27972065516,7.0
6.05173952749,7.0
6.30462734034,6.0
6.55777479008,6.0
5.47652864679,5.0
4.25320831489,4.0
6.1373537644,6.0
6.51100355694,8.0
5.79449823727,6.0
5.84811167532,6.0
5.8050865603,5.0
6.00049615792,5.0
5.68713990824,5.0
5.4931433147,6.0
5.70366370191,5.0
5.31823151163,4.0
6.12856863441,7.0
5.47069744955,5.0
5.9860219812,7.0
5.59331481105,7.0
5.61602571646,5.0
5.19014492401,4.0
6.51554645133,6.0
5.28698237641,5.0
5.53489521893,5.0
5.57160879537,6.0
6.23164158207,6.0
6.21156487542,7.0
6.56466675454,6.0
6.55649066355,6.0
5.60878691532,7.0
5.68043510217,5.0
5.62204438691,5.0
6.38180850285,6.0
6.00970142848,7.0
6.62618326608,8.0
6.30296294681,6.0
6.02217925496,5.0
6.55509999147,8.0
6.57094666946,6.0
6.57891325241,7.0
5.95947760006,6.0
6.22723874121,6.0
5.93384987548,7.0
6.47377979804,7.0
4.88294294071,4.0
5.61230693343,5.0
6.57540588306,6.0
5.56825899544,8.0
5.52552166139,4.0
5.46482963009,7.0
6.62678925588,7.0
6.4243027353,6.0
6.04420747648,6.0
5.46276756985,5.0
6.12384110169,7.0
5.78451853875,4.0
6.05892585297,6.0
6.44973228558,8.0
5.61374089097,5.0
5.25258801876,5.0
5.62982119438,6.0
5.75425943799,6.0
5.45016997851,6.0
6.34457380529,7.0
5.31273235548,5.0
6.22075009533,5.0
5.74647606304,6.0
5.35395648455,4.0
5.9360914134,6.0
6.69975379405,8.0
5.00900008995,5.0
5.71938458211,7.0
5.64262398062,5.0
6.0324407615,6.0
6.28186947622,7.0
5.99274272623,6.0
5.50228641113,6.0
6.50053885393,6.0
5.80926956902,6.0
4.69590249826,5.0
5.97660525903,5.0
5.81907523181,7.0
6.10225917438,7.0
5.09913439173,5.0
5.33964290255,5.0
6.30479954602,6.0
6.28729668115,7.0
5.87846506194,7.0
6.63922094092,7.0
5.801579493,6.0
4.79561841874,6.0
6.2475294431,6.0
5.68980567342,6.0
6.1630442941,6.0
6.52277478957,7.0
6.1298140816,7.0
5.98204016508,6.0
5.63597383313,6.0
5.49421298404,5.0
5.7741696628,7.0
6.7652313934,7.0
6.13438518343,7.0
5.42365817962,7.0
5.66514903315,6.0
5.42898498561,6.0
5.80548107958,7.0
5.57693269319,6.0
5.63551635028,5.0
5.67864116403,5.0
5.72518712801,6.0
5.9543978107,7.0
5.67078803284,6.0
6.52054319322,7.0
6.54671809617,6.0
5.41562119543,5.0
6.13803089217,6.0
6.5982830829,6.0
5.57075291393,6.0
6.42623488542,7.0
6.26187218825,6.0
6.38759703175,5.0
5.80965682604,6.0
6.55046832787,8.0
5.67586231545,6.0
5.62643886711,6.0
5.46980679123,6.0
5.1540373525,6.0
5.59312922345,5.0
5.39209831273,5.0
6.11684959215,6.0
6.16390793041,6.0
5.83423193711,6.0
5.55358095352,5.0
5.57133357227,5.0
5.62898627739,6.0
5.18594401733,3.0
5.68603372053,7.0
6.34839626449,7.0
6.49487522549,6.0
5.2733962219,6.0
5.62937219556,6.0
5.78251429992,7.0
6.40385952254,6.0
6.2902848693,6.0
4.71597341403,3.0
6.1090415591,6.0
5.50708331068,6.0
5.49645053812,4.0
5.64800334476,5.0
5.43891679873,5.0
2.85188727025,3.0
6.13849135639,5.0
6.08662122208,6.0
6.1979792913,8.0
6.4620099037,5.0
6.10483769362,5.0
6.05155523037,3.0
5.88244541278,5.0
4.09073589845,4.0
5.68343558877,5.0
5.7354743514,6.0
4.90378342072,5.0
5.63989999063,5.0
5.16155118934,6.0
4.78195232925,5.0
5.22361222598,5.0
5.22085476438,6.0
6.1121336188,6.0
5.46224379844,5.0
5.04841795684,4.0
6.21897514464,7.0
6.4040591146,6.0
5.91421103256,6.0
5.6677835954,7.0
5.73536621976,6.0
5.46103097873,6.0
5.68118993236,5.0
5.6861203359,6.0
5.51491572131,6.0
5.68218955274,5.0
5.93005555405,6.0
5.70763841962,6.0
6.13557662627,6.0
5.79130719701,5.0
6.2545635072,5.0
6.38421936339,6.0
6.04212827477,5.0
6.46923873925,7.0
5.86660697166,7.0
6.42221950542,7.0
5.38186795209,6.0
6.39939279701,7.0
6.20372969826,7.0
5.82415911862,5.0
5.98108329055,6.0
6.26006204327,7.0
5.45000827486,3.0
5.60118679714,6.0
6.90023200301,7.0
5.97105364831,6.0
5.85418276831,3.0
6.49586734305,7.0
5.68394563973,6.0
5.44632700628,5.0
6.19797103302,8.0
4.91035501233,5.0
6.22630264355,5.0
5.54339443786,4.0
5.42312279421,6.0
6.66703683709,6.0
5.70257911653,7.0
6.35583411767,6.0
6.13263138969,6.0
6.63318446956,7.0
6.31994822078,6.0
5.19014492401,4.0
6.28829990388,6.0
6.11780621318,6.0
5.63480543253,7.0
5.57160879537,6.0
6.31011866424,6.0
5.63879486857,5.0
5.52829178518,5.0
6.00049615792,5.0
6.25258683803,6.0
5.62079807748,5.0
5.93961497744,6.0
6.50785584884,6.0
6.5336991851,7.0
6.33382049589,7.0
5.73474590218,5.0
5.97380490645,7.0
6.00264283461,6.0
5.63586637865,5.0
4.87740304778,5.0
5.79646908588,6.0
6.26451710423,7.0
5.86101092055,5.0
5.58317061816,5.0
5.60061947847,8.0
6.2527189818,6.0
5.57974133021,6.0
5.67921053369,8.0
5.64889927966,6.0
6.74574189148,7.0
5.60841948209,5.0
5.82814510425,6.0
5.99058575486,6.0
6.3913981287,6.0
5.55901212895,7.0
6.54329819846,7.0
4.47942508545,5.0
6.6963460764,7.0
5.77984875843,5.0
5.1793757398,4.0
6.51743673974,6.0
6.15683268737,6.0
6.27188167834,6.0
6.28852223129,6.0
6.28438412666,6.0
6.13273052738,6.0
4.07707754938,4.0
6.7455824322,6.0
5.61539413642,5.0
5.76640043366,5.0
5.32959223908,7.0
6.61987222557,7.0
6.221797043,7.0
5.60950020863,6.0
6.55915467917,7.0
6.04167851747,6.0
5.84340842957,6.0
6.43301189854,7.0
5.66424857685,5.0
5.98987300978,6.0
5.69780129079,6.0
6.4568063387,6.0
6.0274676985,5.0
6.29445235413,6.0
6.67879520241,8.0
6.03939588975,7.0
6.54164803735,6.0
5.64389568497,6.0
6.56702199476,7.0
5.95423808226,6.0
5.73831016207,6.0
5.59507276552,5.0
6.73388765788,6.0
5.77531540557,5.0
6.452658624,8.0
5.45702206985,6.0
6.24406807125,6.0
6.09032297616,5.0
6.4690183471,7.0
6.29864091752,7.0
5.63702297733,6.0
5.19449628428,4.0
6.22336013441,7.0
5.61584747905,6.0
6.25869851281,5.0
5.801579493,6.0
6.1775310362,6.0
6.0542803518,6.0
5.97014397131,5.0
6.08831202456,7.0
6.0409561975,5.0
6.93149391291,7.0
6.38981931858,6.0
6.50188923198,6.0
6.69369579504,7.0
6.62038242718,7.0
5.39438712039,5.0
6.19420711772,6.0
5.28062283973,5.0
6.32339898051,6.0
6.50360969977,6.0
6.55424012959,7.0
5.64740497815,5.0
6.15711063544,6.0
5.8123730146,5.0
5.95141234978,7.0
5.56175248465,5.0
6.43526975667,8.0
5.55901212895,7.0
5.31411690057,6.0
4.9851772341,5.0
6.72497770118,6.0
5.52315194785,5.0
5.95986690964,6.0
6.33490351589,7.0
5.53678739689,6.0
6.92878476825,6.0
6.17002909508,5.0
6.34940050096,6.0
6.5025140105,6.0
5.61830817431,5.0
5.82320196601,5.0
5.31213441839,5.0
5.62347704769,5.0
5.23095141905,5.0
6.46049962457,6.0
5.66390070447,5.0
6.07199783557,7.0
5.06562950878,5.0
5.33632945883,6.0
5.92143801518,6.0
5.02194463745,5.0
5.67302857633,6.0
5.35848040535,5.0
6.45848525614,6.0
6.37823206078,7.0
5.89903613736,6.0
6.44763740479,5.0
5.54798397325,6.0
5.59507276552,5.0
5.2502556854,4.0
6.57156245535,6.0
6.40379199977,6.0
5.95332579877,6.0
6.45192526383,6.0
5.46408064124,5.0
6.46887041597,6.0
4.90993489069,5.0
6.15317636839,6.0
6.82496710986,8.0
5.1347146223,5.0
6.11141963452,7.0
6.42531613047,7.0
6.74140565402,6.0
6.32422068935,6.0
5.92401071795,6.0
6.55252470186,6.0
6.32251530865,6.0
6.21974943308,6.0
5.32769923702,5.0
5.54789935585,5.0
6.55778844289,6.0
6.59387796108,7.0
5.6593561587,5.0
6.64516258423,8.0
6.32422068935,6.0
6.55424012959,7.0
5.24634340148,5.0
5.94922885856,6.0
6.16892953471,7.0
5.17924740503,6.0
6.1259084467,7.0
5.66022511727,5.0
5.54845757232,5.0
5.72438896293,5.0
6.45146885249,7.0
6.64442785284,6.0
5.93835519445,6.0
5.16640862068,5.0
6.43637019635,6.0
6.52969352807,6.0
5.74019986729,6.0
6.31825983147,6.0
5.67685625777,5.0
6.84972640891,8.0
6.09909443493,6.0
5.94356104139,6.0
5.91982981281,6.0
6.10760016421,6.0
5.44611863697,5.0
6.43270520369,7.0
5.53909069693,6.0
6.71383149068,7.0
6.10805556953,7.0
5.58801239493,6.0
5.72045749796,6.0
5.42927427376,5.0
6.38978897409,6.0
5.93714684379,6.0
5.99471325113,8.0
5.9465298009,6.0
6.53560077625,7.0
6.64792370471,7.0
6.4243027353,6.0
6.64317782245,8.0
5.77390329482,5.0
5.65404595097,5.0
6.14767132105,6.0
6.28614623992,8.0
5.76698031279,7.0
6.25187389949,7.0
6.66085099009,6.0
5.94556710556,7.0
6.57195135494,6.0
6.14201649653,6.0
5.60153634808,5.0
5.63652409111,6.0
5.66901693735,6.0
6.30810150739,4.0
6.18280387842,6.0
6.33894460182,7.0
5.63597383313,6.0
6.66703683709,6.0
5.55511823115,5.0
5.66629431632,6.0
5.91112201648,6.0
5.95721814197,5.0
5.93835410288,5.0
5.34888424847,5.0
6.62999150423,8.0
6.05906399919,7.0
5.47869315041,5.0
5.80728053974,5.0
5.53263955916,5.0
6.1393894874,6.0
6.38336177006,6.0
4.57177935802,4.0
6.25076178229,6.0
6.78636563476,8.0
8.71161746013,8.0
6.0598029375,5.0
5.87918116081,5.0
6.12093098603,6.0
5.285463616,5.0
6.31552561888,7.0
5.5748937446,5.0
4.86625773265,5.0
5.4251692509,5.0
5.75916067197,6.0
5.52963733231,5.0
5.95434676441,5.0
5.87069308032,6.0
5.67883961272,6.0
6.55614215158,7.0
5.60260619518,6.0
4.88294294071,4.0
5.71271174569,6.0
5.63944068596,7.0
5.49667573454,5.0
6.35442690866,6.0
5.64740497815,5.0
6.69709242392,7.0
5.78251429992,7.0
5.71483666015,6.0
6.01657474047,6.0
5.56684147501,5.0
5.44043882847,5.0
5.79479466774,6.0
5.53944260181,5.0
5.50501943572,6.0
5.72902610488,4.0
5.5410009443,5.0
6.02055188004,6.0
5.64458454239,6.0
6.46393582468,6.0
5.44793339181,6.0
5.47579048602,5.0
6.65617425112,6.0
5.72980276559,6.0
5.57285233947,5.0
6.23908453671,6.0
4.97841036276,6.0
5.43185167896,5.0
5.33668047427,5.0
5.43663893932,5.0
6.15658143438,6.0
5.60423707458,5.0
5.78160471129,4.0
5.51502174634,5.0
5.64849033649,6.0
6.00618204103,5.0
6.11262493902,5.0
5.58569182638,6.0
6.05301930943,6.0
6.24689105119,6.0
5.30078931284,5.0
5.48744179075,5.0
5.54014515381,6.0
6.711087352,8.0
6.0796070513,7.0
6.40063752679,7.0
6.13385392059,6.0
6.43032005608,6.0
6.12843061738,7.0
6.22949333742,6.0
5.98266336787,6.0
6.70530040153,7.0
5.37458967827,5.0
5.63581115737,5.0
4.47942508545,5.0
5.5963127914,6.0
5.38671143468,5.0
6.15873585822,7.0
5.70995413653,6.0
5.29093967757,6.0
5.50028986095,6.0
5.72329292449,6.0
6.06107203372,6.0
5.85935184476,6.0
5.52577301116,5.0
5.03491693305,4.0
6.29790817883,6.0
5.66900558305,5.0
6.08633824479,7.0
6.47331235871,5.0
6.55582396227,6.0
5.62479398938,5.0
5.83521995076,6.0
5.92396605553,6.0
5.52853051389,5.0
5.61324821929,5.0
5.30572026542,5.0
5.6722928265,5.0
5.71283628775,6.0
6.39747469343,6.0
6.24766222448,6.0
5.57160879537,6.0
5.48240401785,5.0
6.07138309349,5.0
5.81803549947,6.0
5.62101093278,5.0
6.25157421933,8.0
6.26551047103,6.0
6.28306102097,6.0
4.99936001826,5.0
5.65326619343,6.0
6.41239024663,6.0
5.71409955292,6.0
5.94921138014,8.0
6.31167111742,6.0
5.48240401785,5.0
5.60124213355,5.0
6.30373893585,6.0
6.30462734034,6.0
5.59126454932,5.0
6.57817784543,5.0
5.71975739289,5.0
4.55986677376,4.0
5.61758229856,5.0
5.59959295424,4.0
6.52682231195,7.0
5.50665345823,6.0
6.31622788867,7.0
5.69279827217,5.0
5.71147794906,6.0
5.60061947847,8.0
6.72441670876,7.0
3.87957247331,4.0
6.31122692846,7.0
5.52827210306,6.0
5.78801049127,6.0
5.83963806127,5.0
5.40088191404,5.0
5.46079862689,5.0
6.26287847881,7.0
5.39892589852,6.0
5.31875923102,6.0
5.04485588993,5.0
6.20295824936,6.0
6.62515411029,6.0
5.52498794938,6.0
6.0561095204,7.0
6.41776010984,7.0
5.73631575031,6.0
5.42653377171,5.0
5.13699544039,5.0
5.45802232944,6.0
5.25126371391,5.0
5.49881231996,6.0
6.47855249692,6.0
5.61582143318,6.0
5.77515962058,6.0
5.24771533169,5.0
5.4792527441,6.0
5.49931734173,5.0
6.44200326984,6.0
5.79918611424,6.0
5.49496653674,6.0
5.49812177569,5.0
6.17486076967,6.0
5.53928818716,5.0
5.53909069693,6.0
6.0695032959,8.0
5.94782702231,6.0
5.97014397131,5.0
6.23559017075,7.0
6.61039296539,7.0
5.89477445812,6.0
6.19914518103,8.0
5.1137465897,5.0
5.63189799301,6.0
5.12538886488,5.0
5.56791003703,5.0
6.38528555186,7.0
5.63387086453,6.0
6.42669142892,7.0
5.76028337431,5.0
6.58718220093,6.0
6.65466273779,8.0
5.68973560005,5.0
5.67541073243,5.0
5.85969760753,5.0
6.16604688958,5.0
6.9756717917,8.0
6.26422785291,6.0
5.83646283414,6.0
6.08624354303,6.0
5.60168619421,7.0
6.57193881782,6.0
6.11477162247,6.0
5.5792526529,5.0
5.50708331068,6.0
4.95856820569,5.0
6.52985105285,6.0
6.5242815169,6.0
5.37215431608,5.0
5.71200408087,6.0
5.49483196841,5.0
5.62465589679,6.0
5.73671723968,6.0
5.63328623685,5.0
5.75164224817,6.0
6.59843611943,7.0
6.55252470186,6.0
5.52008844251,5.0
6.30341387695,6.0
6.0060808734,6.0
6.09072274209,6.0
5.80939694459,6.0
6.38325308993,7.0
6.41633628696,6.0
5.19132666909,5.0
6.54543430516,7.0
6.17661499843,6.0
6.29183844441,7.0
4.98704833709,4.0
6.27649314722,6.0
5.87918116081,5.0
5.55767841522,4.0
5.58595793578,6.0
6.75725897295,7.0
6.76517931773,6.0
6.58823856611,6.0
5.37494512599,5.0
5.97106968176,6.0
6.46479654052,7.0
6.40921714712,6.0
6.03500224718,6.0
5.49552349861,6.0
5.72300864256,7.0
6.12290624831,8.0
6.66694309358,7.0
6.21889329018,7.0
5.61177437079,5.0
4.70453322847,5.0
6.0251547475,6.0
6.09707156154,6.0
5.95276366577,5.0
5.6722928265,5.0
5.23171084184,5.0
6.45178314357,7.0
6.37577026032,6.0
5.65995744304,6.0
5.50708331068,6.0
5.43055482647,6.0
5.53373491891,5.0
5.89153361579,5.0
5.54467664162,6.0
5.77147389565,8.0
5.54094069857,5.0
6.61600299749,7.0
6.29435500148,5.0
5.26109078419,6.0
4.65501683966,5.0
5.99256073119,6.0
5.68338893638,6.0
5.49552349861,6.0
5.57684715483,5.0
6.34646515772,7.0
5.57266878251,5.0
5.76252068734,6.0
5.8642714727,5.0
6.74928399694,6.0
6.57970095175,6.0
5.55117155449,5.0
6.32016194395,5.0
5.95194121793,6.0
5.68269622076,6.0
5.55475800418,5.0
5.68071520336,5.0
6.74686222477,7.0
6.78696374412,7.0
6.60895455076,6.0
6.34257938312,6.0
6.13761081512,6.0
6.250153321,6.0
5.5721289481,6.0
5.46639043216,4.0
6.69491826143,7.0
6.23994382519,5.0
6.14777541202,6.0
6.45031747957,6.0
5.68753390502,6.0
6.18530582336,7.0
5.26163097831,6.0
6.22972101289,6.0
6.08391641536,7.0
5.67636166012,5.0
6.25302269447,6.0
6.49246725657,6.0
6.19431082481,6.0
6.36159400693,6.0
5.33969762873,6.0
6.22517013621,6.0
6.4054820119,8.0
5.59964231826,6.0
6.47706601917,7.0
5.82604950309,6.0
5.95664158674,6.0
6.26072315314,5.0
6.1150449623,5.0
5.57873119068,6.0
5.56187654083,6.0
6.49473830485,7.0
6.08683169357,6.0
6.23559017075,7.0
5.56287150531,5.0
5.90607733295,7.0
5.74520138105,6.0
5.56408853471,5.0
6.43432193676,6.0
5.6191980948,5.0
6.3988620246,6.0
6.60595264087,6.0
6.13316513741,6.0
6.19137604885,6.0
6.12772036195,6.0
5.81741976728,5.0
6.2570695792,8.0
6.210595804,7.0
6.53000658833,7.0
5.64007466998,6.0
5.97131397902,6.0
5.59587567865,6.0
6.26895724209,8.0
6.35596309681,6.0
5.46176447814,5.0
5.61335282616,6.0
5.58450279877,6.0
5.92757859612,5.0
6.09417183833,8.0
6.13790654188,7.0
5.73759143635,6.0
5.61420599736,5.0
6.28691851014,6.0
5.57974133021,6.0
5.68105520468,6.0
6.21608605137,6.0
5.89655810507,6.0
6.60940850043,6.0
6.57237870694,6.0
5.75099620376,6.0
5.65475448982,5.0
6.68457944334,7.0
5.90931801357,5.0
5.34053272403,6.0
5.89350299027,6.0
6.24427709602,6.0
5.58303836781,5.0
6.15168131294,7.0
5.31823151163,4.0
6.32088817054,7.0
5.62508636455,6.0
5.82528860207,6.0
6.29107011251,7.0
5.56694095219,5.0
5.50845956645,5.0
6.96971683934,6.0
5.98070649414,6.0
6.59761569959,6.0
6.15376666186,7.0
5.47362596049,5.0
5.89516444442,6.0
5.12447802427,5.0
5.58514992997,6.0
6.06066526099,6.0
5.53426416736,6.0
5.64329876079,5.0
5.67921053369,8.0
5.42281615768,6.0
6.20488722099,6.0
6.6975495753,7.0
6.49597025465,7.0
6.07437293651,4.0
5.44611863697,5.0
5.85523470085,6.0
5.7476009265,6.0
6.52792720194,7.0
6.42338424792,6.0
5.56712970877,6.0
5.63449538722,5.0
5.70399594872,5.0
5.95928578232,6.0
5.58087253837,5.0
5.52529795657,6.0
5.60453940304,5.0
5.75446330049,5.0
5.74724231495,7.0
6.60962074516,7.0
5.60061947847,8.0
5.63843814747,6.0
6.58800257885,6.0
6.42529181883,5.0
6.09469019574,7.0
6.62879826603,7.0
5.27318575332,6.0
6.37823206078,7.0
5.77618497153,5.0
5.57279107137,6.0
6.27309269433,7.0
6.09362158838,5.0
5.40528328255,5.0
5.42106177496,6.0
5.64060276947,5.0
6.12206260854,7.0
5.68725742635,5.0
6.561511562,7.0
6.36809651781,6.0
5.54798397325,6.0
5.63211046705,5.0
6.63185560173,7.0
5.39209831273,5.0
5.55859928343,5.0
4.23720624764,5.0
5.87696318395,6.0
6.34874945298,8.0
5.56770145861,6.0
5.55511823115,5.0
5.37218054189,6.0
6.33583798678,7.0
5.59534721444,5.0
6.54660679611,7.0
5.87462324611,6.0
4.89462355826,5.0
6.50539881942,7.0
6.44395232455,8.0
6.25659061229,6.0
6.23933973621,6.0
5.69872997468,6.0
5.35464576398,5.0
5.58514992997,6.0
6.15802633917,7.0
6.6311592048,6.0
5.28279937231,6.0
7.53264152729,8.0
5.86913687967,5.0
6.51409795264,5.0
5.5859853841,6.0
6.47074823975,6.0
6.0542803518,6.0
6.20704346685,6.0
5.71462132417,5.0
5.86676706471,6.0
6.59374444381,6.0
5.62135428115,7.0
6.74138397775,8.0
5.36505394099,6.0
6.12290624831,8.0
6.46517515635,7.0
5.50211208225,5.0
6.62634461364,5.0
4.97867979258,5.0
5.61145560951,5.0
6.2764087798,6.0
6.25064223499,6.0
6.48857418802,6.0
6.06257732982,7.0
5.54506067223,5.0
6.19976054791,6.0
6.14059374653,6.0
5.55453976877,4.0
4.69697172994,5.0
6.50371320466,6.0
6.05669783635,7.0
4.76968141014,5.0
5.54675246512,4.0
5.6909470283,7.0
4.85614348404,3.0
6.21620246098,6.0
5.6778325711,5.0
6.51034485426,7.0
5.57545688876,5.0
6.17215417745,5.0
5.42786253448,5.0
6.46393582468,6.0
6.1640244009,6.0
6.13849135639,5.0
5.65518759573,6.0
6.4677259911,7.0
6.31825983147,6.0
6.39058888551,6.0
5.51491572131,6.0
5.62018750835,5.0
5.58214527816,6.0
6.42662281586,6.0
5.58317385848,6.0
5.60664441304,6.0
5.34339339293,6.0
5.7027262822,6.0
6.23217701266,6.0
5.89906956413,5.0
6.16037926864,6.0
5.42792948624,5.0
5.69293806778,5.0
7.40226684052,8.0
5.98326379562,6.0
5.50376766769,5.0
6.10197567222,6.0
6.84972640891,8.0
5.91117097806,5.0
5.75164224817,6.0
5.37494512599,5.0
5.74234159218,6.0
6.83507707171,8.0
6.25496562332,7.0
6.12272386459,8.0
5.8098001786,6.0
5.95158280541,6.0
5.60685148946,6.0
4.36928583601,4.0
5.70492610333,6.0
6.27683852919,6.0
6.69879077635,7.0
6.01722410936,7.0
6.65795931761,7.0
5.49757729165,6.0
5.45429586198,5.0
6.40601205784,6.0
5.61956615978,6.0
6.0716397402,6.0
6.17827485009,6.0
6.14160272249,6.0
5.46573751266,5.0
6.16516021476,7.0
5.49480819962,6.0
6.23615863173,6.0
6.54950014735,7.0
5.55798944348,5.0
