5.45041448003,5.0
5.82656406991,7.0
5.51557663386,5.0
5.82514248152,6.0
6.05558583708,7.0
6.30590652655,8.0
5.25318993199,6.0
5.59754004865,6.0
5.96630194129,6.0
6.53207474139,6.0
5.33724370245,5.0
5.5099457362,6.0
5.53535946232,7.0
6.27817833071,7.0
5.48263604193,5.0
5.74507032955,6.0
5.26026801475,5.0
5.93608838826,5.0
5.43651829371,5.0
6.03181609466,6.0
5.61213370418,5.0
5.75862928508,5.0
5.50104169917,5.0
6.43178317434,6.0
5.77061658162,6.0
6.13174713953,6.0
5.76512691621,5.0
5.84509362166,5.0
5.7139284394,6.0
6.08567222721,7.0
5.08628446896,5.0
6.32483887822,7.0
6.01849321877,6.0
6.07420532777,7.0
4.82703905134,4.0
6.08245079515,6.0
5.69550219285,6.0
6.23860767639,6.0
6.04155040173,7.0
5.77957358439,6.0
6.68113296627,6.0
6.42935004521,7.0
5.80191418024,7.0
5.51955426092,6.0
5.52128755643,5.0
5.95621755916,6.0
5.55303825116,5.0
6.18148918817,7.0
6.53998716976,7.0
5.67768068254,5.0
5.77446482222,6.0
6.72147791411,6.0
5.73930383607,6.0
5.13602198268,5.0
6.00696186435,7.0
5.62967898872,6.0
6.08416582776,5.0
6.00208743012,6.0
5.6864478446,6.0
6.40504763318,6.0
6.02169880438,6.0
5.63601063277,5.0
5.84384346208,6.0
6.48244326208,8.0
6.06834986738,6.0
6.09575530511,5.0
6.47060156374,8.0
5.69074044565,6.0
5.67902954397,6.0
6.06770460453,7.0
6.20718215544,6.0
6.25473040025,5.0
5.72504245765,6.0
6.92371966617,6.0
5.54020455649,5.0
6.66159750252,7.0
5.07651043731,5.0
5.64017554863,5.0
6.05877193099,8.0
5.36756303693,5.0
6.21346191901,6.0
6.24851522789,6.0
5.97139880616,5.0
5.80963185308,6.0
6.19563016256,6.0
6.12322181174,6.0
5.56208138879,5.0
5.64319596026,5.0
6.73099993604,8.0
5.79706256855,5.0
5.84070955059,6.0
6.28326388873,6.0
5.91515754696,6.0
5.7269192102,6.0
5.90550211555,6.0
6.38896584229,7.0
5.96221898102,7.0
5.89607213805,5.0
6.00300162139,5.0
5.58214587094,5.0
6.23861375221,7.0
5.7326284477,8.0
6.0144504596,6.0
5.55276772586,6.0
5.69667880262,5.0
6.02179040441,7.0
6.29241282195,7.0
5.78466649617,5.0
5.94257986411,6.0
6.08866465006,6.0
5.72073344051,6.0
5.90209907794,6.0
5.64710660957,6.0
5.80731214351,6.0
6.43556149806,6.0
5.82439976207,6.0
5.72242043051,7.0
5.9622975989,6.0
5.45970627168,6.0
5.24722655298,5.0
5.54504517209,6.0
6.18974157526,6.0
7.52936874083,8.0
5.57170377329,6.0
5.83654665308,6.0
5.77329277243,5.0
5.39446559118,5.0
5.42761059369,5.0
6.46699174944,6.0
5.84407110268,6.0
5.68467214268,6.0
5.66729140247,6.0
5.80848628186,6.0
5.75249979175,5.0
6.27452032572,7.0
5.67264198087,6.0
5.52093963187,6.0
5.70956625796,5.0
6.02844045614,6.0
6.04216073451,7.0
5.75752515662,5.0
6.31732006087,7.0
5.56511990929,5.0
5.28536800331,5.0
5.65045943388,6.0
6.2195235899,7.0
5.13181609058,4.0
5.56320278061,6.0
6.18974157526,6.0
5.17637352776,5.0
5.65453635088,6.0
5.7123547029,5.0
6.00671892493,7.0
6.05276988369,5.0
6.55974991982,6.0
5.79681566229,6.0
5.56771537839,5.0
5.70806816381,5.0
6.52862122323,8.0
5.63603889065,5.0
5.03270679111,5.0
6.14037886211,5.0
5.66574213657,5.0
5.68539388092,6.0
6.19916594967,7.0
5.67548709734,6.0
5.53549564971,5.0
5.00612205118,7.0
5.48707693078,5.0
6.18086529023,6.0
6.29988893133,6.0
5.88413572439,6.0
5.77718285858,7.0
5.22855702987,4.0
6.17558524013,6.0
5.42987551182,5.0
5.66335131602,6.0
6.28553897959,7.0
6.4117971603,7.0
5.70918938781,5.0
5.62120682443,3.0
5.58822995694,6.0
5.83374151523,6.0
6.32557950064,7.0
5.64621838253,5.0
5.89278083746,7.0
6.0620839841,6.0
5.458679129,6.0
5.15535917204,5.0
5.93943316487,6.0
5.66989211589,6.0
5.66155095748,6.0
5.61552919535,5.0
4.90691355203,5.0
6.10649647702,7.0
5.63672811052,5.0
5.73363603285,6.0
6.61945013045,7.0
5.5721488235,6.0
5.41390011323,5.0
5.51853460894,5.0
5.99816014661,6.0
5.72029597078,7.0
5.30211433265,5.0
6.24895735323,6.0
5.60295027626,5.0
6.29191283233,6.0
6.19565758231,6.0
5.46657458229,7.0
5.89443605658,6.0
5.4658477625,5.0
5.82582327743,5.0
6.07203908,6.0
5.76674731961,6.0
5.73111155114,7.0
5.69737004135,8.0
5.58906576672,6.0
5.88555933609,5.0
5.28910464115,5.0
6.04166175523,8.0
5.837295858,7.0
5.30199687937,5.0
5.39534204487,5.0
5.29386162967,4.0
5.43123288455,6.0
5.52212157011,5.0
5.59776024198,6.0
6.64218843139,6.0
5.7326284477,8.0
6.11172124549,6.0
6.29212441223,7.0
5.76222009738,6.0
5.13142343351,5.0
6.23818157402,7.0
5.87908040413,6.0
5.96065514529,5.0
6.48655682035,8.0
6.59248728207,6.0
4.6654408189,5.0
6.3171410102,7.0
5.46319523442,5.0
5.0251143783,4.0
6.02317584959,6.0
6.05773051436,8.0
6.29770353944,6.0
6.24763648638,6.0
6.02576207088,7.0
5.69159241915,6.0
6.07795801235,6.0
6.66083998641,8.0
5.66979664734,8.0
6.2780166441,6.0
5.87940969368,6.0
5.58310358969,5.0
5.95104081351,6.0
6.66779145022,6.0
5.59853804126,5.0
6.08885623445,6.0
6.46459636437,7.0
6.78232632914,7.0
5.69207027324,6.0
5.34620017861,6.0
5.39798224109,5.0
5.87398260241,7.0
5.85707333162,6.0
6.09384003292,6.0
5.76506436456,5.0
6.26191799256,7.0
5.84926000364,4.0
6.5281744444,7.0
5.36480687823,4.0
5.7326284477,8.0
5.52015500633,6.0
6.28851726507,6.0
5.86763952592,6.0
5.59452598026,5.0
5.8460787389,7.0
5.56681958629,5.0
6.25477636634,7.0
6.1838198294,6.0
5.76670390863,6.0
6.39246929997,7.0
5.91982131025,5.0
5.28536800331,5.0
6.18042208351,6.0
6.32950936788,7.0
5.69494902876,5.0
5.91959198934,6.0
6.35171056286,6.0
6.2688428362,7.0
5.97597218526,5.0
6.32434857213,6.0
5.93638730278,5.0
5.73819362293,5.0
5.08189547654,5.0
5.46898885181,6.0
5.91792326543,5.0
5.72500320618,5.0
5.71843086722,7.0
5.96269171462,5.0
5.70824548594,8.0
5.16865068357,4.0
5.78848062156,5.0
6.30520405453,7.0
5.92240684182,5.0
5.79207497881,7.0
5.78478509323,6.0
6.00419344858,8.0
5.96009991579,7.0
6.11798654376,7.0
5.95811892549,8.0
5.5349225454,4.0
6.30238529826,7.0
5.85884288408,6.0
6.10148919006,6.0
5.70485735217,5.0
5.57978686902,5.0
5.66452942502,5.0
5.62244531802,6.0
6.02520126803,6.0
6.15260368167,6.0
6.16479712912,7.0
5.68044983034,5.0
5.49224899365,5.0
5.69088196446,5.0
5.75476353446,5.0
5.79375656918,5.0
5.73473859183,6.0
5.43168527627,5.0
5.50350587223,5.0
6.18110404622,6.0
5.85861332861,6.0
5.62324332076,5.0
5.53367977911,6.0
5.52895245342,5.0
6.15558828103,6.0
5.67201187079,5.0
5.80012697948,7.0
5.26863083594,5.0
5.78867353646,6.0
6.57105639546,7.0
6.25664527606,5.0
5.66417670716,7.0
5.88917023377,5.0
5.72369950612,6.0
5.76814767578,7.0
5.77436236742,7.0
6.24798040124,8.0
6.06170218724,6.0
6.22988296751,5.0
6.08480367047,6.0
5.72029597078,7.0
5.54399781595,6.0
6.59470355654,6.0
6.23742547991,7.0
6.15610132973,7.0
5.5921464798,6.0
6.33479345782,6.0
5.52764459453,5.0
5.90315475325,6.0
5.81055968181,6.0
6.0466583069,6.0
6.03968264045,6.0
5.20233738907,5.0
6.5371020606,6.0
6.0740597756,6.0
5.67061749257,5.0
5.55569896036,6.0
6.7215878164,6.0
6.22431154857,6.0
6.15168398584,6.0
6.22872673521,7.0
4.88083376004,5.0
5.7044055732,6.0
5.65326576269,6.0
5.92709854911,5.0
5.30951970233,6.0
5.85054886898,7.0
6.11798654376,7.0
6.35908211323,7.0
5.8314827537,5.0
5.78304779464,5.0
5.83570306904,5.0
5.97139000445,6.0
5.60195288836,5.0
5.73111155114,7.0
5.69536684024,7.0
6.06111722661,6.0
6.17292754852,5.0
5.7272312614,6.0
6.49344650849,6.0
6.36473602607,7.0
5.93178287286,6.0
5.8025089267,6.0
6.19576519085,8.0
5.86800550431,7.0
5.72012322281,5.0
5.7580477711,5.0
6.01606931045,5.0
4.77224268492,4.0
6.08864079038,7.0
6.18209687509,6.0
6.28278775108,6.0
6.25469685432,7.0
5.68115668601,6.0
6.28129754572,6.0
6.24026753506,8.0
5.50462422613,5.0
5.68539388092,6.0
5.86997066734,5.0
5.65226069435,7.0
5.83008007248,6.0
5.79007216005,5.0
6.44340687594,7.0
6.17194021209,7.0
5.59974436599,5.0
6.67253474038,8.0
5.53506040017,5.0
6.32012987584,7.0
5.40584857002,5.0
5.79634271878,6.0
5.79753030056,5.0
5.79516151596,5.0
6.01222960524,7.0
6.40811467996,7.0
5.9429722269,6.0
5.99797611151,6.0
6.10115210036,6.0
5.52670771234,5.0
5.94667680938,8.0
6.25305050162,6.0
6.02431531545,7.0
6.33295520303,6.0
5.82828259184,6.0
6.34425329272,6.0
6.05792147183,5.0
5.56869902624,5.0
5.81340199316,6.0
5.06335211455,5.0
6.02638240079,6.0
4.98022170915,5.0
6.05840869232,5.0
6.04664448621,7.0
5.99284040298,7.0
5.71792275743,6.0
5.59485553945,5.0
6.20784872373,7.0
6.388852904,7.0
5.75733166785,6.0
6.42692384938,6.0
5.50157647466,6.0
5.50518416231,5.0
5.05480035635,5.0
6.02378706162,7.0
6.07629368868,7.0
6.08434213218,6.0
5.5363685102,5.0
5.83586383487,7.0
6.06507294232,6.0
6.23795915748,7.0
5.10745375707,6.0
6.26150686786,7.0
5.55193173649,6.0
6.94850566645,8.0
6.22284760746,6.0
4.59043363293,5.0
5.3238225103,6.0
5.61363642286,5.0
6.0314434423,6.0
5.8891157493,5.0
5.26254647281,5.0
5.74808447401,5.0
6.10987434017,7.0
5.97842085283,5.0
5.87222462039,7.0
6.15659618011,6.0
5.95597041806,5.0
5.74429126128,8.0
5.67213268108,7.0
5.54764213777,6.0
6.66420324307,6.0
5.65045943388,6.0
5.7542021629,6.0
5.65560653156,6.0
5.00528709923,4.0
5.63794835389,6.0
5.69207027324,6.0
5.47686615062,5.0
5.42164175887,6.0
6.33255837473,7.0
5.69024494711,5.0
5.76147381125,6.0
6.00320357112,8.0
5.71011052953,6.0
6.33743696686,6.0
5.98311110069,6.0
5.25725949535,6.0
5.77442067764,6.0
5.30236440397,5.0
5.85166328896,5.0
6.26901280774,7.0
5.75250336938,6.0
6.16559814664,7.0
6.59553407038,7.0
5.04401604094,5.0
5.7679643028,5.0
6.15584015314,6.0
5.58822995694,6.0
5.33207138843,5.0
5.87872099026,6.0
5.62643700544,5.0
5.93431117832,6.0
6.36166395646,7.0
5.7326284477,8.0
6.45820424376,8.0
5.78270735985,6.0
6.1666328361,7.0
6.35114161506,7.0
5.8387346849,6.0
5.95759186344,5.0
5.50119966047,6.0
5.59382933753,4.0
6.08682899186,8.0
6.43347462218,6.0
5.83896872993,5.0
5.13196861556,5.0
5.85262699584,5.0
5.77427157664,7.0
6.03524690678,5.0
5.96221898102,7.0
6.04513013387,6.0
5.84575186852,6.0
5.78765014259,5.0
5.95131497747,6.0
6.56095177101,6.0
5.47862984047,6.0
4.64334018604,4.0
6.24908936469,7.0
5.71676671668,6.0
5.96339589361,6.0
5.68005818693,5.0
6.36114904319,6.0
5.49146005371,6.0
6.05992665083,6.0
5.90870473696,5.0
5.86761879999,6.0
5.76731268657,5.0
5.60624361031,4.0
5.62409631138,6.0
6.04440499329,5.0
5.39998353394,4.0
5.66716149337,6.0
5.61539856881,5.0
6.01142025564,6.0
5.57915585456,5.0
5.99052344383,6.0
6.92886680453,6.0
5.39921253174,6.0
5.6224455438,6.0
5.86997066734,5.0
6.17747111337,6.0
6.36966319843,7.0
6.05416655662,6.0
5.72504245765,6.0
5.69331992762,5.0
5.78530023456,6.0
5.67070387362,5.0
5.47645746916,5.0
5.08528933848,5.0
6.35396419685,6.0
5.84093340103,6.0
6.08866465006,6.0
5.44516590689,5.0
6.20253921082,7.0
5.45700959097,5.0
6.30395873204,7.0
5.96211318657,4.0
5.66097459017,7.0
5.80754101067,5.0
6.31753118245,5.0
5.96390930523,5.0
5.72501486575,6.0
5.95854508597,6.0
5.92695696378,6.0
6.62574757126,7.0
5.15353839205,5.0
5.92622489044,6.0
6.04607527282,7.0
6.53799949156,5.0
5.83658707926,5.0
5.39297938385,5.0
5.39900816348,5.0
5.40443815127,5.0
6.2996625204,6.0
5.08290816692,6.0
5.80053098621,6.0
5.94960297805,6.0
5.83727984815,7.0
5.54537740987,5.0
5.69074044565,6.0
6.23071896429,6.0
5.85177243384,5.0
5.89416212752,7.0
5.19276121453,6.0
5.54067217101,5.0
5.40183201701,5.0
4.94138700273,6.0
6.34820488505,6.0
5.47599878307,6.0
5.97842085283,5.0
5.71539624485,6.0
6.73285028356,6.0
6.38416593989,6.0
5.7429532545,5.0
5.74356314672,5.0
6.75275288189,8.0
6.3734616374,8.0
5.69024494711,5.0
5.72009136807,5.0
5.00968979735,5.0
5.81811047,5.0
5.93591217306,6.0
5.5787092481,6.0
6.17130871001,7.0
6.03729786261,6.0
6.42862105643,8.0
6.09053750358,6.0
5.51925548464,6.0
6.10673823521,6.0
5.60083374131,4.0
6.34865720804,6.0
5.15645817771,5.0
5.79314155934,7.0
6.17003123119,6.0
5.67213268108,7.0
5.6338329364,7.0
5.18829877316,5.0
5.35903715155,5.0
5.26002878446,5.0
5.99000312524,6.0
5.89298965766,5.0
5.91206847677,6.0
4.57998017764,3.0
5.47226717023,6.0
5.72955454149,6.0
6.0439298128,6.0
5.62277537939,5.0
5.56126269965,6.0
5.95267851615,6.0
5.65384734602,6.0
5.35969050413,6.0
5.73348678818,7.0
5.89817650121,6.0
5.46093792521,5.0
7.08429248834,7.0
6.19808669779,6.0
5.69738586034,6.0
5.97950086085,6.0
5.72422786005,5.0
5.8173103891,6.0
6.59248728207,6.0
6.08097059887,7.0
5.90763816608,5.0
5.73111155114,7.0
5.27376967275,5.0
4.90340215444,5.0
5.94124789674,6.0
6.62121195748,7.0
6.2269637017,6.0
5.77427157664,7.0
6.2527817196,6.0
5.64319596026,5.0
6.60386043967,6.0
6.78340489364,7.0
6.18044264035,8.0
6.23795915748,7.0
6.36601261666,7.0
5.80003275673,6.0
5.63394281659,6.0
6.08708883617,3.0
5.81616619141,6.0
5.75351008095,6.0
5.62643353463,6.0
5.5207436683,5.0
5.71572085882,5.0
5.50014411273,5.0
6.19517263385,6.0
6.3022611734,6.0
6.14930200641,7.0
5.88752028342,6.0
6.24300217952,6.0
5.24554532566,6.0
5.6953309479,6.0
6.42683931483,6.0
5.20204940278,4.0
6.06558605738,7.0
5.70983229744,7.0
5.25288268787,6.0
6.79459121733,8.0
6.63707891135,7.0
5.98143248447,5.0
5.49053795634,5.0
5.87069823143,6.0
6.26191799256,7.0
5.83570306904,5.0
5.74429126128,8.0
5.64441724895,6.0
5.7276048892,7.0
5.70025648971,5.0
6.14840443217,6.0
6.01859269929,6.0
5.66716149337,6.0
5.7274902319,6.0
6.73471033555,6.0
6.24633475436,6.0
6.10270928814,7.0
5.52561483858,6.0
5.35348403638,6.0
5.69986902533,6.0
5.221865265,5.0
5.49055196253,5.0
5.23788602637,5.0
6.14153099978,6.0
5.97002343251,6.0
5.89011132621,6.0
6.37244946422,5.0
5.78898628228,5.0
6.04029483875,7.0
6.13824121684,7.0
4.80305312643,3.0
5.69684329383,6.0
5.48922004068,5.0
5.6141308479,8.0
5.70749202122,6.0
5.91049562253,7.0
5.85993126026,5.0
5.91579819289,5.0
5.84122833324,6.0
5.64887696573,6.0
6.21536205106,7.0
5.97747005608,6.0
6.0636859824,6.0
5.73427706574,6.0
4.67942107995,5.0
6.57693524175,7.0
5.68563930302,5.0
6.13955584419,6.0
6.6939934235,6.0
5.6843214816,5.0
5.93948125322,6.0
5.78026758765,5.0
5.95759679626,6.0
5.51173256189,5.0
5.87227948277,5.0
5.73126982813,6.0
6.10701319925,7.0
6.34950835388,7.0
5.91894740715,5.0
5.80438649208,6.0
6.14060185403,6.0
5.50552477372,5.0
5.80438649208,6.0
6.18679697431,6.0
6.42363188371,5.0
5.46263329098,6.0
6.12199383718,6.0
6.30346688505,6.0
5.97210357874,6.0
5.69369077473,5.0
5.55193173649,6.0
6.27829294705,7.0
5.43556417023,5.0
5.25828771226,5.0
5.15820849987,5.0
6.08012318862,6.0
6.19826353262,7.0
5.69442606664,5.0
5.54268110762,6.0
6.23317030477,6.0
5.90731229283,6.0
5.72523757369,5.0
5.93591217306,6.0
5.05629024887,5.0
6.5661961917,7.0
6.01333082829,7.0
5.70589679975,6.0
5.81622802372,6.0
6.43045338367,8.0
5.70478574564,6.0
5.93964527336,5.0
5.54554611424,5.0
5.07796693725,5.0
4.86268512147,5.0
5.3743859495,6.0
5.62643700544,5.0
6.03053225631,5.0
5.91909421308,6.0
6.01462971843,8.0
5.91410504413,7.0
5.80560418042,5.0
5.97187777575,6.0
6.39800058488,8.0
6.18679148177,7.0
6.63229233619,6.0
6.21828762078,7.0
6.34346144003,6.0
6.68805537351,6.0
5.59758191777,5.0
6.00503371674,6.0
5.96410093014,6.0
5.19765976394,5.0
6.75224610815,6.0
5.72718623282,5.0
5.49598907681,6.0
5.92371672299,6.0
5.60956795417,6.0
6.03297606349,6.0
5.59584544266,7.0
5.80236441648,5.0
6.3790942037,5.0
5.01253082594,5.0
5.59215154239,6.0
5.99229076843,7.0
6.6507377117,7.0
6.15166199755,6.0
6.31830330768,6.0
5.02319283061,4.0
6.1248813679,6.0
6.22663726459,4.0
6.5097453742,7.0
5.57394312513,5.0
5.65336022831,5.0
5.82248296862,6.0
5.7939100298,6.0
5.60757232026,6.0
6.0397575155,6.0
6.38370884353,7.0
5.52265841938,5.0
5.43682226805,5.0
5.51362970345,5.0
5.69481081347,6.0
6.36518412436,7.0
5.31408354026,5.0
6.23373094642,6.0
6.01513708121,5.0
6.102573568,6.0
5.65933586557,5.0
5.73408443073,6.0
6.5926655677,7.0
5.59696519619,5.0
6.07518014655,6.0
5.66712877177,6.0
6.22334316086,6.0
5.49585428044,5.0
5.62324332076,5.0
5.54868548626,6.0
5.75761030048,6.0
5.80161153013,6.0
5.6000401178,5.0
5.9895036952,6.0
5.85393672999,6.0
6.29306878787,6.0
5.73488789286,6.0
6.67704281054,6.0
6.39167109036,6.0
6.50402882928,6.0
5.9555798664,7.0
5.57548458928,6.0
5.80166380708,4.0
6.388852904,7.0
5.72994471745,5.0
5.55781643296,4.0
6.24259613909,7.0
5.62075146327,5.0
5.67425799288,6.0
6.03103552428,6.0
6.06693160939,7.0
5.88842329125,7.0
5.49007153755,4.0
5.75305862289,6.0
6.18195774233,6.0
5.96048489879,6.0
5.70806816381,5.0
5.63128310501,6.0
5.67086854885,6.0
6.02315975244,6.0
5.53008887975,5.0
6.55046232169,7.0
5.96237223886,6.0
5.70637653011,6.0
5.78844832803,5.0
5.78580377939,6.0
5.58409478302,5.0
6.13024059077,5.0
6.25008532985,6.0
5.67008250323,5.0
5.48852472181,6.0
6.52625979988,7.0
5.44286765048,4.0
6.69935812111,7.0
5.52669428915,5.0
5.89966084045,6.0
5.40155465039,5.0
5.6145829715,5.0
6.24042818001,7.0
5.28159354922,4.0
4.30025455893,4.0
5.75151215252,7.0
5.795869607,6.0
5.88985435493,7.0
5.60572121109,6.0
5.52895245342,5.0
5.22712821949,5.0
6.34737936864,7.0
5.43845420602,5.0
5.85889669963,5.0
5.94496778652,6.0
5.71690962075,5.0
5.73328061803,6.0
6.28289750086,7.0
6.45960034157,7.0
5.80191418024,7.0
5.65709413906,6.0
5.61349132717,5.0
6.28772938505,7.0
6.30600957255,7.0
5.75955937204,7.0
5.74744136474,5.0
4.92241541801,6.0
6.05143781251,6.0
6.30143088362,6.0
5.60417269449,6.0
5.47609792868,7.0
5.76896380538,6.0
6.17104628761,6.0
5.84070955059,6.0
6.49720872673,8.0
6.02820659519,6.0
5.73201433513,5.0
5.38584358917,4.0
5.72422786005,5.0
5.57929266489,5.0
5.74384505993,8.0
6.29328909144,8.0
6.15223920562,6.0
5.09315776181,4.0
5.7066194711,5.0
5.58346057964,5.0
6.38413374256,7.0
6.20903062153,8.0
5.68916941522,5.0
5.84575186852,6.0
6.1975894303,7.0
5.89557713483,6.0
5.73244528841,6.0
6.18209687509,6.0
5.88985435493,7.0
6.06376081612,5.0
6.01142923349,5.0
5.72708606533,6.0
5.73323265254,6.0
5.94151476024,6.0
4.40321828539,4.0
5.14835820985,5.0
5.49240523093,5.0
5.82221239751,6.0
5.92206084953,6.0
5.46965306678,6.0
4.83987386663,4.0
6.22944933757,7.0
6.61443562171,6.0
5.85334837916,6.0
5.66637522009,5.0
6.21153812517,7.0
5.166287811,5.0
5.62709344065,5.0
5.72504245765,6.0
5.80003275673,6.0
5.46319523442,5.0
4.92499903527,5.0
5.50205509247,6.0
5.63507047957,5.0
5.6437743534,7.0
6.53358592605,6.0
5.20745467874,5.0
5.65978606224,5.0
5.96238596049,6.0
5.56222284773,5.0
5.50473714886,6.0
5.72564897817,6.0
5.5387713037,5.0
5.77014857472,5.0
5.4099966116,5.0
5.8354282811,6.0
5.85052618557,6.0
6.36255813964,6.0
5.66161447642,5.0
5.68256852478,5.0
6.0696370915,6.0
5.14813175331,4.0
5.36819234989,6.0
6.32928773173,6.0
6.19096086805,6.0
5.9154869647,6.0
5.56740072239,5.0
5.97156221277,6.0
6.38438330805,7.0
5.44652564878,5.0
4.90598922017,4.0
5.88447667528,6.0
6.43791979976,7.0
5.78985668336,6.0
6.11060947034,6.0
5.72955454149,6.0
5.84747000282,5.0
6.02169880438,6.0
5.45231307568,6.0
5.99811507322,6.0
6.41703591159,5.0
5.4536432074,5.0
5.55193173649,6.0
6.48071466529,7.0
5.9905314048,6.0
5.8213499573,6.0
5.88447906634,5.0
4.79969049465,6.0
6.10616636678,6.0
5.64900554238,6.0
5.76310316305,6.0
5.36372342602,5.0
6.37444764111,5.0
5.99765754822,7.0
5.72718623282,5.0
4.88941525225,4.0
5.94796584149,7.0
5.92371672299,6.0
4.72809664052,5.0
5.89607213805,5.0
5.56016442272,6.0
5.67528002942,6.0
5.4377326703,5.0
5.25239010508,5.0
5.76983140717,6.0
5.92794728977,6.0
5.72817734424,6.0
5.95463074336,6.0
6.01858000558,5.0
6.0399208373,6.0
6.78956782713,6.0
5.48419197794,6.0
5.71628344466,7.0
5.96019784235,5.0
5.64524633237,4.0
6.07629368868,7.0
5.77315689472,5.0
5.63724866127,6.0
5.97606489776,4.0
5.6437743534,7.0
5.77566967069,6.0
5.78663494056,5.0
5.78438032368,5.0
6.00751908682,6.0
5.84018131687,6.0
6.1340374919,6.0
4.90496601633,4.0
6.32136170365,7.0
5.07500205049,6.0
5.71843086722,7.0
6.58819163262,7.0
6.36088740754,7.0
5.52212157011,5.0
6.010601436,6.0
6.44852003881,7.0
5.53073949406,6.0
5.52278162234,4.0
6.64331405661,7.0
5.64336543595,5.0
6.73994309293,7.0
5.82656406991,7.0
6.17104628761,6.0
6.04054868048,6.0
6.03053225631,5.0
5.97626715344,6.0
6.13961009218,5.0
5.30341627339,5.0
5.67268334634,5.0
6.26031647911,4.0
6.23464476693,8.0
4.54873991164,4.0
6.41075383302,7.0
5.91770521362,6.0
5.54886892602,5.0
5.80012697948,7.0
6.20536454299,6.0
6.11270075224,6.0
5.36293810718,5.0
5.63395086164,7.0
6.17380000749,6.0
5.69046271082,4.0
5.73379957728,6.0
5.21254689575,5.0
5.42900688119,6.0
5.69143696463,5.0
6.05208311716,5.0
5.62491099104,6.0
5.59529350172,5.0
6.6507377117,7.0
5.63609666683,6.0
6.34616818165,6.0
6.07307363794,6.0
5.54029630438,5.0
6.46441837158,7.0
4.99723743528,5.0
5.6343590536,5.0
6.24010180793,6.0
5.74617028526,6.0
5.71953801336,6.0
5.84366240175,7.0
5.86770530137,5.0
5.15643520528,6.0
5.67288157282,5.0
5.17417639982,6.0
5.96008116446,6.0
6.29524225981,7.0
5.72912901924,5.0
6.27816453547,6.0
5.08528933848,5.0
5.43697754726,6.0
6.07449987396,7.0
6.15254345262,6.0
5.6814060824,6.0
6.07790981423,7.0
6.00671892493,7.0
5.94828161492,6.0
6.01452489884,7.0
5.24287948201,5.0
6.0524410352,7.0
5.92794728977,6.0
6.57607032545,6.0
5.21444366513,5.0
5.60486892764,6.0
6.73023897954,6.0
5.45329313463,6.0
5.71869117372,5.0
5.93150877642,7.0
6.44730939307,7.0
6.19403785544,7.0
5.46377110299,5.0
6.39833026024,7.0
5.82570040783,6.0
6.60892568373,6.0
6.06620719242,7.0
5.80134211237,6.0
6.27379777303,7.0
6.6234359244,6.0
5.75921076034,5.0
4.96990928466,6.0
6.00503371674,6.0
6.01537062351,6.0
5.60517661404,5.0
5.80804618598,7.0
5.98332754861,6.0
6.06415460757,5.0
5.90148102172,6.0
6.0878957855,6.0
4.94554208454,5.0
5.44683187607,6.0
5.09048579194,4.0
5.71986884507,6.0
5.96846978224,5.0
5.53854067748,5.0
6.75835059974,6.0
6.29912152868,7.0
5.69755251568,6.0
6.09545857899,7.0
6.27767386816,5.0
6.19065715744,8.0
5.93624143421,7.0
6.34275320172,7.0
4.95396499129,5.0
6.44281706869,6.0
5.79255555459,6.0
6.23230474494,7.0
5.89381068001,5.0
6.07807167776,6.0
5.9447874308,6.0
5.699719369,7.0
5.55284911097,6.0
6.53358592605,6.0
5.53174885471,5.0
6.18547977645,6.0
5.10717898706,4.0
5.827153637,6.0
4.6824846994,4.0
5.65579699283,8.0
5.77438885632,7.0
5.73514959095,5.0
5.55905883534,6.0
6.36645139229,6.0
6.01384792207,7.0
6.11469196761,7.0
5.72378230885,6.0
5.11872474598,4.0
5.64785262931,5.0
5.80003275673,6.0
6.16827481619,6.0
6.27413683255,8.0
5.48707693078,5.0
5.35542757738,5.0
5.78967650844,6.0
5.83585907108,7.0
6.55508270749,6.0
6.36168219185,6.0
6.37218483856,6.0
6.53663516148,6.0
6.02306716429,7.0
5.5292675858,6.0
5.15796988519,5.0
5.48263604193,5.0
5.00717997531,6.0
5.80081486651,7.0
5.82032349082,6.0
6.34937262041,7.0
6.06066281251,7.0
5.69558081978,5.0
5.99461159819,5.0
5.39297938385,5.0
5.98225517262,6.0
5.051815785,4.0
6.18494147791,5.0
5.75023506633,5.0
5.89827942087,6.0
5.2894190115,6.0
5.70998039891,5.0
5.70708656577,6.0
5.02625804775,5.0
5.80134211237,6.0
6.24576748958,6.0
6.38532787578,8.0
5.36855163795,6.0
6.26527468742,6.0
5.80012697948,7.0
6.36559661858,6.0
5.73348678818,7.0
5.71119162814,5.0
5.25488376931,5.0
5.84369360143,6.0
6.42661738426,8.0
5.69368403159,5.0
5.73111155114,7.0
5.54755603663,5.0
6.05234230204,7.0
4.99920834057,5.0
6.36460756231,6.0
5.67213268108,7.0
5.86603639559,6.0
6.34921344262,7.0
6.47554823524,7.0
6.66677321786,6.0
6.55725350936,6.0
6.07790981423,7.0
5.6037004018,6.0
6.17165998982,7.0
5.57341589221,6.0
5.37576365778,5.0
5.60425751604,6.0
5.60659930815,5.0
5.92841280175,6.0
5.68491628136,7.0
5.76824574294,5.0
5.67086854885,6.0
5.85713691887,6.0
5.22668016435,4.0
5.51435332138,7.0
6.16108326336,5.0
5.6847566031,5.0
6.30082339724,6.0
6.0521704441,6.0
5.54180412237,5.0
6.39574813969,8.0
5.91711723261,6.0
6.17512121918,6.0
5.90526702758,5.0
5.56768238076,6.0
6.04431869453,6.0
5.25239010508,5.0
5.96122485297,7.0
5.77362851575,7.0
5.49060900728,5.0
5.75766851745,6.0
6.48148497777,6.0
6.38689924739,6.0
5.3795559268,6.0
6.37303499976,6.0
5.62045953393,6.0
5.77728878925,5.0
6.23923483674,6.0
5.50350587223,5.0
5.70605893829,5.0
5.82120793959,6.0
5.86721145775,6.0
7.92861174707,8.0
5.76506436456,5.0
5.3330489483,6.0
6.43045338367,8.0
6.29927298133,6.0
5.76796660112,7.0
5.14471240185,5.0
5.57190830351,5.0
5.53851280306,5.0
5.36076672058,5.0
5.39246352281,4.0
5.5921464798,6.0
6.37003352336,6.0
5.61765273617,5.0
5.01361676222,6.0
6.35226436674,7.0
6.6462677363,7.0
6.27767386816,5.0
6.34978862863,7.0
6.22940721792,5.0
7.16619584565,7.0
6.3093193455,6.0
5.88545880352,7.0
4.8126686231,4.0
6.07790981423,7.0
5.79375656918,5.0
5.86403805534,6.0
5.53487269556,5.0
6.12928957379,6.0
5.88634125266,7.0
5.02524211441,5.0
5.55535431114,6.0
5.36084357471,6.0
5.71212114539,6.0
5.51287020018,5.0
5.81434301464,5.0
6.38803757376,7.0
5.72029597078,7.0
5.78632166946,6.0
6.05637992586,6.0
5.64246130108,5.0
5.6471122053,6.0
5.52076824673,6.0
4.42457278937,5.0
6.31645594293,6.0
6.45417418581,6.0
5.51976242125,5.0
5.89630300295,6.0
5.78069298996,5.0
5.86264486889,6.0
5.81920218826,6.0
5.60281043705,5.0
6.07379085917,6.0
5.73642306816,6.0
5.82656406991,7.0
5.42948232184,5.0
5.74000915205,6.0
5.71545643962,5.0
5.68364825132,5.0
5.70680984358,6.0
6.00158163143,6.0
5.74797310474,6.0
5.8831418457,6.0
5.42741214437,5.0
6.32103943602,6.0
5.61721186044,6.0
5.41469434207,5.0
6.23947584895,9.0
5.74858910713,6.0
6.28415033057,6.0
5.8667118081,6.0
5.93392534358,6.0
5.8667118081,6.0
6.22167045354,8.0
6.0038969623,6.0
5.97655397951,6.0
5.7326284477,8.0
6.25910455151,6.0
5.96835371472,6.0
6.03793519784,7.0
6.51301885862,7.0
5.05951069108,5.0
6.53205208265,6.0
5.7291116552,5.0
6.22770045838,6.0
5.28143287838,6.0
6.38438330805,7.0
6.60323901013,7.0
5.28358639412,5.0
6.43678186627,7.0
6.12599297945,6.0
5.51551922932,5.0
5.49617081381,6.0
5.73819362293,5.0
5.7149760551,6.0
5.61546729096,5.0
6.31619938248,6.0
5.42288138108,5.0
4.57205688297,5.0
6.27987409456,7.0
5.99488390155,7.0
5.92123547883,6.0
5.80012697948,7.0
6.42265466579,6.0
5.28842246661,5.0
5.62041394513,6.0
6.56965754327,6.0
6.43550655428,6.0
5.90053500363,7.0
5.49224899365,5.0
5.97950086085,6.0
6.09009081667,7.0
5.65336022831,5.0
6.01606621582,6.0
5.82109499071,5.0
5.63600841443,6.0
5.66956159957,5.0
5.50428291541,5.0
5.68979976925,5.0
6.16908010153,6.0
5.83868800905,5.0
5.64449115518,6.0
5.94855449852,6.0
5.5387750663,5.0
6.20975170598,6.0
6.01287123817,7.0
6.0716421645,7.0
5.43280339752,5.0
5.92435339173,3.0
5.44492853898,6.0
5.9139352883,5.0
6.33320079855,6.0
5.34299892648,5.0
6.16953340456,6.0
4.95448241953,5.0
6.31505981413,7.0
6.19127525709,6.0
6.13288900441,8.0
5.40886358689,5.0
6.38421534116,6.0
5.25138425584,5.0
6.22867416673,6.0
5.19423359623,5.0
5.98102865171,6.0
5.97771836476,6.0
6.73207115758,7.0
6.16343274767,5.0
5.34817423029,5.0
6.94850566645,8.0
6.0196561,6.0
6.37784878884,6.0
6.12843364595,6.0
5.89354007468,7.0
5.95338455062,6.0
6.2167800457,5.0
6.12831985286,6.0
5.72278521939,4.0
6.46979868982,6.0
5.7165324076,6.0
5.67213268108,7.0
5.98530328004,6.0
5.84364364905,5.0
6.22352678007,6.0
6.38543570407,7.0
6.51079741125,6.0
5.85793711501,6.0
5.55994400108,4.0
6.7215878164,6.0
5.78307050965,6.0
5.60517661404,5.0
5.62356415888,7.0
5.75643098312,5.0
5.49055196253,5.0
6.10412301985,7.0
5.94695510917,6.0
5.93579194299,6.0
5.50481598549,5.0
6.11060947034,6.0
6.22431593136,7.0
5.45231307568,6.0
5.80995921163,5.0
5.8831418457,6.0
6.08719532525,6.0
6.21871514446,6.0
5.80006471774,5.0
5.58822995694,6.0
5.92797250785,6.0
5.48716124247,5.0
5.64664585126,5.0
5.64726314686,5.0
5.67552311144,6.0
5.99585657573,6.0
6.0820875733,6.0
5.7587378143,5.0
6.10648588463,6.0
6.34509366905,6.0
6.28415033057,6.0
6.39167109036,6.0
6.14558158052,7.0
6.16177219972,5.0
5.60227830524,5.0
5.60896476477,5.0
6.06641378587,6.0
5.81397931623,5.0
5.62268891715,7.0
5.73554717912,6.0
5.42992798567,5.0
6.66374972357,7.0
6.07797271323,6.0
5.49109607454,5.0
6.51079741125,6.0
6.91495745921,7.0
5.35348403638,6.0
5.82021762681,6.0
5.60382635452,5.0
5.66540353451,5.0
5.03521379312,5.0
5.68553895677,5.0
6.13446390662,6.0
5.49380430963,4.0
6.34493717356,8.0
5.6437743534,7.0
5.87993644123,6.0
6.33441304055,6.0
5.55498539503,5.0
5.64106301972,6.0
5.99255942514,7.0
5.82192109951,6.0
5.57821635612,6.0
5.82747121891,4.0
5.82777310056,6.0
5.55324314686,5.0
6.03430507526,7.0
6.30581231781,7.0
5.79829046825,5.0
6.0126405871,7.0
5.96439486583,6.0
5.91292045575,6.0
6.25602653335,6.0
5.47493264926,5.0
5.69547503388,6.0
5.43942782914,6.0
4.97518323566,5.0
5.93937095592,5.0
6.33717230286,7.0
5.76562298636,7.0
6.05104918868,5.0
5.23472693931,5.0
5.99697185524,5.0
5.58857588547,6.0
6.09252264967,6.0
6.41759234023,6.0
5.63148700094,5.0
5.47731290227,6.0
6.01993222912,6.0
6.03181609466,6.0
5.353309531,4.0
4.99475058797,5.0
5.67450020157,6.0
6.05558583708,7.0
5.52990416821,6.0
6.22745676876,6.0
6.10620992635,6.0
5.62666255981,5.0
4.98345931426,4.0
5.89233901182,6.0
5.66161447642,5.0
5.52164921523,5.0
6.29212441223,7.0
6.23969283703,7.0
6.59156932874,7.0
5.73549063459,6.0
6.40292064749,7.0
4.98345931426,4.0
6.43828116653,6.0
5.63528523211,5.0
6.17686699846,5.0
5.50518416231,5.0
5.795869607,6.0
6.6154281689,6.0
5.55945611206,6.0
6.52517826929,7.0
5.93157246477,6.0
5.82502212136,6.0
5.9777369686,6.0
5.8625569165,6.0
5.48072108178,5.0
5.81266890057,4.0
5.66120800692,5.0
5.74617028526,6.0
6.72811869245,7.0
5.70123627351,6.0
5.23170388251,5.0
6.5097453742,7.0
6.23450477621,6.0
5.79800247212,5.0
6.33328028014,7.0
5.37715778743,6.0
5.71024561127,6.0
5.99472409773,6.0
5.80315395297,5.0
6.02590740497,6.0
5.85828321148,5.0
6.05763631054,6.0
5.52571365953,6.0
6.43902089866,7.0
6.22808085675,6.0
5.01986148496,5.0
5.06456097394,5.0
5.39446559118,5.0
5.28144858137,5.0
6.62843611206,5.0
5.39990825974,5.0
6.263101682,7.0
6.26955426297,6.0
5.83070141606,7.0
6.1544805028,6.0
6.08988875508,6.0
5.75056243491,6.0
6.25226828839,8.0
5.89827942087,6.0
5.76045542841,6.0
6.08486744135,7.0
5.57938985222,6.0
4.85868614871,4.0
6.34978862863,7.0
5.77048444021,7.0
5.90515506365,6.0
5.73090823452,5.0
6.10648588463,6.0
5.25828771226,5.0
5.3934970343,3.0
6.13769325307,6.0
6.30446295533,7.0
5.77436236742,7.0
6.06003146709,6.0
5.72059192465,5.0
5.99978447224,5.0
6.02030667204,7.0
5.93091154599,6.0
5.47822301856,6.0
6.34445641776,7.0
5.21181474343,5.0
5.78602069049,6.0
6.1612935341,6.0
5.75087857481,5.0
5.43265119404,5.0
5.51435332138,7.0
6.41759234023,6.0
6.15568181819,6.0
6.26518212579,8.0
5.5341923686,5.0
5.36981891935,6.0
6.50296678894,5.0
5.66600760315,6.0
6.06802719001,7.0
6.0819120708,7.0
6.35343869527,6.0
5.74211515663,5.0
6.34425329272,6.0
5.53891440022,5.0
5.67211953271,5.0
5.97932597606,6.0
6.18974157526,6.0
6.52842476609,6.0
5.32207168297,4.0
5.79710176923,4.0
5.55625723812,5.0
5.68408717186,7.0
5.74220181801,5.0
5.60930903178,5.0
6.7215878164,6.0
6.07797271323,6.0
6.44448027207,6.0
6.27694752333,7.0
5.72718623282,5.0
5.64573115655,6.0
6.01580581434,6.0
6.78107845488,6.0
6.27436317514,6.0
5.50933456334,4.0
5.73870141364,5.0
6.44518073286,6.0
5.50428291541,5.0
5.45041448003,5.0
5.67500018733,5.0
5.59981133221,5.0
5.64634408389,6.0
5.90560090635,6.0
5.59263260612,5.0
5.71415155212,5.0
6.2962250569,6.0
5.6145829715,5.0
5.20333481414,6.0
5.82957450031,5.0
5.47576228225,5.0
5.76885934012,6.0
5.62765854633,6.0
6.16926608711,6.0
5.08561687889,6.0
5.71761437893,5.0
5.9102376005,5.0
6.30902265404,6.0
6.24959947637,7.0
6.07012548838,6.0
4.63380692965,6.0
5.39551926511,5.0
5.84209967708,7.0
6.39501544341,7.0
6.4196619714,5.0
6.75275288189,8.0
5.8831418457,6.0
5.699719369,7.0
5.62312496379,4.0
5.52059050515,5.0
5.58994033786,7.0
5.72369950612,6.0
6.46999920555,7.0
4.96319630167,5.0
5.21172814417,4.0
5.54902446609,5.0
5.83491148847,6.0
5.54080005219,6.0
6.03479578005,7.0
5.83455685512,5.0
6.32313574663,7.0
4.66018084778,5.0
4.96938227058,4.0
5.48966190044,5.0
5.74089719751,6.0
5.29219863708,6.0
6.17945068624,6.0
5.45718037597,6.0
6.12394087538,6.0
5.73126982813,6.0
6.02820659519,6.0
6.08358684982,5.0
5.84719683418,6.0
6.2461810122,6.0
5.78271139693,6.0
5.79112069033,7.0
5.87367510383,6.0
6.5373777138,8.0
6.27740489056,7.0
5.66233125686,5.0
5.58614161125,6.0
6.19697388985,6.0
6.26111812761,5.0
6.45235773252,7.0
5.8284960011,6.0
5.28910464115,5.0
5.47760130614,6.0
6.03006431308,6.0
6.75160067579,6.0
6.15556052066,6.0
5.88712896277,6.0
5.97747005608,6.0
5.75766851745,6.0
5.7326284477,8.0
6.1612935341,6.0
5.30240126874,5.0
6.19976915278,6.0
5.81055968181,6.0
5.33229957612,6.0
6.37568883701,6.0
5.73111155114,7.0
5.67249443027,5.0
6.32999326432,6.0
5.74183364232,7.0
5.18718186642,5.0
6.3103139052,7.0
5.78676846628,4.0
6.54505058649,6.0
5.88842329125,7.0
5.73530205881,5.0
5.75606628821,6.0
6.28275776259,6.0
5.24524397829,6.0
6.48686937025,5.0
5.84209967708,7.0
5.62515403823,5.0
6.27740489056,7.0
6.27110793833,6.0
5.66529570241,8.0
5.63611922305,5.0
5.59015294053,6.0
6.17753228894,4.0
6.24627373048,6.0
5.38094059251,5.0
5.77283775285,5.0
5.30122722371,7.0
6.22887726164,7.0
6.36460756231,6.0
6.20466700214,7.0
6.23636457178,6.0
5.36235764697,5.0
5.82143885634,6.0
6.34497628848,6.0
6.0820875733,6.0
5.65270340001,5.0
6.24015095811,6.0
5.7691918662,7.0
6.51117779164,6.0
5.95542211167,6.0
6.24525618961,6.0
5.6568532355,6.0
6.42891003548,5.0
6.14136943244,6.0
5.77427157664,7.0
5.87791959717,8.0
6.42891003548,5.0
5.68652823775,6.0
5.64441724895,6.0
5.34329652386,5.0
5.77315689472,5.0
5.19276121453,6.0
6.57252144418,7.0
6.20152702743,6.0
6.10182243473,6.0
6.45430657196,6.0
5.4130254541,5.0
5.94496778652,6.0
5.11190372103,6.0
5.77143358977,6.0
5.46093792521,5.0
5.79480541851,7.0
5.96528230199,6.0
5.9567517047,6.0
4.42691415149,4.0
6.06185249354,6.0
6.33939647755,6.0
5.90986785212,4.0
5.80841968774,5.0
5.46965306678,6.0
5.71204901373,6.0
5.81936688224,6.0
5.78911003869,5.0
6.25320260466,7.0
5.62967898872,6.0
5.66836410531,5.0
5.78332917374,6.0
6.00716349688,6.0
6.05709280046,5.0
6.00518973843,6.0
4.93690211315,5.0
5.43757217544,5.0
6.06146788088,6.0
5.78974526928,5.0
6.04207134548,7.0
5.82124698131,6.0
6.28039035042,7.0
5.64610940468,5.0
5.68040158679,6.0
6.27243287899,8.0
5.68019000364,5.0
5.85861332861,6.0
6.59460491674,6.0
5.98676093689,5.0
5.69550219285,6.0
6.28247894855,8.0
5.94960297805,6.0
5.48764873545,5.0
6.08864079038,7.0
6.28926164051,7.0
5.76628159183,5.0
6.24963968812,7.0
5.89130259218,6.0
6.20128215393,7.0
6.61312628477,7.0
6.02378706162,7.0
6.45954390201,6.0
5.40478175779,5.0
6.45573100477,7.0
4.92022078061,5.0
6.34727025774,6.0
5.57037455818,6.0
6.39027465747,7.0
5.65474994653,5.0
6.19415966904,7.0
6.194998558,7.0
5.73023753045,6.0
5.2862223107,5.0
5.9234753259,6.0
6.10517712558,6.0
6.17299457514,7.0
6.12347173265,4.0
5.89103170252,5.0
5.69871215964,6.0
6.16175673609,6.0
5.66504489035,6.0
6.61826005759,7.0
6.73660221607,7.0
5.48002486194,5.0
5.97432893908,5.0
5.93894777628,6.0
6.19013092718,6.0
5.83114621901,6.0
5.67692201617,6.0
5.90582344977,6.0
5.91106780328,6.0
5.84721455887,7.0
5.38381135787,5.0
6.301159363,8.0
6.33955163038,5.0
5.66085234903,6.0
5.97747005608,6.0
5.85006642473,5.0
6.08722368773,6.0
5.76103766798,6.0
5.59004579685,5.0
5.33730003399,5.0
5.38466431254,5.0
5.49680202517,6.0
6.077162598,7.0
5.7453873484,6.0
5.87521781028,6.0
5.25516410495,5.0
6.40516786908,6.0
5.64566056707,5.0
6.3042346587,8.0
6.22093133037,6.0
5.95345560169,3.0
6.38757598167,6.0
5.59226747481,5.0
5.39990825974,5.0
6.54790633141,7.0
5.56016442272,6.0
5.71204901373,6.0
5.16690115581,4.0
5.88447667528,6.0
5.64031787075,5.0
4.89439371399,5.0
6.3514917808,7.0
5.64353685988,6.0
5.63609666683,6.0
5.71933346329,5.0
5.89980945799,5.0
6.1544805028,6.0
6.22160410559,6.0
5.78191375291,6.0
5.74450913851,6.0
5.8050071132,6.0
5.48172547878,5.0
6.31125075238,6.0
6.33029112555,7.0
6.05083024837,7.0
5.41460498147,6.0
6.37059802434,7.0
6.00005193671,6.0
6.0399208373,6.0
5.72099286493,6.0
6.43701933846,7.0
5.74872673227,6.0
5.22521607114,5.0
5.48485743087,5.0
5.9627363298,6.0
6.430962035,6.0
6.0910524388,6.0
