6.04708301369,6.0
5.93547375881,7.0
5.86765832163,7.0
6.60655777597,7.0
5.45282748683,5.0
5.37579042633,6.0
6.61716838195,8.0
6.76547136726,8.0
6.19523453978,5.0
6.38264771504,7.0
5.61930167324,6.0
5.37105703292,5.0
5.45203287133,6.0
6.56219703362,6.0
5.7399682213,5.0
6.15955539506,6.0
6.45439535295,6.0
5.84870502021,5.0
5.93390167935,6.0
6.14800006997,7.0
6.45671880382,7.0
6.37683278236,7.0
6.4437712039,7.0
6.45084773106,7.0
5.57497305737,6.0
6.11080711058,6.0
6.00981477254,5.0
5.62730726378,5.0
6.16842717894,5.0
6.27776560133,7.0
6.48148253343,6.0
5.40864210442,4.0
5.16566037046,5.0
6.5880646824,6.0
5.30730533955,6.0
5.35147495514,5.0
5.46592612025,5.0
6.56931048904,6.0
5.626922953,6.0
6.00847229389,7.0
5.7484264449,6.0
5.75709369598,6.0
5.60552243591,5.0
6.291286159,5.0
6.25102155922,6.0
6.72992623641,3.0
6.20090855207,6.0
4.83900830669,5.0
6.61368647183,7.0
5.91535528088,6.0
5.68046451396,6.0
6.09056213044,6.0
5.83177902811,5.0
6.30777526156,6.0
5.64456876545,6.0
5.63921559238,6.0
5.26078335594,5.0
5.21579240037,5.0
6.3180169322,7.0
5.3761728232,5.0
6.10107641935,5.0
5.09714683954,5.0
6.19602660711,7.0
5.80990433647,6.0
6.35450721639,6.0
5.95131285753,5.0
5.05852639564,6.0
5.55723101857,8.0
5.66978737553,6.0
6.50348551968,6.0
5.83108037397,7.0
6.05347702022,7.0
5.86743662371,6.0
5.3020845427,5.0
5.36056087079,6.0
6.17794775317,7.0
5.83951274279,6.0
6.06057613289,6.0
5.76664243507,6.0
5.2712154206,5.0
6.50599808884,6.0
6.02937992366,6.0
6.02776448794,6.0
5.61381484155,5.0
5.95093741821,5.0
5.18830809091,5.0
5.88621609382,6.0
6.20586655254,6.0
6.35815015833,7.0
5.22851563198,4.0
5.83536543101,5.0
5.51206185116,6.0
5.69139896047,7.0
6.30351961719,7.0
6.53739655464,7.0
6.33856919566,6.0
5.68435082197,6.0
5.82466247914,6.0
5.72739668878,5.0
5.13218670309,5.0
5.62231964469,6.0
5.67555666684,5.0
5.77142092654,6.0
5.9646122007,6.0
5.69535908979,5.0
5.0625131954,5.0
6.10652997468,6.0
5.31753494087,6.0
5.86187660866,6.0
5.70553725335,6.0
6.58145613987,6.0
5.39701751886,6.0
5.15973203801,5.0
6.57278730828,8.0
5.28537914169,5.0
5.61218043592,5.0
5.16210235791,5.0
5.64185061614,5.0
6.50351011236,9.0
5.96875051162,6.0
5.4948734474,5.0
5.6135139414,5.0
5.61426479404,6.0
5.55162767703,4.0
5.61240519091,5.0
6.65168075222,8.0
6.76537236365,8.0
6.7212435119,8.0
6.55789541883,8.0
5.19013598174,5.0
6.17829407331,6.0
5.15426244648,6.0
6.14022877129,4.0
5.42105360744,6.0
5.63460167912,5.0
5.94363149581,5.0
4.77136882539,5.0
5.90162155957,6.0
5.48468305054,6.0
6.2113929012,7.0
5.95145311292,6.0
6.16558940528,6.0
6.17719162891,7.0
5.41601384318,7.0
5.62569511608,5.0
5.25164235612,4.0
5.24674302347,5.0
5.93787997068,7.0
5.15280692305,5.0
5.20835067831,4.0
6.29255663198,7.0
5.54655812964,5.0
5.66280843206,6.0
6.42489566595,7.0
6.66131659257,7.0
5.49862276345,6.0
5.84795200652,6.0
4.97704439918,5.0
5.62792421953,5.0
5.09645783517,5.0
6.66131659257,7.0
6.23129667441,6.0
6.66663065337,6.0
6.35606837297,6.0
6.43851017003,7.0
4.77192817014,5.0
6.62221700553,7.0
6.66531741442,6.0
6.18507307347,6.0
5.50012961393,6.0
5.4800367319,6.0
5.72030619373,6.0
6.54860202225,8.0
5.40804798059,5.0
5.29846910008,5.0
5.73001620541,6.0
5.46212236162,6.0
5.32886749315,5.0
5.67293500208,5.0
5.69819373194,6.0
6.15410252229,4.0
6.34544530121,6.0
6.10437518247,5.0
5.71651961925,5.0
5.82488031496,6.0
6.51177173234,8.0
5.89837818587,7.0
5.57831833078,6.0
5.71385455497,6.0
5.50020615259,6.0
5.11832123296,5.0
6.53256753013,7.0
5.86072951687,5.0
5.94612388867,6.0
5.68046451396,6.0
5.43958585763,5.0
5.08647069162,6.0
5.18462243279,5.0
5.94372536834,6.0
5.77856551558,4.0
5.37375020812,5.0
5.46582116414,5.0
5.75709369598,6.0
6.40372138517,6.0
5.56834679548,6.0
5.89109020863,6.0
6.4604698989,7.0
5.96597489062,6.0
5.43228307208,6.0
5.79731516846,5.0
6.11572210294,6.0
5.79671489046,6.0
5.76364269485,6.0
5.71628313196,6.0
5.6411041828,6.0
5.41936388743,6.0
5.08150450889,5.0
5.85272329513,6.0
6.10148640785,5.0
5.70843867462,5.0
6.59068331703,6.0
6.21737377332,6.0
5.7802161012,6.0
5.04184257652,5.0
5.78450567312,5.0
6.58669451908,6.0
5.55582631229,7.0
5.69847604604,6.0
5.0275726624,5.0
5.72127009901,5.0
5.73662895146,5.0
5.29957044499,5.0
5.44754895682,5.0
5.90805588405,5.0
5.22657452588,7.0
6.13677723698,6.0
5.19947363902,6.0
5.13307622229,6.0
6.48688064506,7.0
5.51779119838,6.0
6.69867366224,6.0
5.92447542245,6.0
5.01472196331,6.0
5.26242322872,6.0
5.67081929357,5.0
6.05277750752,7.0
5.43958567109,5.0
5.89007555512,5.0
5.61567624899,6.0
6.08460429789,6.0
6.59135850986,7.0
6.29092656691,6.0
5.28695045819,5.0
6.13577442654,7.0
6.30098210625,8.0
6.51689120383,6.0
6.1616083776,6.0
5.5304790062,6.0
6.53832530732,6.0
5.16507323471,6.0
5.82309305308,5.0
5.90823269378,5.0
5.52338739369,6.0
5.74877085659,6.0
6.36013129935,8.0
6.3839500257,7.0
5.23176559433,6.0
5.87694095532,7.0
5.91494959741,7.0
6.71498575152,7.0
6.21114911219,6.0
6.62571502089,7.0
6.23178585309,8.0
5.21882263112,4.0
5.8696378535,7.0
5.70498661794,5.0
6.42296806233,7.0
5.28935283354,5.0
6.04465767143,5.0
6.34762850651,7.0
5.98689280739,5.0
5.30895953816,5.0
5.84074800115,6.0
4.83836437354,5.0
5.79864756005,5.0
5.44445773682,5.0
5.36118066016,5.0
5.32434090555,5.0
5.72702847355,6.0
5.24944926456,6.0
5.40919262556,6.0
5.8768907032,8.0
6.13955404532,7.0
5.3715335451,6.0
5.50912234768,5.0
6.32942713197,7.0
5.57687049657,6.0
6.29313298741,6.0
5.82638630557,5.0
5.75732628484,5.0
5.26052271897,5.0
6.40575355575,6.0
6.15729300469,6.0
5.91067146486,6.0
5.58914904157,6.0
6.44449882651,7.0
6.56931048904,6.0
5.23752185896,5.0
5.7280166677,6.0
5.75575806051,5.0
6.26294452567,6.0
5.61342681996,6.0
5.83856417268,6.0
6.05959653716,8.0
5.83026178669,8.0
6.31744748919,6.0
6.31587058013,6.0
5.49998221018,6.0
6.3180169322,7.0
6.49005408507,7.0
5.78658728316,6.0
5.09564038666,5.0
5.61383689717,8.0
5.39613695816,4.0
6.63364729984,6.0
5.5303016753,6.0
5.575485213,5.0
5.6079724232,6.0
5.99158048526,5.0
5.62871047977,6.0
5.41832713001,5.0
5.46172935638,5.0
5.55499597664,5.0
5.68829905279,5.0
5.73066977586,6.0
6.61129244352,6.0
6.11397648719,6.0
5.29655962276,6.0
5.92115864855,6.0
6.47205120077,7.0
5.4210636251,5.0
5.74098302336,5.0
6.30777526156,6.0
4.9145152193,5.0
5.55903543466,5.0
6.30606419651,6.0
6.30781845279,7.0
5.03049155271,5.0
5.8768907032,8.0
5.76741303173,6.0
6.19781640931,6.0
6.61673220487,6.0
6.53480198688,6.0
6.53640439859,7.0
6.26604656003,6.0
5.46212236162,6.0
5.48272253652,5.0
6.24933654135,6.0
5.96910239676,6.0
5.09957996488,6.0
5.23618845185,5.0
6.61468788327,6.0
6.60873503834,6.0
5.57546201732,6.0
6.44836460207,7.0
5.16888501173,6.0
5.08282802504,4.0
6.40764239588,6.0
5.43866288918,5.0
5.52766905221,5.0
6.22922118574,6.0
6.70618019111,7.0
6.5224910872,6.0
5.79843312085,6.0
6.24356005995,7.0
6.21351706707,6.0
6.30781845279,7.0
6.6995942962,7.0
5.06685305075,5.0
5.60745822543,6.0
4.84854576002,4.0
5.27206155918,5.0
5.7280166677,6.0
5.76164926835,6.0
6.28566705185,6.0
5.8226281662,6.0
5.09344747602,5.0
5.88782073362,5.0
5.70912267879,5.0
6.18549181145,6.0
6.01136965004,5.0
6.7658310622,7.0
5.53096931548,6.0
5.87796263329,6.0
6.27518954862,7.0
5.62464544688,5.0
6.40533445325,6.0
6.44535547573,7.0
5.35159849871,5.0
5.41164358915,6.0
5.65413152782,6.0
5.6343843704,6.0
6.02160555718,7.0
6.62504197849,8.0
6.54321356459,6.0
5.73937899451,8.0
5.06115209017,6.0
6.63272729111,7.0
6.42528819854,6.0
6.4587700033,6.0
6.33672959855,7.0
6.54108171552,8.0
6.40564529684,7.0
5.47732193808,6.0
5.25742663434,6.0
5.09690273549,5.0
5.23761548617,5.0
5.67200493451,6.0
5.06282070853,5.0
5.17141108735,5.0
6.44805946938,6.0
5.61518319656,6.0
5.37215971466,5.0
6.07426421308,6.0
5.64532050334,5.0
5.83615192018,7.0
6.41280536276,6.0
5.67417835126,6.0
5.64311196035,6.0
5.4622527143,5.0
5.41290431898,5.0
5.59567035344,5.0
5.6595836401,6.0
5.59866429177,6.0
5.26366940389,5.0
6.36884918695,6.0
5.67293240028,5.0
5.59780618672,6.0
5.28537914169,5.0
6.10713740687,7.0
6.12932156141,6.0
5.42868656995,6.0
5.33261501384,5.0
5.06937052945,6.0
6.10107641935,5.0
5.96627345037,7.0
5.82890326685,6.0
6.34909697261,7.0
6.46200680855,7.0
5.58310015683,4.0
5.87938292909,6.0
5.10169689067,6.0
6.36850933501,5.0
5.65030732171,6.0
5.30470045298,5.0
5.66361263716,5.0
5.20631688784,6.0
5.93563742907,5.0
6.26604656003,6.0
6.06692710589,5.0
5.52394078005,4.0
6.49182597735,7.0
5.49606841113,6.0
6.63639374079,6.0
6.35982640038,7.0
6.04581809097,6.0
6.52204227357,6.0
5.23944213109,6.0
5.83716443032,6.0
5.64978137475,6.0
6.29732621399,6.0
5.59930716973,5.0
6.15320057998,6.0
6.59446694078,6.0
6.15648086923,5.0
5.93755648762,6.0
5.73714224932,6.0
6.67881092943,5.0
5.38348387945,6.0
5.27466421651,5.0
4.96963825772,4.0
5.80767711069,6.0
5.28314319721,6.0
5.73543659119,6.0
5.6862250774,5.0
5.67547089432,5.0
6.62571502089,7.0
4.63874623787,5.0
6.25094877387,7.0
5.87289252691,7.0
5.94284252684,6.0
6.20219878388,6.0
5.8716389614,7.0
5.91494959741,7.0
6.00536037149,5.0
6.03188406509,6.0
6.47441214232,8.0
6.09737984088,6.0
6.54708598903,7.0
6.90232093477,7.0
5.8858218429,5.0
6.07769246725,6.0
5.88694443732,7.0
6.29446259092,7.0
5.15947401715,5.0
6.41255228567,7.0
6.04300729319,6.0
6.13893172306,6.0
5.11643049967,5.0
6.25645579205,6.0
5.79373818985,6.0
5.63626588979,5.0
6.29501493658,6.0
5.8716389614,7.0
6.23002368438,7.0
5.93568278898,5.0
6.70110326105,8.0
5.13113842936,6.0
5.64893286046,6.0
6.59047587484,6.0
6.21062324513,7.0
5.08647069162,6.0
5.91646283531,7.0
5.78450567312,5.0
5.62569511608,5.0
6.3437366185,6.0
5.15634414624,5.0
5.38451300806,6.0
5.76869861427,6.0
6.27951389566,6.0
5.66935390913,5.0
5.80719369798,6.0
6.41255228567,7.0
5.45145888311,6.0
5.6542740567,5.0
5.33215896911,5.0
6.65030632825,4.0
6.56390372547,6.0
5.89679004177,6.0
6.12460861796,6.0
6.2654955312,6.0
5.84655620486,3.0
6.52967022107,5.0
5.53128614067,6.0
6.49682356104,6.0
6.00940000541,6.0
5.944985411,6.0
5.61830604059,6.0
5.18415265722,5.0
6.00279497971,5.0
5.13206889437,6.0
5.33929223519,6.0
5.86316901645,7.0
5.93430708735,6.0
5.75067683653,4.0
5.85103399538,6.0
6.32698004275,7.0
5.82363047019,5.0
6.19726526903,6.0
5.80007137793,5.0
6.42064922562,7.0
5.45168991783,5.0
6.44125671501,7.0
5.29054059144,6.0
6.1840063511,6.0
5.7409650754,6.0
5.18708046378,5.0
6.27179482244,6.0
5.56974511139,5.0
6.34952867119,6.0
6.18718540319,8.0
5.32215180219,5.0
5.84351403261,6.0
5.5981509717,6.0
6.3509691895,6.0
5.76957725961,7.0
5.11204440883,5.0
6.29604065277,7.0
6.15134282113,6.0
5.24813218864,5.0
6.04618257145,5.0
5.81605023311,6.0
6.40904874958,7.0
5.77260045114,6.0
6.31991586484,6.0
5.96597489062,6.0
4.63874623787,5.0
5.83026178669,8.0
5.84086559871,6.0
5.65907643489,4.0
5.75574916549,7.0
5.64168454497,5.0
5.09344747602,5.0
6.65406098954,6.0
5.73715070087,5.0
5.75329082736,6.0
5.74901632497,7.0
5.87277273078,7.0
6.21298613348,7.0
5.83095650445,5.0
6.4551763301,7.0
5.07574879357,6.0
5.81686300694,7.0
5.96745234314,5.0
4.94914428865,6.0
5.65903853307,6.0
6.52006243717,7.0
6.02690026061,6.0
5.22235310507,6.0
5.83088919391,6.0
5.64232322197,3.0
5.98557609451,7.0
5.02915297497,5.0
4.98751665653,6.0
6.53301872641,6.0
5.26312839196,6.0
5.82200514112,6.0
6.51594953584,7.0
6.24994053333,5.0
5.6946078154,6.0
5.14223488041,5.0
5.89796456642,7.0
5.06105022276,4.0
6.05938450514,6.0
5.86949236417,6.0
5.75161473688,6.0
6.56757538535,6.0
6.51771929713,7.0
5.06922417923,5.0
5.43068622515,6.0
5.52025966552,7.0
5.64893286046,6.0
6.26003966947,6.0
5.25482049645,6.0
5.68441663119,6.0
5.48357666784,6.0
5.67020373357,6.0
5.74133313919,5.0
6.08509474512,5.0
6.07985952852,6.0
5.39603166802,6.0
5.25128109542,4.0
5.73265527487,5.0
5.09882744072,5.0
6.35436563076,6.0
5.2931530663,6.0
6.72052946702,6.0
6.40759563594,6.0
6.13438255981,6.0
5.90222657249,6.0
6.27475677793,6.0
5.73508514336,6.0
6.23334501237,5.0
5.24813218864,5.0
5.97901065611,6.0
5.95250344506,6.0
5.34751611904,5.0
5.79527107114,5.0
6.47564685966,6.0
5.18294494174,5.0
5.71859953651,5.0
6.43029352494,6.0
5.68174785577,5.0
6.23850598308,5.0
6.2265639266,5.0
6.39210805776,6.0
6.47878412637,6.0
5.43255140999,6.0
6.26660998641,6.0
5.35724037471,4.0
5.22144319141,5.0
6.19711845889,7.0
6.68229837805,8.0
6.22531754769,6.0
5.57197552172,5.0
5.51164114055,5.0
6.02574511362,7.0
5.43165746224,6.0
5.3559003851,5.0
5.5625705196,6.0
6.2943365498,6.0
5.89742157867,6.0
6.69516956535,6.0
6.17912220784,7.0
6.57728091901,7.0
5.49556277421,5.0
6.14018490289,4.0
6.73640742604,8.0
5.3165111864,5.0
6.67021286243,5.0
6.47555517982,6.0
5.48296146201,7.0
5.33200351549,6.0
5.69966415081,6.0
6.57415273254,7.0
5.49455878849,5.0
5.49786428616,6.0
5.22545338188,5.0
6.23829621166,7.0
6.59953042219,7.0
5.5864728889,6.0
6.33214087988,6.0
6.12563864517,7.0
6.14208027825,5.0
6.50283586544,3.0
4.98194300766,5.0
6.22226288628,6.0
5.6458105614,6.0
5.465522618,6.0
5.56438911389,5.0
5.46383739006,5.0
6.35086913516,6.0
6.33308045437,8.0
6.51415473463,7.0
6.42125653146,6.0
5.69847604604,6.0
6.00414129952,4.0
5.75601648945,6.0
5.8611066883,6.0
5.62792421953,5.0
5.93621872226,6.0
6.18569999441,6.0
6.3707588085,6.0
6.10099071944,8.0
6.49300927709,7.0
6.14085284517,6.0
6.56721800215,6.0
5.04872715608,4.0
5.11382987645,5.0
5.75222966123,6.0
5.03692842817,5.0
6.09280629609,5.0
6.32582327901,6.0
6.31773374475,7.0
6.61099501586,6.0
6.00843679862,6.0
5.237091537,5.0
5.87807084406,6.0
6.47110988266,7.0
5.79247802271,6.0
6.159122522,7.0
5.97545438623,6.0
6.30781845279,7.0
6.22129097521,4.0
5.96995392103,5.0
6.43715771748,7.0
5.82097222055,6.0
5.03984010761,5.0
6.55055336081,7.0
5.67843389479,6.0
6.29770348041,5.0
5.58472756017,7.0
5.40654292746,5.0
6.09536755321,6.0
5.54138672332,4.0
5.17462826475,6.0
6.53326865317,7.0
6.46098374085,7.0
5.76512269849,6.0
5.92770000591,6.0
5.97765994415,6.0
5.90021285462,7.0
5.93649126391,6.0
5.55254896579,6.0
5.53446900822,6.0
5.06300498487,6.0
5.33800000473,6.0
6.37698294442,6.0
5.0505407038,6.0
6.71238806354,9.0
5.90064945139,6.0
6.03191844733,6.0
5.17198536444,5.0
5.66595431195,5.0
5.15524207016,5.0
5.53186370737,6.0
5.70827464662,6.0
5.45797221673,5.0
6.27165597038,8.0
6.3057251445,6.0
5.88112514166,6.0
6.33861569827,6.0
6.58904042947,6.0
6.44777021135,5.0
5.92084851739,5.0
5.8257349267,6.0
5.45633835247,6.0
5.65022390512,6.0
6.22400471133,5.0
6.16122047714,7.0
5.84613757612,7.0
5.1559973187,5.0
5.78071179334,6.0
5.62059339769,5.0
5.08524472886,4.0
5.78071179334,6.0
4.83341780067,4.0
5.17319052226,5.0
5.98142583679,7.0
6.40263251776,6.0
5.81541423558,6.0
4.95968653343,5.0
5.68802491123,5.0
5.56124312944,6.0
5.72903272482,5.0
6.52522843497,7.0
6.29440208405,5.0
4.99273921694,5.0
5.36618651342,5.0
6.5874179492,6.0
5.77215046614,6.0
6.86793205143,5.0
5.10433240514,5.0
5.22115499894,5.0
6.61412641095,7.0
6.27403640589,6.0
6.18645864093,6.0
6.52988903658,7.0
5.85930091248,6.0
6.30098210625,8.0
5.16914170355,5.0
6.00940000541,6.0
5.81686300694,7.0
6.40121560168,6.0
5.79247802271,6.0
6.68558865051,7.0
6.22873041911,7.0
6.46086049869,6.0
6.23393757216,5.0
5.61986029117,7.0
5.73492044113,6.0
6.42804415857,5.0
6.40004974285,6.0
5.48413266931,6.0
5.53749535517,5.0
6.29675091719,6.0
5.79301644156,7.0
5.7241329724,6.0
6.24564432175,6.0
6.15183138669,5.0
5.86488820876,6.0
6.63983623326,6.0
6.33172289612,6.0
6.2762094521,8.0
6.40015068264,7.0
6.39816630691,7.0
5.784739688,4.0
6.95962945543,6.0
5.96878362294,6.0
6.02306238329,7.0
5.7528272011,5.0
5.65536862816,6.0
5.77126470404,6.0
6.38427664988,7.0
6.31842986896,7.0
5.50745993485,4.0
5.94163137106,6.0
6.53140169948,8.0
5.38704461923,5.0
6.26510837826,7.0
5.87187442452,6.0
5.968447107,6.0
5.6501471272,6.0
5.30503151725,6.0
6.27574820058,6.0
5.93968580656,4.0
6.51553372594,6.0
6.2113929012,7.0
6.12690271532,6.0
6.28607547378,7.0
5.95240145455,7.0
5.27466421651,5.0
5.73992418323,5.0
5.61504569238,6.0
5.3933057779,5.0
6.01022481985,6.0
5.36945582735,5.0
5.06149156739,6.0
5.57016165989,6.0
5.78653633688,6.0
4.8235033524,5.0
6.40595310894,8.0
5.96648188707,6.0
5.68782261681,5.0
6.5116369988,7.0
5.71191878817,5.0
5.72013856222,5.0
6.46206248356,7.0
6.02755353729,8.0
5.75112339214,6.0
6.61821841044,7.0
5.33940902574,5.0
5.77656392699,7.0
6.30691631346,7.0
4.89299868709,5.0
5.41514417052,6.0
6.44075045522,6.0
5.59684373192,5.0
6.20161129443,7.0
5.92781125983,7.0
6.5188830725,7.0
6.53596909044,7.0
6.62420110641,7.0
4.99516032257,6.0
6.37789629284,5.0
5.83972491649,6.0
5.98864365046,6.0
6.2046839335,5.0
5.86743662371,6.0
5.68556907934,6.0
6.52988903658,7.0
6.17416995893,6.0
5.19702248069,6.0
4.86603954552,5.0
5.55780646561,6.0
6.40554460396,6.0
6.01817406152,6.0
6.49532332932,7.0
5.52338739369,6.0
5.14816636373,6.0
6.67547456534,7.0
6.24366448088,6.0
5.96241043065,8.0
5.8103025992,5.0
4.82302984845,6.0
5.14630179328,5.0
5.84795200652,6.0
5.95122765747,6.0
6.42125653146,6.0
5.95728239187,6.0
5.56431689906,5.0
5.21472493579,5.0
5.26651369636,6.0
6.10918130048,7.0
5.54754676455,6.0
5.8190063012,6.0
6.6494244877,7.0
5.8696378535,7.0
5.01587062887,5.0
6.71818297885,6.0
6.40565351287,7.0
6.02783722188,6.0
6.27051558654,6.0
5.20538637469,6.0
5.39398172515,6.0
5.03113131547,5.0
5.84645051612,6.0
5.32454223883,5.0
5.22873721785,5.0
5.62429243418,6.0
5.87160359896,6.0
5.16278861254,7.0
6.57104038033,5.0
5.82946181798,6.0
5.93447819312,6.0
6.15385070165,8.0
5.64980301508,7.0
5.47973410564,5.0
5.04521259947,6.0
5.65987473262,7.0
6.08241617504,6.0
5.43428300859,5.0
5.66704534221,5.0
6.37805019973,6.0
6.2807006373,7.0
5.00464699957,6.0
6.39534483542,7.0
6.28993639916,6.0
6.22585904173,7.0
5.17052873533,5.0
5.75274716658,5.0
4.59974343882,4.0
5.87341137158,6.0
6.52940794187,8.0
6.48996048908,8.0
5.72314344134,5.0
6.75801877758,6.0
6.50246214351,7.0
5.41896544155,5.0
6.2960317224,6.0
5.81840744524,6.0
6.27149732998,7.0
5.75709369598,6.0
6.07290333131,6.0
6.27632524694,7.0
6.81852866839,7.0
5.51702006396,6.0
6.64215132296,8.0
4.89218617742,5.0
6.39249777259,6.0
5.18476414092,5.0
5.17229508352,5.0
5.72688015107,7.0
5.90179847901,5.0
5.13450189523,5.0
6.46687299908,7.0
6.34461149662,6.0
5.90727742168,7.0
5.55253863056,5.0
5.75495246605,7.0
6.27309192854,8.0
5.71376739432,6.0
5.04002451608,5.0
4.81350684024,5.0
5.19199836113,6.0
6.21929174103,4.0
5.31712723991,5.0
4.98915016065,5.0
6.36185144866,5.0
6.02919210581,5.0
6.49730948955,8.0
5.25601219218,6.0
5.25736216171,6.0
6.44080447042,6.0
5.36571175055,5.0
6.07770386709,6.0
6.16965295635,7.0
6.38122698566,5.0
5.89890431461,5.0
5.17141108735,5.0
4.96132877114,5.0
5.62921699609,5.0
5.24513776587,5.0
6.28760597611,7.0
6.26660998641,6.0
6.10286458811,6.0
5.94640689837,6.0
5.88958903379,5.0
5.57757636546,6.0
6.55693632267,7.0
5.08282802504,4.0
5.25105093683,5.0
6.39772913935,7.0
6.62513045745,6.0
6.78741371141,7.0
6.2807006373,7.0
5.7409650754,6.0
5.48253635405,6.0
5.85023810475,3.0
5.87615841384,6.0
6.11800789845,6.0
6.26825094559,7.0
5.62753690357,5.0
6.13419637463,5.0
5.45203287133,6.0
5.83400847898,6.0
6.43345501592,6.0
6.12931888564,6.0
5.32477615737,7.0
6.08747110059,5.0
6.08084758661,6.0
5.15576113313,5.0
5.34308409891,6.0
5.92981683167,6.0
6.32915347445,7.0
6.51770243979,6.0
6.6802919888,6.0
5.89679004177,6.0
5.24550028002,7.0
6.18222924773,6.0
6.12053346239,6.0
5.71062194759,5.0
5.33940902574,5.0
6.57803019494,6.0
5.0221257832,6.0
6.40480958297,6.0
5.6477614227,6.0
6.52275753892,6.0
6.62390601546,7.0
5.91989835903,6.0
4.96750350176,5.0
5.61518319656,6.0
6.14528112267,7.0
5.46765878083,5.0
6.26269295124,7.0
6.51167873102,6.0
6.29736060543,6.0
6.45909719337,6.0
5.7046107493,5.0
6.55238634168,5.0
5.86922079883,7.0
5.92115864855,6.0
6.13457492485,6.0
6.41214797731,6.0
6.38091092397,6.0
5.91934228402,6.0
6.27715062369,6.0
5.73477863073,5.0
6.18784782251,6.0
6.25634896779,6.0
6.19250331259,6.0
6.40326352001,7.0
6.4615678113,7.0
6.38480863911,6.0
6.34037141003,7.0
5.20778853005,6.0
6.41276759983,6.0
6.40544147555,7.0
5.75807925851,5.0
6.24113321524,6.0
4.98915016065,5.0
5.27971515617,6.0
6.16018349473,7.0
5.74148691794,5.0
5.06851661037,5.0
5.49404799981,5.0
5.85621864877,7.0
5.94612388867,6.0
6.00134083654,6.0
5.17052873533,5.0
6.33732668949,7.0
5.81445861021,6.0
5.3165111864,5.0
5.65972230583,6.0
6.4111838279,6.0
5.38778382117,7.0
6.31497577272,7.0
6.53781232534,7.0
5.63460167912,5.0
6.56524703361,6.0
5.96604987391,4.0
5.46710843668,5.0
6.17637600685,6.0
6.14575527027,6.0
6.30800541143,7.0
5.92996256603,6.0
6.41276759983,6.0
5.81500452062,6.0
5.43092492274,5.0
6.11625542653,8.0
6.42732647727,7.0
6.57835395413,8.0
5.7576232857,5.0
6.52398965156,6.0
6.21364266836,6.0
5.38567150623,5.0
6.45314051452,6.0
6.17808949068,5.0
5.7415547308,5.0
5.9186502783,6.0
5.21418890426,6.0
5.66978737553,6.0
6.32065326239,6.0
5.10519649242,6.0
6.55016912067,7.0
4.69688063293,4.0
5.27529453543,6.0
5.81878280279,7.0
6.32291677731,7.0
5.75732628484,5.0
5.15200709204,5.0
5.43740056828,6.0
5.84639893297,6.0
6.62180753134,5.0
6.13022322075,6.0
5.90211681911,6.0
5.73066977586,6.0
5.73326342655,6.0
6.50806481395,7.0
5.71917510514,5.0
5.36579171769,5.0
6.46928218093,6.0
5.81694543503,6.0
5.80588408128,6.0
5.86840810044,6.0
6.69861000989,8.0
5.0624699371,5.0
6.13539184128,7.0
6.2721824209,7.0
5.22307244683,5.0
5.99301666094,6.0
6.20014003112,7.0
6.52452431634,8.0
5.99302902557,6.0
5.87694095532,7.0
5.68174785577,5.0
6.54533713467,6.0
6.230818656,8.0
6.42925331142,7.0
6.16245058429,7.0
5.9215062703,6.0
5.54858913679,6.0
6.35496217282,7.0
5.31809071253,5.0
5.55214062766,6.0
4.94542968219,5.0
6.1759664192,7.0
6.15258504287,6.0
6.40105935422,6.0
6.39961987685,6.0
5.48706392672,5.0
6.60509307374,7.0
5.43857918468,5.0
5.54618444613,5.0
6.30139321292,5.0
5.2359019659,6.0
5.82958502579,6.0
6.50453563124,6.0
5.77229442545,6.0
6.40024304507,7.0
6.10286458811,6.0
5.2116085118,6.0
6.32669313942,7.0
5.54649215487,5.0
5.86219434821,8.0
6.29239320492,7.0
6.5116369988,7.0
5.91494959741,7.0
5.92233308423,5.0
4.81350684024,5.0
6.36246652109,7.0
6.07959041716,6.0
5.96648188707,6.0
6.62390601546,7.0
6.37442314354,7.0
5.62019853062,5.0
5.83026178669,8.0
6.36111713628,8.0
4.55346144142,4.0
5.7006790521,5.0
5.39952125088,5.0
6.45157497175,6.0
5.14035252307,5.0
6.4384984003,6.0
5.47064822246,7.0
5.59667846806,6.0
5.55885047255,6.0
5.92220064782,6.0
5.95266870003,6.0
5.67293500208,5.0
5.54914672856,5.0
5.92769941748,7.0
6.45335034022,6.0
5.83945946007,6.0
5.58089636406,5.0
5.37084617315,4.0
5.06282070853,5.0
6.59402481791,7.0
6.38458938468,6.0
6.55311099124,8.0
5.54716308728,5.0
5.84526766942,4.0
5.81012638011,5.0
5.60010668689,5.0
6.32914176114,6.0
5.36118066016,5.0
5.58472756017,7.0
6.42460515297,7.0
6.21737377332,6.0
5.66755697587,6.0
5.43549410707,5.0
5.08428270204,4.0
5.63921559238,6.0
6.27632524694,7.0
5.74895181097,8.0
5.40346782885,5.0
5.45008175525,5.0
6.28240863589,7.0
5.63196258647,5.0
5.42712909255,5.0
5.39577700017,6.0
5.83025669062,5.0
5.84003567908,5.0
6.32422435812,6.0
6.41255228567,7.0
5.92115864855,6.0
5.86665441116,6.0
6.31140132231,6.0
6.73404407174,7.0
6.01311219497,6.0
5.85453675567,6.0
6.36129621679,7.0
5.83945946007,6.0
5.23027459686,5.0
5.1542325264,5.0
6.2486622459,6.0
6.39353364207,6.0
6.26857477546,6.0
5.79751301306,6.0
5.73420672701,5.0
6.25005007405,6.0
5.90823269378,5.0
5.74128427814,7.0
6.67413498026,6.0
5.74488868864,6.0
6.22353325242,6.0
6.10355981418,8.0
5.47593340463,5.0
5.34612650385,6.0
5.85109900387,6.0
5.38400329903,4.0
5.23944213109,6.0
6.33891741218,7.0
5.09645783517,5.0
5.43911674826,5.0
5.96324889169,5.0
6.48971254743,6.0
5.31785769376,6.0
5.70502096151,6.0
5.64297919279,4.0
5.43857918468,5.0
6.94707021148,7.0
5.89029511597,6.0
5.81605023311,6.0
5.25715786203,6.0
6.73691871465,7.0
5.86506293388,6.0
6.23068746536,7.0
6.3859974589,8.0
5.95093741821,5.0
6.50880639569,8.0
5.62961437835,5.0
5.18904918216,6.0
5.72271305099,5.0
5.79952741814,5.0
5.43548383533,5.0
5.38551408034,5.0
5.68548568378,5.0
5.59809563684,6.0
5.1588960755,5.0
6.65705668525,6.0
6.31618212081,7.0
6.21926140219,6.0
6.57851250026,6.0
6.42273693794,7.0
6.3839500257,7.0
5.0289938232,4.0
5.25548447027,4.0
5.48228060176,5.0
6.70542789872,8.0
5.75597799089,5.0
6.34513547938,8.0
5.26750053326,5.0
6.38347437851,6.0
6.68007053773,8.0
6.46550029646,6.0
6.54321218637,7.0
6.58904644517,6.0
6.32816174538,6.0
6.37562224015,7.0
5.69685089524,7.0
6.01709696423,6.0
6.12131851091,7.0
6.14220170139,7.0
5.60451336023,6.0
5.69139896047,7.0
5.34414811855,6.0
5.42232187537,5.0
6.65120368455,7.0
5.06922417923,5.0
5.80566062082,5.0
5.02061418954,5.0
5.15424801106,4.0
5.91929515048,6.0
5.72956100111,4.0
5.77351069599,5.0
5.93625877861,7.0
6.53235089895,7.0
6.20557507489,6.0
5.94063918935,5.0
5.36250866889,3.0
5.8696378535,7.0
5.89796456642,7.0
6.20557507489,6.0
5.46238934499,4.0
5.58604647508,5.0
6.27562196862,8.0
5.49135157782,5.0
5.37305268451,5.0
6.43794457616,7.0
6.35733920619,7.0
5.35147495514,5.0
6.37848180327,7.0
5.88755009273,5.0
5.24607361616,6.0
5.75941993185,6.0
6.38703757591,7.0
6.54753978562,6.0
6.67758374461,5.0
5.79200179161,6.0
5.83723117217,6.0
5.38615423068,6.0
5.2116085118,6.0
5.22294542429,5.0
5.34538249931,5.0
6.14575527027,6.0
6.60221998416,7.0
6.41559003729,7.0
6.65532551866,7.0
5.64980301508,7.0
6.47000295405,6.0
5.58274930428,5.0
5.60028339046,5.0
5.237091537,5.0
5.49135157782,5.0
6.50968313123,7.0
5.88146616606,6.0
6.48148253343,6.0
6.44154254605,5.0
5.18476414092,5.0
5.81548482266,6.0
6.56060410493,7.0
5.73220630176,6.0
5.22497878712,5.0
6.44154254605,5.0
5.61198153473,4.0
5.21272034904,5.0
6.07000090409,6.0
6.84596327918,6.0
5.96067311669,6.0
5.16834060904,5.0
5.00288929554,5.0
5.04184257652,5.0
6.64922461547,6.0
5.50297724797,5.0
6.35458270681,7.0
4.96904132638,5.0
5.62059339769,5.0
6.46899828405,7.0
5.92204746049,6.0
5.45093063098,7.0
5.46069914419,5.0
5.87796263329,6.0
5.3999636258,5.0
4.98751665653,6.0
6.02001715755,8.0
5.49556277421,5.0
5.16213966101,5.0
6.39228787623,6.0
5.1435253826,6.0
5.28598021043,6.0
5.28463316217,6.0
5.72932599501,6.0
5.89837818587,7.0
6.35458181617,7.0
5.19702248069,6.0
5.22768552085,5.0
5.58845867741,5.0
5.65903853307,6.0
5.87694095532,7.0
5.87385021072,6.0
5.7373113631,6.0
6.47564685966,6.0
6.60855081273,6.0
5.83026178669,8.0
5.77184869559,5.0
5.79247802271,6.0
5.79200179161,6.0
5.79276156785,6.0
5.97147474042,7.0
5.61936665517,8.0
5.8339509298,5.0
5.21640600412,6.0
5.7698709259,6.0
6.94294732208,7.0
6.55705765465,6.0
6.28250715072,7.0
5.62059339769,5.0
5.00303924801,5.0
5.7006790521,5.0
5.37257303071,5.0
5.78357559737,5.0
6.05347702022,7.0
6.25080761885,4.0
4.81282461192,5.0
5.40674653208,5.0
6.58164541698,6.0
5.56959560537,5.0
6.42157741606,6.0
6.51235747883,7.0
5.42723610509,6.0
5.18462243279,5.0
5.71451623807,5.0
5.27442649312,5.0
6.69516956535,6.0
6.40015068264,7.0
5.90199502122,5.0
6.39803821435,6.0
6.25159883926,6.0
6.20782251277,6.0
6.65168075222,8.0
6.51335408629,7.0
6.56950591729,7.0
6.44059223219,5.0
6.06435667824,5.0
6.6369042611,6.0
5.70239285401,6.0
5.48834685304,5.0
5.4101371464,5.0
6.48917236094,6.0
5.48313975702,5.0
5.86876733994,7.0
6.34331250477,6.0
6.32385014915,7.0
6.4587700033,6.0
6.59115967074,7.0
6.65342065625,6.0
6.48565884084,7.0
5.75495246605,7.0
5.73343380767,6.0
5.85590520327,6.0
6.40326352001,7.0
5.91330647795,6.0
5.35766283789,5.0
6.82961687466,7.0
6.45066221464,6.0
5.73889643267,5.0
5.41444947089,5.0
5.03429048103,6.0
5.9448292702,6.0
5.11482033446,5.0
5.25715786203,6.0
6.51410383021,7.0
5.33374564849,6.0
5.83026178669,8.0
6.44337062907,7.0
5.47254062728,5.0
5.31306334029,5.0
6.05551256678,6.0
5.61481678264,6.0
6.61080898134,6.0
5.66280843206,6.0
5.67614026244,6.0
5.167997925,5.0
5.22993186497,5.0
6.10265854347,7.0
5.30724820792,6.0
4.86782216463,4.0
5.52545377551,6.0
5.18690640645,5.0
6.02699804858,7.0
5.94201999113,6.0
5.23059241475,6.0
5.79773781312,6.0
5.00465565264,5.0
5.39590283283,5.0
5.06105022276,4.0
5.88694443732,7.0
5.24603705111,5.0
6.74339989346,7.0
5.69685089524,7.0
6.07627445383,5.0
5.98471908392,6.0
5.25624652454,5.0
6.63436237789,7.0
5.82876496434,6.0
6.44125671501,7.0
5.40939187723,6.0
5.57546201732,6.0
5.56511319255,5.0
5.44367738802,6.0
5.59995491865,5.0
5.17712824605,6.0
5.11643049967,5.0
6.1840063511,6.0
6.39642498784,6.0
5.87938292909,6.0
6.2024209618,7.0
4.95294367641,5.0
5.90755834599,5.0
5.66232783235,6.0
5.58437147773,5.0
6.76547136726,8.0
5.89647993832,5.0
5.03747087306,5.0
6.56524703361,6.0
6.24229955938,6.0
5.69139896047,7.0
6.29989381778,7.0
6.46202404886,6.0
5.56057401741,5.0
5.59190664401,5.0
5.34425953949,6.0
5.69081784975,6.0
5.59345510412,5.0
5.25964185594,6.0
5.73275517632,5.0
5.88722576577,6.0
6.59091149748,7.0
5.57420829057,5.0
6.55649173034,6.0
5.64153619666,5.0
6.15955539506,6.0
5.5303016753,6.0
6.15934636828,7.0
5.88341186645,6.0
5.88713279176,5.0
6.27950265664,6.0
5.85400775565,7.0
6.33143270233,6.0
6.48601382704,7.0
6.30800541143,7.0
6.28777830123,5.0
5.21622215057,5.0
6.43073100198,6.0
5.8087964986,7.0
6.15065882132,6.0
5.59728463571,5.0
5.58421017891,6.0
5.58515535044,5.0
6.65546952453,7.0
6.53301872641,6.0
5.48357666784,6.0
5.31322899687,5.0
6.12633602363,6.0
5.03894703779,5.0
5.26206373749,6.0
5.91507613375,7.0
6.42015263687,6.0
5.867215227,6.0
6.37422460763,5.0
5.47945484103,6.0
6.26269295124,7.0
5.39511117278,5.0
5.4710518456,6.0
5.96878362294,6.0
5.23253276592,7.0
6.09889581893,6.0
5.28537914169,5.0
5.34602958756,4.0
5.58993762195,5.0
6.08679983292,6.0
6.18718540319,8.0
6.48469068847,6.0
5.52433728975,5.0
5.61971763669,6.0
6.59402481791,7.0
5.62405501609,5.0
6.47454392796,5.0
6.39028520474,6.0
5.85866697841,5.0
5.79773781312,6.0
5.36032999282,5.0
5.87740726872,5.0
5.66226058197,6.0
5.92286725056,6.0
5.55637012436,5.0
5.18359782462,5.0
5.5457539127,6.0
4.96186249636,5.0
6.406248937,7.0
5.90774020338,6.0
5.81706514738,7.0
6.24402983887,7.0
5.25076465411,6.0
5.88355672504,6.0
5.64834965899,6.0
5.35185069276,5.0
6.16136260213,6.0
5.5854561069,5.0
6.45817620818,8.0
5.71641875102,6.0
5.04689124395,6.0
6.02778885312,6.0
6.03528676307,7.0
5.68046451396,6.0
5.76998325515,5.0
5.75719047644,6.0
5.28469855478,5.0
6.06170300837,6.0
5.79301644156,7.0
6.16048064423,6.0
6.41394678712,7.0
6.26860333566,6.0
5.99008569291,7.0
6.53026177499,7.0
5.86109692434,5.0
5.23749379283,5.0
5.49349413195,5.0
5.6381740366,5.0
5.9051938862,7.0
5.66232783235,6.0
5.58699529653,5.0
5.12101404765,6.0
6.04304001497,6.0
6.30018169709,6.0
5.95252052284,5.0
5.0275726624,5.0
6.13427721399,6.0
5.88234937599,6.0
5.39590283283,5.0
5.71493396857,6.0
6.02629055928,6.0
5.99682262893,6.0
5.31108742724,5.0
4.9643335283,6.0
4.70082717996,4.0
6.00336656115,6.0
5.3741554574,5.0
6.30025965352,7.0
6.6611935388,7.0
4.80907832567,5.0
6.04628359681,5.0
6.04492435828,5.0
6.07775704121,6.0
6.64706815197,8.0
6.45671880382,7.0
5.2419273802,4.0
5.937631989,6.0
6.50010405531,6.0
6.30252628765,8.0
5.67611107294,7.0
6.31587058013,6.0
5.94056684046,6.0
5.57975205737,6.0
5.09321849171,5.0
5.16826456179,5.0
5.17198536444,5.0
5.32475973242,5.0
5.83213532821,6.0
6.01327310436,6.0
5.37875047543,6.0
6.29736060543,6.0
6.57512578336,7.0
5.60078750963,5.0
6.38351607318,6.0
5.72138416727,6.0
5.95659895645,6.0
5.40709906099,5.0
6.07893491494,6.0
6.44947198161,7.0
6.36479508048,6.0
5.53907389869,4.0
5.39537043495,5.0
6.52988903658,7.0
5.43329975244,6.0
5.84958409817,6.0
5.71352331616,5.0
5.06878304053,5.0
6.66725028217,7.0
4.58690480361,4.0
6.67597547319,6.0
5.29570322977,5.0
6.4615678113,7.0
5.67471239753,5.0
5.74817827292,5.0
5.63690968551,6.0
5.84003567908,5.0
6.33275114808,6.0
5.8774503615,5.0
5.69618310155,6.0
5.637993439,5.0
5.98196904057,5.0
5.0439488602,5.0
6.58343238227,6.0
6.46797047169,6.0
5.80215498552,6.0
5.75340291348,6.0
4.99011749853,5.0
5.72677492186,5.0
6.1047972348,7.0
5.73896136682,5.0
6.57362897804,7.0
5.50319759539,5.0
6.01322762656,6.0
6.28808970049,6.0
6.24181656941,5.0
5.76998325515,5.0
5.87278970636,6.0
5.58472756017,7.0
6.37251007719,6.0
4.91956691025,5.0
5.64823844721,5.0
6.77999217063,6.0
5.48652982196,5.0
5.6919124426,5.0
5.06720961232,6.0
5.99778371691,5.0
6.5839247609,8.0
6.2096247208,6.0
6.26752742481,6.0
6.24121837961,6.0
5.25924998194,5.0
5.55596114727,5.0
5.28171028841,5.0
5.64051751004,6.0
5.54845258487,5.0
6.32591808628,7.0
5.91213447321,6.0
5.45379814586,5.0
6.10940515704,6.0
5.21390545212,6.0
6.10391797116,6.0
6.36011965623,6.0
5.74148691794,5.0
5.25710142888,5.0
5.11375121098,5.0
5.6622991642,5.0
5.41272804832,5.0
6.42454039239,6.0
5.57687049657,6.0
5.22497878712,5.0
6.60766855479,7.0
5.11522434849,4.0
6.40793789234,7.0
5.70415948257,5.0
6.35246318661,8.0
6.22708039613,6.0
6.29675091719,6.0
5.55668494308,5.0
5.84504386908,6.0
5.12520197323,5.0
5.34069063267,5.0
6.61260576238,7.0
5.32078566528,6.0
5.3736851713,5.0
5.88422885271,6.0
5.29846910008,5.0
6.11815030093,6.0
6.52597451613,8.0
5.27149952395,6.0
6.26628548528,7.0
5.59139573813,7.0
5.53678251345,4.0
6.05363678346,5.0
5.52211890117,5.0
6.30710117289,6.0
5.35888424758,5.0
6.60130961771,7.0
5.98829316015,6.0
5.67358551393,5.0
5.84431912627,6.0
5.88637424911,6.0
5.79579552605,4.0
5.2762426592,5.0
5.19681320276,6.0
5.53349111683,5.0
5.18666788997,5.0
6.30792732787,6.0
5.39028808821,5.0
5.24122611535,5.0
6.21941874299,6.0
6.44461311564,6.0
6.52693288517,7.0
5.94849952336,5.0
5.19677735528,4.0
6.50971097097,7.0
5.82103942206,6.0
6.28777830123,5.0
5.31965617396,6.0
5.97352161198,6.0
5.80176919206,6.0
5.59642598777,5.0
5.89183051119,6.0
6.25361337082,6.0
5.62792421953,5.0
6.45242941237,6.0
5.80588408128,6.0
5.63645170652,5.0
5.74618108421,5.0
6.02366356652,3.0
6.13955646518,6.0
6.68378743434,7.0
5.22545338188,5.0
6.41048466345,6.0
5.84482204538,6.0
5.79222316787,7.0
6.35569416872,7.0
6.28957188651,7.0
5.62021231778,5.0
6.55471585872,6.0
6.32311526887,6.0
6.80464958628,7.0
5.96786254507,6.0
5.66064030121,6.0
5.34309612442,6.0
6.50957774625,8.0
6.09277980804,6.0
6.57847962444,6.0
5.54692643368,6.0
5.82555671954,6.0
6.22668919667,5.0
6.37636323277,6.0
6.28564079291,7.0
6.13517060646,5.0
5.91633703561,5.0
5.71819522789,5.0
6.30830864363,7.0
5.21810876228,5.0
5.19967325024,5.0
5.5221270569,5.0
5.62937658227,5.0
6.19864498604,6.0
5.73613260894,6.0
5.56856844854,6.0
5.26884083167,6.0
5.17579762642,5.0
6.34762850651,7.0
6.08349449597,6.0
5.71641875102,6.0
5.5053363203,4.0
6.03362076201,6.0
5.40669683402,4.0
6.14582890702,8.0
6.15680934644,5.0
5.1892476501,6.0
5.26950816202,6.0
5.89837818587,7.0
6.59474636142,6.0
5.18590353556,5.0
5.76741303173,6.0
6.14697184769,7.0
5.87131931797,6.0
5.61631141471,5.0
6.04707290707,6.0
6.03342520552,6.0
6.35052858817,6.0
5.48409085965,6.0
5.35108784955,5.0
5.79375950922,7.0
6.38547043517,7.0
5.00423165296,4.0
5.51787090949,6.0
6.15253269676,6.0
6.23528175806,7.0
6.46138877132,7.0
6.00630594687,7.0
5.77777628128,6.0
5.44233070408,6.0
5.7409650754,6.0
5.72947896787,5.0
6.19363378887,4.0
6.35153583482,6.0
6.25005007405,6.0
5.17712824605,6.0
6.34373781375,6.0
5.4558084642,5.0
6.27149732998,7.0
6.373915081,6.0
6.0918492664,7.0
5.83157130462,5.0
6.22791831821,6.0
6.49238221876,6.0
5.96332899994,6.0
6.52319056491,6.0
5.39537043495,5.0
6.18806287727,6.0
6.24994053333,5.0
5.26562704179,5.0
6.37050390676,7.0
5.68046451396,6.0
5.61331725894,5.0
6.26538687789,7.0
5.06937052945,6.0
6.63272729111,7.0
5.64130544105,5.0
6.54906778845,8.0
5.85899854001,5.0
6.00685343966,6.0
5.95728239187,6.0
5.7380784707,5.0
4.68198058898,4.0
6.24608797243,7.0
6.19402130797,7.0
6.03958690678,6.0
6.11815030093,6.0
6.36626194129,7.0
5.87747850627,6.0
5.86605724126,6.0
