0.0080712142
0.4143893898
0.6296065557
0.8011474354
0.8078828686
0.7968483691
0.8071102539
0.8022383734
0.8025637739
0.814541886
0.8025441098
0.8234551516
0.8120224141
0.7944846557
0.8043870109
0.8256378042
0.8265981223
0.8049394498
0.8241553946
0.7909804437
0.8124900983
0.8274521414
0.8080855097
0.8424050955
0.8155014562
0.8193599282
0.8020503808
0.8068045639
0.8290261693
0.8331050001
0.8127244562
0.8081753401
0.7912431475
0.8275211626
0.7611277853
0.8312596868
0.8186697908
0.8311980686
0.8310857243
0.8141445236
0.8359598775
0.8188428514
0.8381617316
0.8303432465
0.8238152059
0.8236277316
0.8051412455
0.827078887
0.7906298034
0.8136316167
0.8041346804
