0.0080712142
0.4390324813
0.06055088
0.7552191306
0.7475656273
0.7619482438
0.0616894606
0.0617843553
0.8153909943
0.8232398028
0.8190921803
0.8194495297
0.7963414164
0.8344389719
0.8140435538
0.8312728435
0.0618698518
0.8270256706
0.8214627111
0.8372747414
0.8271371045
0.8530064194
0.8306635047
0.8361833248
0.7643349686
0.8377257669
0.8312597628
0.843278681
0.816267133
0.7461930128
0.8101040126
0.7439292269
0.8530136739
0.8569097043
0.836398259
0.8323725673
0.8255538982
0.8335939148
0.845155888
0.8248702403
0.8374080773
0.8185520299
0.8221588111
0.0620581086
0.8233603875
0.7712452856
0.8211862573
0.7945954099
0.8148244666
0.8025033096
0.8373691245
