0.96897961
0.9551386651
0.9757244918
0.9782338756
0.980910087
0.9811301543
0.9896241716
0.9880457274
0.9917268629
0.9911104234
0.9925714444
0.9935153979
0.9929949706
0.9917207901
0.9895593212
0.9917207901
0.9917207901
0.9917207901
0.9895593212
0.9895593212
0.9895593212
0.9895593212
0.9895593212
0.9895593212
0.9895593212
0.9925053079
0.9895593212
0.9925053079
0.9895593212
0.9895593212
0.9895593212
0.9895593212
0.9895593212
0.9895593212
0.9895593212
0.9895593212
0.9895593212
0.9895593212
0.9895593212
0.9895593212
0.9895593212
0.9925053079
0.9895593212
0.9895593212
0.9895593212
0.9895593212
0.9895593212
0.9895593212
0.9895593212
0.9895593212
0.9895593212
