0.96897961
0.9580585442
0.9473809105
0.9592990149
0.9601278353
0.9658645643
0.9669852898
0.9718621032
0.9733314531
0.9678569187
0.9612310987
0.9529174676
0.9609405329
0.9666095898
0.9609405329
0.9612310987
0.9672109757
0.9616282961
0.9616538415
0.9612310987
0.9612310987
0.9612310987
0.9612310987
0.9612310987
0.9612310987
0.9612310987
0.9612310987
0.9529174676
0.9612310987
0.9609405329
0.9609405329
0.9609405329
0.9609405329
0.9609405329
0.9609405329
0.9609405329
0.9609405329
0.9609405329
0.9609405329
0.9609405329
0.9609405329
0.9609405329
0.9609405329
0.9609405329
0.9609405329
0.9609405329
0.9609405329
0.9609405329
0.9609405329
0.9609405329
0.9609405329
