2.40E+111
2.74E+36
1.38E+36
1.66E+40
9.95E+56
1.56E+53
1.24E+46
6.04E+39
7.92E+48
8.43E+45
8.03E+48
2.84E+49
5.61E+48
7.43E+64
1.73E+44
5.40E+46
3.35E+48
3.47E+41
1.61E+60
5.24E+45
1.37E+43
8.39E+45
2.17E+50
1.75E+52
6.34E+47
6.73E+49
4.49E+55
2.11E+61
2.85E+55
2.85E+61
3.69E+55
1.58E+61
3.23E+61
2.33E+61
1.68E+49
8.77E+68
2.19E+60
2.12E+60
2.18E+60
2.52E+60
1.02E+61
1.87E+61
4.98E+61
1.03E+43
1.76E+61
1.24E+61
1.25E+61
1.19E+61
2.80E+60
5.87E+48
2.22E+61
2.25E+61
5.59E+61
1.31E+49
1.87E+36
1.94E+61
8.45E+48
6.02E+61
2.21E+61
8.57E+48
1.92E+61
3.01E+66
1.91E+61
4.86E+63
1.90E+61
6.11E+43
1.28E+49
3.72E+43
1.71E+61
3.05E+61
9.76E+43
7.85E+61
3.46E+61
2.64E+61
1.35E+49
1.16E+62
1.90E+44
6.29E+61
1.11E+44
3.85E+48
2.23E+61
1.79E+60
2.18E+61
2.21E+61
5.82E+43
2.29E+61
2.44E+61
3.04E+61
2.29E+61
4.98E+61
2.10E+43
8.08E+61
2.08E+44
7.09E+34
3.04E+61
1.31E+49
1.39E+44
3.71E+43
5.79E+61
3.03E+61
3.03E+61
1.50E+49
6.41E+48
1.96E+61
2.09E+43
1.48E+61
4.28E+68
9.46E+67
3.17E+61
1.25E+61
1.67E+49
4.76E+61
1.39E+61
3.70E+61
3.02E+49
1.98E+49
1.09E+61
8.04E+43
2.07E+43
1.04E+61
2.52E+67
7.24E+49
1.10E+46
3.36E+61
3.66E+61
2.05E+49
5.41E+66
4.29E+43
4.84E+44
5.35E+61
2.71E+61
5.58E+61
2.62E+61
8.39E+43
2.57E+61
4.16E+61
8.46E+48
2.57E+61
4.22E+61
2.52E+43
8.63E+52
1.93E+61
3.92E+61
2.01E+61
3.34E+61
1.99E+61
2.28E+61
2.14E+43
1.82E+44
8.23E+43
6.20E+43
3.98E+43
3.84E+61
8.93E+48
3.12E+49
3.91E+61
1.74E+61
1.93E+61
5.25E+44
4.13E+41
1.64E+39
2.86E+61
1.72E+61
2.58E+43
1.17E+61
3.58E+49
4.06E+42
1.68E+61
1.85E+62
1.71E+61
5.33E+44
2.94E+43
7.25E+49
1.04E+49
7.53E+41
1.34E+53
1.21E+61
8.12E+44
1.21E+61
7.43E+42
8.51E+40
4.11E+43
1.88E+61
1.84E+61
1.83E+61
4.27E+61
4.88E+44
3.72E+61
7.62E+48
1.26E+61
7.64E+54
1.59E+49
1.78E+61
7.92E+47
2.18E+45
3.81E+44
1.86E+61
1.77E+61
1.24E+45
1.77E+61
1.76E+61
2.55E+54
1.85E+61
1.76E+61
2.00E+41
1.34E+45
7.94E+48
1.78E+61
7.91E+48
4.37E+43
3.20E+44
3.64E+43
4.27E+45
8.56E+49
9.37E+43
1.23E+63
1.61E+61
4.47E+43
1.68E+61
1.44E+54
3.25E+35
1.52E+61
2.17E+46
2.04E+43
2.12E+43
1.43E+54
7.90E+49
1.66E+43
8.32E+41
2.45E+59
3.70E+61
1.84E+61
1.56E+50
2.00E+35
4.07E+52
7.25E+40
1.19E+45
3.68E+45
1.60E+61
1.96E+61
1.24E+51
1.78E+45
8.76E+48
1.96E+61
2.21E+61
1.69E+51
2.95E+48
2.42E+42
8.50E+49
1.83E+61
2.69E+44
1.99E+45
5.55E+52
1.47E+43
4.16E+39
3.93E+40
8.42E+49
1.07E+33
4.03E+53
1.84E+61
8.00E+57
1.61E+45
4.03E+53
2.89E+39
5.56E+53
3.35E+49
8.46E+49
3.82E+54
1.11E+41
8.22E+49
9.58E+45
8.28E+49
1.90E+42
3.84E+53
2.57E+43
3.13E+61
1.21E+45
2.94E+54
7.99E+49
1.18E+45
3.09E+40
2.69E+48
1.50E+61
3.57E+43
1.06E+46
1.68E+61
7.26E+48
1.64E+41
4.28E+53
1.19E+45
8.99E+49
5.88E+35
1.03E+61
1.51E+45
1.17E+43
4.20E+36
1.10E+52
4.91E+41
2.71E+45
1.02E+45
8.41E+49
1.08E+41
6.86E+41
1.18E+45
2.02E+45
3.42E+45
8.95E+49
1.21E+43
7.21E+45
8.08E+46
1.73E+58
2.41E+41
6.03E+40
3.63E+53
1.19E+43
1.96E+40
6.87E+42
1.56E+58
9.47E+60
1.57E+58
1.07E+40
8.59E+45
4.74E+45
7.34E+49
1.32E+45
1.26E+45
6.64E+38
1.18E+45
2.91E+53
6.24E+40
5.90E+44
8.17E+45
8.76E+60
2.36E+46
2.90E+53
4.08E+44
4.41E+58
3.59E+51
2.91E+53
2.91E+53
1.26E+45
1.53E+61
7.22E+45
2.73E+40
1.22E+45
1.18E+45
4.66E+53
9.40E+49
6.53E+33
1.64E+61
1.21E+61
3.22E+45
2.20E+53
6.64E+48
1.24E+46
6.78E+36
8.91E+45
1.44E+61
1.26E+51
1.58E+43
3.47E+39
9.40E+49
7.08E+48
3.09E+40
1.00E+46
1.62E+61
1.85E+38
2.13E+52
2.26E+67
7.65E+35
2.45E+43
2.31E+41
6.26E+40
3.16E+45
1.25E+37
1.65E+42
1.02E+42
1.53E+61
1.70E+37
1.56E+43
1.31E+45
5.75E+37
4.39E+39
7.58E+37
2.44E+33
4.30E+45
6.84E+45
3.63E+44
6.29E+45
9.40E+49
3.08E+39
1.30E+43
1.26E+42
3.22E+59
7.37E+45
7.98E+40
3.44E+45
2.73E+35
3.33E+41
7.25E+35
1.20E+46
9.81E+47
1.97E+35
4.49E+41
6.84E+45
1.15E+53
1.20E+43
3.56E+45
5.46E+58
5.77E+58
7.71E+46
1.18E+61
1.15E+53
2.26E+45
2.64E+59
3.95E+38
2.53E+40
1.12E+53
4.33E+45
2.38E+45
1.10E+46
2.63E+45
1.97E+44
1.13E+41
6.29E+41
5.80E+44
1.21E+40
1.62E+37
1.18E+45
4.95E+45
3.05E+45
2.60E+40
1.32E+44
6.84E+45
2.96E+38
4.70E+44
5.56E+45
3.95E+40
1.50E+40
1.39E+39
1.62E+37
6.12E+37
1.04E+42
2.99E+39
7.16E+53
2.90E+39
1.79E+46
7.09E+35
8.54E+45
5.26E+63
5.68E+45
1.21E+34
1.86E+36
9.96E+60
1.53E+52
4.14E+45
3.01E+60
7.37E+46
4.56E+44
2.37E+50
4.44E+30
3.53E+45
5.06E+63
7.30E+41
1.01E+46
5.37E+37
3.98E+44
1.08E+33
8.83E+40
3.62E+41
1.23E+40
2.40E+45
2.32E+45
2.21E+37
4.77E+34
1.86E+46
3.22E+54
2.41E+41
2.02E+53
6.87E+45
7.94E+44
8.64E+45
9.24E+42
7.92E+49
3.41E+45
1.55E+42
2.52E+43
7.49E+45
3.66E+45
5.87E+37
5.28E+46
7.30E+41
9.60E+60
3.40E+41
4.65E+34
3.22E+45
3.09E+41
7.49E+45
5.83E+53
1.09E+37
7.90E+49