39566.01
35861.64
36189.64
36677.02
32379.31
32580.92
31922.1
30302.97
27974.06
28228.97
26673.421
25600.411
23808.571
22718.165
21812.733
21436.419
21359.707
19822.177
18689.967
18313.656
18035.482
17235.354
16852.133
16738.281
16714.501
16392.912
16257.212
15992.382
15782.73
15641.023
15156.646
15123.696
15062.646
14828.818
14610.629
14491.23
14305.338
14201.988
14107.603
13930.214
13856.084
13865.764
13726.825
13577.495
13574.296
13413.879
13274.689
13233.427
13147.872
12926.446
12921.932
12873.45
12841.826
12753.538
12695.959
12669.128
12644.639
12630.239
12566.266
12521.674
12471.503
12393.131
12309.321
12267.926
12237.483
12208.665
12150.171
12098.625
12057.931
11938.183
11918.581
11831.431
11823.881
11783.097
11715.207
11675.657
11643.042
11638.503
11632.734
11519.093
11567.709
11519.164
11464.289
11461.2
11353.251
11310.643
11306.459
11286.883
11237.821
11108.992
11083.44
10970.296
10975.229
10967.107
10936.577
10825.825
10823.084
10715.979
10769.793
10748.27
10591.982
10574.707
10498.609
10560.801
10544.815
10535.101
10517.736
10452.033
10418.388
10400.278
10387.889
10346.294
10249.251
10217.351
10211.045
10162.729
10157.96
10076.569
10036.683
10004.811
9934.939
9926.092
9827.142
9831.171
9796.213
9791.056
9762.554
9674.109
9649.577
9634.102
9576.409
9564.118
9524.28
9514.329
9508.369
9510.787
9487.08
9474.895
9473.607
9464.219
9396.131
9375.555
9374.706
9330.822
9327.171
9307.426
9294.554
9275.9
9257.113
9245.398
9233.111
9198.861
9190.28
9174.677
9159.655
9130.557
9128.931
9102.617
9083.698
9040.861
9034.438
9008.28
9006.103
8979.124
8976.146
8960.229
8953.329
8936.493
8932.203
8911.87
8901.651
8880.167
8863.754
8860.418
8855.374
8832.733
8813.676
8805.244
8800.395
8781.158
8730.686
8675.09
8654.517
8620.128
8624.09
8620.45
8583.485
8586.403
8578.719
8542.367
8526.484
8517.518
8514.896
8507.09
8481.426
8475.14
8456.977
8442.443
8435.882
8434.13
8436.22
8405.223
8395.005
8334.412
8321.843
8353.906
8351.795
8348.245
8308.557
8298.183
8287.578
8283.414
8189.372
8179.19
8176.81
8159.685
8147.884
8144.352
8131.01
8124.341
8110.635
8109.613
8096.363
8093.829
8080.96
8074.732
8071.412
8046.417
8044.23
8037.687
8033.455
8012.433
8015.092
8010.955
7998.18
7986.825
7983.7
7951.341
7938.264
7937.23
7911.262
7898.634
7881.99
7878.867
7874.812
7847.704
7839.952
7830.694
7824.38
7783.266
7780.944
7772.106
7766.036
7747.129
7743.765
7743.515
7734.85
7720.114
7705.821
7669.192
7667.081
7609.747
7609.582
7594.153
7587.852
7582.031
7546.383
7527.67
7521.531
7517.133
7520.762
7510.204
7499.761
7472.938
7463.765
7460.694
7441.213
7435.859
7419.675
7409.407
7408.564
7408.019
7368.056
7356.886
7352.443
7324.408
7311.97
7305.852
7288.284
7285.433
7276.159
7275.305
7267.087
7227.264
7223.201
7217.754
7207.275
7208.932
7202.876
7193.805
7186.582
7181.65
7170.891
7170.356
7149.609
7145.696
7141.288
7137.49
7132.902
7131.001
7105.934
7109.65
7101.105
7092.189
7086.866
7084.358
7068.984
7060.323
7056.717
7047.681
7045.179
7030.829
7026.644
7025.307
7023.147
7018.295
7017.841
7016.153
7009.569
6992.251
6997.771
6979.688
6978.23
6977.897
6966.316
6955.668
6951.462
6950.268
6947.892
6938.711
6937.943
6933.198
6926.587
6918.693
6913.121
6910.983
6888.14
6881.365
6878.442
6880.797
6875.7
6860.617
6857.993
6857.832
6843.316
6827.555
6825.487
6819.412
6810.791
6804.262
6803.221
6796.925
6784.833
6773.413
6763.657
6764.45
6751.125
6741.514
6735.451
6728.63
6726.537
6721.807
6711.473
6705.45
6699.937
6693.586
6692.789
6677.142
6675.769
6674.641
6668.228
6656.891
6664.503
6661.704
6661.7
6657.783
6647.856
6639.809
6637.836
6628.314
6591.924
6581.082
6578.332
6566.766
6563.377
6557.873
6558.1
6553.131
6538.358
6526.565
6528.636
6524.899
6522.481
6515.328
6514.042
6509.046
6505.261
6481.813
6488.663
6476.247
6473.862
6470.856
6468.462
6432.459
6422.655
6408.456
6404.798
6392.627
6389.79
6376.379
6374.854
6360.276
6353.049
6354.191
6351.288
6347.653
6341.66
6334.305
6333.093
6333.415
6333.629
6329.107
6328.943
6322.465
6320.964
6317.006
6308.296
6302.511
6298.517
6294.207
6293.566
6290.235
6279.109
6275.903
6264.805
6264.131
6263.343
6258.566
6251.261
6251.611
6248.416
6235.963
6198.416
6199.713
6194.669
6189.678
6195.419
6183.453
6179.85
6170.049
6175.85
6172.038
6173.249
6170.758
6167.53
6163.977
6159.851
6154.75
6149.83
6141.339
6139.302
6137.397
6131.462
6125.531
6121.701
6108.977
6108.323
6095.688
6096.382
6093.54
6093.203
6091.707
6082.422
6075.545
6072.494
6074.954
6064.8
6062.983
6062.454
6054.99
6055.847
6052.617
6051.455
6041.798
6036.062
6033.506
6026.407
6021.496
6021.496
6018.784
6017.887