2.16E+111
3.70E+38
5.04E+37
1.50E+41
1.26E+57
1.42E+53
1.22E+46
1.09E+43
2.08E+51
1.40E+45
5.14E+48
7.16E+50
4.53E+48
3.44E+51
5.06E+43
7.63E+50
9.67E+52
3.98E+47
4.63E+59
9.09E+49
1.99E+42
3.62E+40
4.49E+45
2.03E+32
4.01E+42
2.37E+45
3.91E+41
1.33E+42
5.90E+41
1.03E+45
4.71E+37
5.88E+44
1.88E+45
2.20E+41
1.57E+36
2.37E+45
5.94E+44
8.22E+41
5.94E+44
5.16E+44
1.16E+34
1.92E+38
3.65E+44
3.65E+48
3.69E+46
8.92E+41
7.90E+28
5.34E+40
3.45E+49
1.59E+45
2.83E+39
2.82E+40
3.17E+49
2.06E+41
2.51E+39
7.42E+37
3.41E+34
4.07E+41
3.53E+36
2.13E+30
6.59E+32
3.02E+44
4.06E+36
7.14E+41
1.89E+35
2.15E+34
1.22E+43
4.74E+30
1.58E+60
6.59E+30
2.32E+47
9.45E+60
7.47E+59
9.80E+53
2.56E+34
3.60E+44
7.08E+40
2.28E+36
2.07E+36
2.60E+44
5.68E+59
1.25E+44
2.97E+51
1.27E+46
9.53E+41
4.43E+37
1.57E+50
2.25E+52
1.17E+44
7.99E+54
3.60E+44
3.60E+44
3.37E+38
1.60E+43
7.35E+36
2.04E+54
8.25E+36
4.52E+68
2.27E+44
2.65E+42
5.45E+34
2.13E+40
3.23E+41
6.01E+37
1.67E+35
4.42E+45
7.32E+35
3.31E+44
7.09E+40
5.67E+52
4.56E+34
3.98E+30
7.18E+40
3.01E+64
3.32E+44
6.91E+45
4.76E+41
1.20E+46
2.29E+38
5.00E+44
1.69E+35
3.60E+44
7.07E+36
2.60E+35
1.91E+35
1.06E+40
3.60E+44
6.03E+42
2.50E+37
4.76E+39
9.83E+38
3.43E+42
5.67E+52
5.07E+41
5.07E+41
3.45E+46
1.05E+40
4.98E+40
7.45E+40
8.10E+43
1.88E+41
6.86E+36
4.96E+44
1.20E+46
3.70E+54
1.08E+42
2.60E+44
4.97E+36
2.14E+44
2.60E+36
1.32E+39
8.06E+39
1.04E+48
3.63E+45
9.03E+84
1.57E+41
8.00E+37
5.07E+41
4.24E+63
1.45E+40
7.84E+39
4.16E+59
1.55E+78
1.18E+70
2.09E+78
9.27E+62
1.22E+49
7.60E+47
2.86E+63
1.66E+41
9.51E+78
2.44E+41
9.27E+62
9.35E+60
3.60E+44
4.77E+44
4.92E+80
2.64E+36
8.44E+38
1.19E+45
5.37E+65
3.90E+119
7.81E+62
1.73E+77
1.82E+72
4.94E+75
2.41E+63
1.09E+66
6.60E+81
2.39E+57
2.76E+95
7.62E+113
2.32E+92
1.31E+66
1.01E+47
9.94E+68
5.89E+71
2.41E+63
1.82E+113
1.56E+64
2.01E+91
5.92E+80
1.35E+59
1.48E+58
1.82E+72
2.00E+82
5.37E+88
6.38E+39
8.75E+39
3.18E+55
1.32E+56
2.59E+67
2.18E+92
7.04E+94
4.00E+40
7.81E+62
1.32E+43
4.16E+59
1.49E+47
7.88E+60
3.68E+64
7.81E+62
6.38E+88
3.12E+47
2.41E+63
7.72E+73
1.62E+80
9.27E+62
8.98E+85
1.30E+66
1.29E+58
2.86E+63
5.26E+78
6.78E+78
5.65E+79
7.37E+46
3.34E+53
2.41E+63
2.83E+54
1.09E+60
3.19E+63
8.49E+66
4.07E+37
1.72E+58
1.93E+47
4.49E+44
7.30E+60
3.19E+47
4.76E+46
3.89E+47
8.18E+37
1.70E+44
2.46E+72
3.52E+54
2.71E+80
1.39E+44
9.22E+57
2.01E+61
1.37E+44
5.22E+43
1.35E+44
9.35E+37
1.56E+46
4.75E+46
5.12E+59
5.19E+45
9.94E+42
3.14E+47
1.56E+38
1.67E+56
1.68E+49
3.14E+47
9.37E+50
4.77E+62
4.75E+46
6.43E+46
1.37E+44
1.00E+40
2.33E+42
3.14E+47
2.83E+56
9.81E+42
4.47E+85
3.78E+45
6.24E+49
1.81E+46
6.19E+54
2.48E+51
4.78E+42
1.58E+59
2.96E+44
4.18E+50
4.75E+44
6.73E+97
8.17E+45
1.33E+39
1.19E+38
6.30E+41
1.68E+46
8.91E+47
5.82E+55
1.64E+46
1.59E+47
6.87E+32
1.86E+40
2.37E+43
5.64E+46
1.58E+44
2.10E+39
1.11E+40
2.96E+44
2.96E+44
3.93E+43
4.05E+35
5.05E+31
1.30E+41
4.55E+38
2.77E+43
1.31E+38
2.39E+42
4.60E+44
6.64E+38
5.42E+38
2.93E+42
3.89E+38
3.38E+35
5.24E+35
1.39E+44
3.87E+44
1.76E+37
2.69E+47
1.05E+39
1.67E+44
2.96E+43
5.49E+55
1.54E+65
8.21E+44
4.97E+49
2.63E+39
4.92E+42
5.83E+60
3.79E+47
1.67E+44
1.59E+34
2.64E+47
5.87E+43
6.21E+39
2.47E+30
9.05E+43
2.55E+42
7.44E+40
2.06E+47
8.80E+37
1.46E+44
2.95E+51
1.46E+44
8.72E+37
6.79E+35
3.48E+35
5.76E+45
1.54E+44
2.21E+49
3.46E+35
5.07E+42
8.78E+38
1.22E+55
2.95E+51
1.36E+40
3.89E+42
3.60E+50
1.67E+41
1.46E+44
1.67E+44
1.30E+50
1.91E+42
3.88E+48
2.36E+47
3.52E+33
6.59E+49
2.62E+38
1.35E+48
6.18E+39
1.76E+44
3.82E+51
1.17E+38
1.11E+43
4.55E+38
8.74E+43
2.01E+72
1.89E+48
2.65E+47
1.24E+38
1.14E+44
1.11E+43
4.85E+39
1.33E+39
4.06E+35
2.31E+35
2.69E+47
4.11E+40
3.36E+38
5.32E+35
1.64E+38
2.70E+47
1.32E+41
1.25E+68
6.37E+44
1.22E+47
7.55E+37
6.38E+44
4.30E+40
6.56E+34
6.72E+39
1.48E+35
8.16E+35
3.45E+40
2.68E+38
1.46E+36
3.56E+38
4.64E+34
1.15E+46
7.99E+58
1.09E+58
7.25E+40
5.43E+46
9.87E+40
8.03E+51
2.27E+39
1.08E+38
2.65E+38
5.28E+38
3.33E+47
3.28E+36
1.61E+38
1.10E+40
1.31E+35
1.18E+47
8.58E+63
1.11E+43
1.26E+35
1.61E+38
2.43E+35
2.42E+38
4.18E+34
1.29E+43
9.82E+40
4.29E+40
2.39E+42
5.12E+38
1.54E+39
1.18E+35
3.95E+36
1.38E+40
4.29E+40
1.07E+40
4.88E+40
1.47E+31
8.90E+39
1.18E+43
2.38E+39
1.28E+31
3.99E+43
1.31E+52
2.20E+38
7.35E+43
7.55E+44
1.61E+38
1.03E+35
1.73E+35
9.44E+38
4.74E+38
2.74E+35
3.38E+42
9.09E+38
1.87E+40
7.56E+39
3.10E+38
1.27E+38
3.09E+41
1.29E+46
3.03E+39
2.20E+38
9.82E+36
6.37E+44
9.40E+43
1.30E+36
4.52E+29
3.64E+38
8.18E+44
1.26E+35
1.55E+39
6.38E+38
1.22E+41
2.38E+39
7.55E+45
2.39E+41
5.84E+40
8.22E+40
1.11E+38
7.39E+47
1.90E+36