59145.39
55936.32
54175.43
51885.61
46550.12
44680.35
44642.15
41457.96
39566.26
37632.28
34511.56
31770.51
29493.78
28016.46
28684.34
28034.33
26952.55
26076.29
24177.37
23912.36
23016.89
22904.82
22324
22464.97
21938.47
21822.56
21043.87
20811.52
20697.31
20588.68
20341.7
19936.67
19745.57
19992.44
19845.23
19754.57
19666.77
19617.73
19560.69
19456.66
19490.82
19403.48
19122.87
19026.55
18955.49
18848.06
18682.06
18370.28
18256.75
18250.03
18182.25
18004.2
17915.07
17940.91
17896.63
17888.89
17783.04
17725
17591.65
17557.75
17434.88
17341.62
17216.38
17104.18
17066.17
17026.22
17022.04
16986.54
16934.27
16898.35
16800.73
16759.73
16728.65
16690.74
16710.6
16650.11
16627.69
16567.46
16555.86
16509.92
16451.22
16420.94
16382.17
16354.25
16342.01
16283.11
16244.84
16026.16
16013.53
15957.39
15947.77
15929.43
15761.36
15781.11
15716.45
15708.53
15667.42
15659.49
15660.69
15555.36
15563.86
15517.69
15511.55
15494.61
15474.14
15418.38
15373.22
15359.26
15343.2
15251.42
15240.34
15218.32
15207.45
15188.66
15147.93
15140.27
15098.56
15091.43
15080.48
15074.76
15009.02
14989.03
14982.01
14946.58
14913.84
14903.77
14885.09
14849.93
14793.02
14790.09
14756.14
14748.42
14730.42
14724.33
14706.62
14695.02
14683.3
14625.75
14626.02
14621.41
14617.41
14599.09
14542.61
14543.68
14525.57
14504.39
14497.67
14458.52
14453.7
14434.73
14378.41
14361.01
14347.38
14336.23
14324.05
14287.13
14289.51
14256.96
14231.86
14221.63
14223.29
14190.2
14191.4
14173.87
14125.37
14149.87
14138.73
14132.27
14092.46
14041.64
14020.22
13999.4
13998.24
13986.57
13935.54
13917.8
13913.37
13906.57
13896.68
13866.83
13856.41
13838.35
13830.93
13822.73
13797.87
13795.4
13775.47
13754.43
13736.5
13739.81
13707.81
13685.28
13674.55
13672.18
13644.85
13641.64
13622.71
13634.65
13588.58
13549.27
13541.8
13529.1
13526.81
13517.58
13496.33
13498.74
13477.68
13408.91
13402.49
13387.109
13365.299
13352.058
13348.488
13333.878
13332.113
13331.341
13309.015
13267.215
13252.211
13228.341
13233.19
13193.379
13220.21
13197.429
13149.311
13133.072
13110.252
13096.018
13098.401
13086.33
13060.6
13076.417
13051.527
13043.322
13041.368
13031.561
13031.391
13023.449
13005.819
12983.809
12974.929
12963.33
12951.478
12933.338
12924.174
12929.745
12899.027
12876.887
12870.537
12851.333
12836.363
12827.613
12824.044
12815.934
12776.903
12770.13
12753.244
12753.304
12746.761
12727.25
12719.998
12672.098
12652.994
12643.033
12638.682
12618.021
12611.768
12608.918
12614.544
12610.3
12594.36
12573.198
12536.898
12525.013
12522.373
12509.061
12498.001
12486.326
12485.105
12479.809
12463.949
12442.159
12444.828
12421.321
12410.609
12397.118
12394.748
12377.638
12369.691
12365.026
12366.266
12355.978
12341.229
12319.149
12319.986
12318.327
12317.577
12314.757
12309.504
12279.701
12271.357
12267.705
12262.285
12260.709
12261.219
12256.371
12243.671
12229.661
12225.651
12199.527
12191.213
12186.323
12188.653
12171.463
12170.253
12151.687
12144.557
12143.752
12128.645
12125.494
12119.024
12109.264
12088.294
12088.452
12080.838
12076.848
12077.934
12074.134
12071.688
12060.219
12057.651
12057.107
12045.517
12040.557
12028.599
12003.768
12000.492
11998.976
11963.643
11909.33
11914.59
11906.999
11903.549
11893.481
11887.901
11887.465
11882.072
11873.508
11863.079
11862.253
11857.118
11855.627
11838.977
11834.399
11819.249
11803.079
11785.365
11773.444
11777.981
11777.307
11766.119
11763.059
11754.935
11735.897
11667.62
11662.32
11661.91
11655.864
11660.139
11653.358
11642.987
11635.597
11634.257
11636.305
11633.186
11619.138
11619.364
11611.709
11606.7
11604.154
11599.466
11595.555
11587.863
11586.823
11586.765
11567.915
11567.909
11563.676
11554.251
11544.329
11539.409
11539.581
11536.4
11530.527
11533.317
11515.576
11517.236
11510.429
11506.444
11502.825
11500.396
11498.097
11488.357
11485.976
11477.349
11466.594
11467.55
11458.809
11458.111
11453.829
11444.776
11442.258
11424.681
11394.087
11403.157
11398.787
11396.98
11395.07
11393.382
11389.96
11385.33
11367.69
11361.467
11358.872
11347.762
11348.315
11347.596
11349.84
11339.632
11337.524
11336.799
11326.961
11323.711
11276.571
11274.407
11260.472
11234.632
11233.809
11226.327
11219.152
11218.929
11212.693
11205.264
11204.118
11200.099
11186.076
11183.437
11179.077
11173.803
11162.991
11163.201
11155.442
11151.455
11144.038
11143.259
11126.146
11113.042
11076.838
11106.002
11100.465
11096.728
11094.2
11079.801
11082.241
11075.5
11071.97
11069.37
11057.908
11052.613
11042.529
11035.776
11034.524
11026.709
11021.658
11018.041
11015.423
11017.802
11004.009
10998.136
10994.728
10983.876
10982.64
10979.379
10977.228
10970.2
10970.354
10970.084
10964.135
10962.229
10957.687
10954.736
10944.194
10942.019
10943.187
10937.267
10932.211
10909.051
10909.543
10907.458
10907.426
10903.277