tex_1_seed_01.txt	tex_1_seed_02.txt	tex_1_seed_03.txt	tex_1_seed_04.txt	tex_1_seed_05.txt	tex_1_seed_06.txt	tex_1_seed_07.txt	tex_1_seed_08.txt	tex_1_seed_09.txt	tex_1_seed_10.txt	AVG
36334.7	37183.4	36268.5	37189.3	37410.1	36526.6	35845.7	37196.1	37179.3	37589.6	36872.33
31196.7	33164.2	31748.1	32705	34507.7	30911.9	27839	32116.1	32933.4	34852.9	32197.5
23281.5	24504	24220	25636	27302.4	24638.5	19444.3	25693.6	27178.1	27336.3	24923.47
20640.1	19248.6	22981.3	21931	23810.1	19689.3	15890.4	19413.7	23484.7	20997.4	20808.66
17774.9	17592.9	19538.4	18310.7	20549.8	15916.6	17308.4	19152.2	21015.6	18367.9	18552.74
18427.5	19135.1	19172.4	17065.7	17959.8	15831.5	17457.6	19438.7	20441.3	16968.6	18189.82
17480.7	19481.6	18959.5	15577.6	18378.4	16546.5	16032	17148.6	22233	17159.8	17899.77
18745.7	18677	19813.5	15809.6	17235.6	14454.5	16562.3	17918.5	19225.5	19596.6	17803.88
18109	19298.7	21814.7	15966.6	19708	15681	17711	18233.3	17973.1	17627.8	18212.32
18615.6	17369.3	18518	16868.9	16304.4	17358.3	18004.6	16989.6	19951.5	16973.2	17695.34
15369.5	18133.5	18425.1	15972.9	17227.8	14803.2	20803.4	16624.7	19246	15925	17253.11
17489.2	19004.7	15828.6	15713.2	15679.8	15766.5	22181.8	15601	17487	16173.5	17092.53
18345.8	17985.5	18614.9	16993.5	14824.3	15008.3	17417	16210.3	16353.1	16381.4	16813.41
17615.6	17762.6	15868	16450.3	14988	14623.2	17468.9	16295.8	18718.4	16647.6	16643.84
14863	15775.3	15888.3	15870.5	17412.7	14837.2	15913.7	14938.8	15897.8	14518.1	15591.54
16076.8	17039.5	15442.3	17286.6	16989.8	14644.9	18918.3	15900.9	17555.3	17128	16698.24
16339.1	15302.4	17635	17210.4	16730.1	15836.2	17720.6	15865.5	17143.6	15267.3	16505.02
17876.4	14819.8	15870.6	16814.5	16560.7	14717.1	15302.8	14504.5	17740.7	15035.1	15924.22
16504	14628.8	15800.6	18265.1	16147.6	14690.1	15677.1	13174.2	16629.4	15391.3	15690.82
15826.1	15345.7	15289	18412.7	15377.2	13616.9	17039.1	14941.2	15190.6	14429.1	15546.76
14039.5	14903.6	15911.9	17761	15263.1	13119.9	16335	13354.4	16118.5	14797.3	15160.42
17092.2	14279.4	14716.7	15969.2	14747.4	13248.3	16573.3	13396.4	16653.6	13482.9	15015.94
16722.3	14665.7	15541.2	16484.1	15061.1	12572.6	17083.3	13355.1	16210.9	14980.2	15267.65
14069.1	13780.1	13855.5	15854.4	13886	12829.1	14817.2	13078.2	15072.8	13112.7	14035.51
16045.4	14796.9	14681.3	16782.6	13598.9	13075.3	16322.3	13338.9	14080.7	12865.3	14558.76
15028.2	13700.7	13936.9	15291.7	12614.1	13034.7	15904.3	12959.6	13892.2	12371.5	13873.39
14954.4	15227.9	12897.9	15583.5	13987.2	13613	16623.7	13235.7	17535.4	12391.8	14605.05
13716.2	13248.2	14897.2	15969	12969.7	12177.6	16112.4	12630.4	13531.3	11228.5	13648.05
13396.8	13448.9	14522.4	16255.1	13331.6	13641.3	15216.5	12963.9	15365.9	11611.5	13975.39
14793.5	12307.4	13413.7	14162.9	13051.3	13125.4	14697	13289.5	14578.4	12633.2	13605.23
13967.5	12545.9	14992.7	16107.5	13050	11935.7	15332.3	13721.9	12483	12847.4	13698.39
14623.8	11235.3	14535.8	15249.7	13098.4	13404.8	16295.8	12842.6	13253.9	10841.4	13538.15
14642.9	11823.7	12843.3	15386.7	13067.2	13101.9	16368.1	13097.3	12814.7	11375.5	13452.13
13598.3	12332.6	14093.5	15066.6	13568.9	12543.1	17802.7	12242.9	14367.4	11688.1	13730.41
14559.1	11235.4	13110.1	15139.3	12434.7	13239.5	15547	12969.5	12870.4	10762.1	13186.71
13633.3	11346.3	13878.6	14891.7	12685.1	12535.7	17049.6	12188.8	13455.4	11494	13315.85
12841.7	12088.7	12715.5	13764.7	12679.3	12530.6	17744.5	12845.1	12420.5	9682.17	12931.277
13051.6	12438.1	12749.5	13965.8	12685.5	12294.9	18089.1	12550.6	14274.9	9391.32	13149.132
14720.2	12995.6	13735.7	15455.1	12363.5	12689.1	16589.1	11805.2	12878.3	9311.37	13254.317
13963.7	11200.5	13868.1	14394	12478.9	12376.2	16337.3	11511.7	13070.6	10227.1	12942.81
14485.8	11855.9	12846.1	14264.1	12285.8	12222.9	14434.5	11097.6	13270.2	9336.19	12609.909
12413.3	11424.3	12673.5	14402.1	13032.6	12577.9	14433.3	12722.5	13053.2	9440.28	12617.298
13417.9	12506	11815.1	14908.5	12098.8	12307.2	15958.1	11751.5	12780.7	8885.17	12642.897
15762.9	11346.5	12087.5	15726.9	11849.5	12895.2	16922.1	10973.6	12946.2	9490.88	13000.128
13805.1	11979.2	11619.8	13317.6	12802.1	11946.5	16688.3	11561	12450.6	9689.02	12585.922
13653.3	10079.2	12067.1	14914.2	11802.9	12730.9	15630.3	11380.3	11713.4	9014	12298.56
12787.1	11730.5	11764.4	13665.9	11753.3	12202.4	17712.9	11636.1	11976	9038.57	12426.717
14126.5	10823.4	11375.9	15436.1	12030.4	12594.3	15183.3	11611.4	11673.6	8691.69	12354.659
14190.7	10801	12153.2	14321	12844	12017.6	14504.3	11472.1	11645.9	8374.56	12232.436
14040.1	10895.2	11489.8	13354.5	12657.1	12704.1	16653.5	10936.2	12021.4	8461.58	12321.348
13040.4	10341.2	11487.2	13377	13372	13080.5	14830.9	10778	12152.3	8723.16	12118.266
