tex_3_seed_01.txt	tex_3_seed_02.txt	tex_3_seed_03.txt	tex_3_seed_04.txt	tex_3_seed_05.txt	tex_3_seed_06.txt	tex_3_seed_07.txt	tex_3_seed_08.txt	tex_3_seed_09.txt	tex_3_seed_10.txt	AVG
36088.1	36953.7	36430.9	37299.4	37550.7	36584	35784.3	37316	37252.9	37596	36885.6
31123.3	32451.2	31885.5	33583.3	35251	31463.7	28287.8	32312	33347.8	34308.9	32401.45
23834.8	24647.3	24372.9	27754.4	28690.2	25478.6	22428.4	26800.4	26291.7	27041.7	25734.04
20329.4	22116.3	21523.8	22338.8	23646.3	21604.7	16524	21549.7	21616.6	20416.8	21166.64
18731.3	16049	20714.8	18876.1	20074.9	19768.8	17394.1	17821	17721.9	19449.6	18660.15
21592	19322.8	19141	17756.7	19172.3	19591.5	16371.2	18808.2	18066.6	16428.1	18625.04
20780.8	17789.2	19230.9	19316.2	18469.5	18981	16821.6	20150.4	17384	14437.6	18336.12
20730.7	15923.4	17210.6	19630.3	19398	18191.5	17719.7	19861.8	17829.7	19279.2	18577.49
19586.8	17528.9	16701.8	24106.3	19316.3	19374.6	18673.5	20145.7	21632.1	17670.9	19473.69
20579.5	15567.2	18444.3	22794.8	16250.5	18103.4	18328.1	20024.2	19307.7	18818.9	18821.86
17329.9	12517.9	17623	23208.1	15566	17478.1	19596.7	17248.2	22166.4	17660.5	18039.48
17065	13420	16425.6	22524.9	14149.2	16250.9	18846.8	19716.6	17849.9	16238.7	17248.76
15165.3	12551.6	16192.8	21782.5	15515.4	15538.2	19592.2	18547.7	18071	18018	17097.47
14822.2	12102.4	15263.6	21696	14497.8	15640	19278.2	18902.6	18212.1	15765.8	16618.07
14101	10352.4	19909.2	18018.3	13683.1	16409.1	16861.9	17971.3	17003.6	15938.4	16024.83
13389.8	11344.7	16014	17890.4	13570.8	13920	18256.1	20409.3	18585.9	14412.6	15779.36
14720.5	11202.1	17938.8	13561.9	12594.6	14598.2	17472.1	17348.1	17848.8	13860.4	15114.55
14286.4	11308.9	16246.2	13550.7	13368.3	13944.1	15061.1	17491.8	16090.1	12502.1	14384.97
13659.3	10184.3	15304.9	15860.6	10832.2	13791	15207	14338.1	15538.2	13630	13834.56
13475.9	10334.8	11828.6	12704.4	12535.9	14275.5	15176.7	15132.6	16956.8	12193.8	13461.5
14330.9	9167.28	12520.6	12554.7	12576.1	12914.4	15903.7	13026.7	16697.3	13615.9	13330.758
15396.6	9552.63	12312.8	11264.4	10988.1	12357.5	14326.6	12659.3	16361.3	12525.2	12774.443
12978	8838.22	10794	11510	12710.3	13025.5	13706	12420.5	13425.8	12111.1	12151.942
11045.9	9345.53	9779.94	10176.3	9853.63	15195.5	14889.3	11030.7	12540.1	13014.3	11687.12
9767.57	9565.25	9810.15	9805.4	11413.7	10799.3	13008.1	11024.2	14026.9	9911.49	10913.206
8713.48	9646.23	9984.17	10587.4	11598.8	10336.7	14248.9	10398.1	12033.6	11703.7	10925.108
8720.16	8197.13	9596.48	10150.1	11618.8	11663.9	13575	10245.1	14639.5	11129.1	10953.527
9327.43	9095.64	9427.24	10248.8	10915.5	9746.49	12405.6	10246.1	14650.7	10519.8	10658.33
9869.53	8218.79	9929.86	9308.22	10706.2	9495.93	11764.7	9502.29	15533.6	10267	10459.612
9145.03	9334.01	10076.5	9026.79	9732.08	9797.8	12993.2	9829.51	14838.7	11312.6	10608.622
10005.5	7025.79	9469.46	10649.8	9783.25	10212.2	12241.3	9993.12	12455.8	13290.3	10512.652
8812.46	7760.97	8871.52	10402.9	10811.6	9183.43	11895.7	9291.03	12743	10537.6	10031.021
9204.61	7979.98	8728.3	11990.8	9006.54	9415.84	11984.8	8847.52	13373.7	11177.3	10170.939
8656.26	7815.38	8584.71	11338.4	9575.84	8995.13	11464.4	8497.49	11215.7	11640.6	9778.391
8499.8	8049.89	8501.84	11688	10639.2	9082.57	11716.4	8208.74	11309.7	10128.1	9782.424
7791.54	7335.01	7976.87	9648.94	9673.61	7890.7	11711	8272.7	10482.8	10522.7	9130.587
7655.97	7166.75	7360.04	9861.42	9369.97	8073.17	12006.2	8043.22	10641.5	10939.6	9111.784
7659.09	7729.67	7825.53	9825.55	10376.4	7249.16	11714.2	8464.54	9779.64	10478	9110.178
7427.19	7269.41	8245.3	8723.93	9290.63	10119.3	11602	8539.84	9812.3	10021.9	9105.18
7300.62	6954.41	7873.66	8105.9	9450.99	9346.49	12176.9	8454.3	9634.99	10223.5	8952.176
7236.26	7814.15	7322.26	7267.87	10170.9	8698.42	10884.7	9063.45	11055.6	9944.18	8945.779
7325.2	7528.96	7586.97	7171.76	10902.3	10170.6	10690.9	7655.99	10048.8	10095.1	8917.658
7502.75	7178.72	8141.5	7535.36	9867.7	9338.67	11436.7	8443.36	9320.88	10409.3	8917.494
7835.74	7422.27	7610.88	7349.92	9404.86	7949.67	11944.1	8513.19	9269.32	10652.4	8795.235
7352.81	7940.9	7828.78	7266.01	9885.47	7691.36	11262.3	7552.9	8554.39	9975.49	8531.041
7898.79	7574.63	8262.31	7513.46	10402.5	7764.72	11005.6	7737.47	8449.94	10052.1	8666.152
7388.33	8175.07	7336.55	7078.33	9125.39	7708.04	11451.9	7709.74	9490.49	10055	8551.884
7604.75	7466.87	6954.52	7870.76	9332.8	8539.21	11382.1	7715.76	9268.57	11355.8	8749.114
7483.13	7387.58	7129.7	7167.99	9702.6	8724.34	11003.6	8359.06	9284.1	10623.5	8686.56
7272.82	7475.94	7838.43	5228.48	9637.63	9592.31	11970.2	8134.05	9724.26	9855.88	8673
7691.24	8330.96	7295.16	5706.75	10026.1	7906.52	11406.9	7107.67	9267.1	10498.1	8523.65
