tex_4_seed_01.txt	tex_4_seed_02.txt	tex_4_seed_03.txt	tex_4_seed_04.txt	tex_4_seed_05.txt	tex_4_seed_06.txt	tex_4_seed_07.txt	tex_4_seed_08.txt	tex_4_seed_09.txt	tex_4_seed_10.txt	AVG
36462.3	37584.9	36159.2	37051.9	37515.9	36369.6	36428.8	37345	37366.5	37539.5	36982.36
30583.4	33798.6	31550	32316.6	34263.2	30553.2	29337.4	32865.9	33728.3	34355.2	32335.18
23430.6	23920.6	24138.8	25881.1	25377.4	24032.5	21248.4	27145.9	28138.5	25123.1	24843.69
20145.8	18395.3	22789.5	23178.9	24822.2	18909.9	16833.1	19635.1	23705.1	21838.7	21025.36
16804.7	16910.3	20405.5	17563.6	21903.3	18006.6	17511.5	17848.2	22562.5	19745.5	18926.17
17647.3	19020.5	19184.6	16916.6	19270	18388	15729.3	16173.7	19227.8	18765.4	18032.32
17345.5	18980.2	16834.1	15462.7	20055.7	16401	15633.2	17272.4	20516.4	16149.5	17465.07
17011.1	17392.3	16002.5	15282.8	15687	16636.8	18512.2	17847.3	19004.4	15750.7	16912.71
17872.4	18678.3	18869.5	16375.5	15383.9	16666.9	17916.9	14853.7	17734.8	16185.5	17053.74
17727.5	19607.1	16937.7	16242	15268.6	16553	17753.8	17833.7	19551.5	14873.6	17234.85
17321	16092.2	16409.9	16707.9	15627.2	16937.6	17687.1	15021.9	19604.2	14558.6	16596.76
19581.6	16774.1	15629.6	16813.5	15136.7	16287.8	19127.9	14509.3	17030.2	17372.8	16826.35
18122.2	15895.4	18263.4	17999.5	14880.4	18102.4	18553.2	16076.6	19289.5	15760.4	17294.3
16086.4	16535.6	17173.3	17116.3	14855.7	16555.2	17990.4	14619.6	17211.8	15435.5	16357.98
16497.1	16501.2	16480.3	17737.3	14068.5	18288.9	15737.4	13188	17809	16469.2	16277.69
16717.7	14616.2	15541.2	15610.5	14319.7	16349.4	18331.7	14624.5	15204.1	17428.4	15874.34
17630	14163	14111	16007.7	12773.8	17036.9	18131	13313.9	16665.2	13382.3	15321.48
17177	13331.1	15011.3	17004.7	13108.5	18134.1	18655.9	11744.4	15985.2	11059.4	15121.16
14132.3	13650.4	15777.1	16168.9	12938	17079.3	17614.1	9224.24	14221.7	12842.7	14364.874
14147.1	13840.4	12997.5	18293.5	12387.8	14543.2	17604.9	11241.2	12878.2	11683.4	13961.72
14737.4	12937.6	13853.8	16937.5	10375.9	16599.5	17389.9	10045.6	12652.2	14371.5	13990.09
14309.9	13008	14459.7	18779.5	8951.14	14872.1	18022.2	10320.5	13945.6	10826.9	13749.554
14826.2	13916	14165.9	19445.6	8747.83	13389.8	18022.3	10369	12962.2	11793.2	13763.803
13289.5	12777.2	13857.2	19229.5	7846.44	13239	19031.5	8191.17	11542.8	11212.7	13021.701
14466.8	12946.4	13494.9	16699.1	7790.53	14208.8	17472.5	9154.12	10772.8	11804.2	12881.015
13443.6	14028.8	13162.8	18554.4	7040.81	13321.5	18809.1	9299.59	10445.2	13090	13119.58
14173.7	13392.2	13180	18624.1	6714.08	14587.6	16000	8483	10554.4	12944.8	12865.388
14244.5	13827.6	12777.5	19254.2	8474.16	13500	15803.8	8457.98	10724.1	11118.3	12818.214
12884.7	14563.3	12502	17319.8	6704.72	14147.4	14622.1	7451.31	9581.81	10397.4	12017.454
14032.5	14350.4	13515.1	16418	7020.97	14471.7	15911.5	7426.11	9804.13	12363.4	12531.381
12670.6	14425.8	13607.6	16683.3	6323.51	14071.8	14567.9	7332.18	8627.28	12235.5	12054.547
13393.4	12385	13040	16107.2	7461.21	13318.6	15252.6	6324.06	9899.55	10547.5	11772.912
14336.3	14765.2	13103.8	14083	6892.47	13175.6	14337.8	7035.4	10065.7	11257.3	11905.257
13484.2	13739	13180	16731.9	7512.89	14405.9	15315.2	6750.59	8721.95	12169.9	12201.153
13104.3	14088.5	12588.8	16266.5	7086.96	13208.6	15381.8	7055.11	9374.21	12184	12033.878
12866.1	14432.6	15687.2	17019.3	7032.18	13388.6	15108.2	7522.04	8541.78	10862.3	12246.03
13123.8	14491.9	12930.3	14545.9	6515.54	13481.8	14118.9	6488.59	9470.05	11187.5	11635.428
13053	15177.9	14744.7	16701.6	6615.96	12913.1	14952.5	7783.11	9084.65	9959.65	12098.617
12865.1	12806.5	13185.8	14170.5	6906.58	13514.7	15628.7	7647.14	9422.4	9995.29	11614.271
13169.7	13200	12862.6	13946.5	7455.78	13373.8	15169.2	7678.62	9750.6	10575.4	11718.22
13016.4	14223.1	12290	13411.2	8620.01	13515.7	13346.9	7692.98	9193.32	10872.7	11618.231
12935.9	12970	10845.6	14158	7909.09	13512.9	13573.4	7590.48	9539.91	10371.1	11340.638
13060.5	13649.3	9569.96	13151.3	7401.77	14478	13362.4	7398.55	8906.97	10113.2	11109.195
13052.1	13745.8	11212.2	13140.9	7729.62	13224.7	14372.9	7084.58	9209.82	7626.68	11039.93
12806.7	12616.9	11890.2	14070.9	6572.06	13047.5	14412.6	7280.11	8814	9519.8	11103.077
12650.7	13343.1	8798.02	13348.5	6462.36	13025.2	14982.9	6923.98	8658.23	9957.69	10815.068
13036.3	13648.6	8492.94	13702.6	6274.5	13009	14374.3	7371.46	9585.55	8713.89	10820.914
12549.5	12227.7	9417.54	12608	6404.98	13527	14963.1	7133.66	8839.91	10422	10809.339
12867.9	11810.7	9332.17	13157.4	7802.98	14562.9	13398	6802.28	8806.01	8969.14	10750.948
12639.5	13010.9	8243.34	12931.6	7230.38	14246.2	13392.3	7466.72	8867.03	11772.1	10980.007
12592.7	12121.5	8340.67	12505.1	7421.01	13188.8	13826.6	6898.81	8584.23	8773.6	10425.302
