0.063103865
0.210863925
0.213246544
0.067667862
0.063193037
0.066723699
0.184373049
0.219391309
0.074892176
0.074057372
0.211503849
0.233498291
0.228448157
0.064406922
0.067946505
0.234768341
0.074715465
0.231842081
0.065201433
0.241385643
0.291679732
0.210541333
0.249215702
0.209696602
0.252301886
0.06696886
0.286609562
0.080503933
0.078083782
0.204748564
0.247984298
0.210828534
0.235515902
0.078491889
0.075937201
0.077575393
0.077575393
0.068378532
0.068869626
0.071932668
0.074527002
0.077575393
0.074377447
0.077399289
0.14697753
0.069276041
0.078491889
0.077575393
0.252846865
0.080715895
0.078250042
0.080187299
0.078055076
0.077121826
0.077575393
0.074411184
0.079763565
0.069280322
0.077512064
0.174257038
0.075067538
0.074464729
0.076680062
0.07639621
0.080187299
0.078491889
0.08170683
0.075499903
0.068470166
0.072383379
0.086738204
0.078148158
0.07734403
0.075111818
0.064191974
0.08170683
0.165885566
0.076325003
0.079828606
0.078491889
0.068470519
0.077049138
0.078314093
0.068470356
0.080169173
0.077575393
0.08170683
0.076930662
0.076680062
0.174563476
0.276356889
0.078491889
0.078491889
0.078365305
0.077575393
0.077575393
0.270139584
0.078491889
0.234157071
0.078491889
0.078491889
0.165888358
0.080714199
0.08170683
0.078491889
0.077512064
0.073381874
0.078871181
0.078491889
0.078365305
0.078365305
0.226804726
0.078491889
0.264984818
0.078250042
0.078491889
0.077575393
0.081708568
0.078491889
0.078491889
0.077575393
0.078250042
0.08170683
0.078491889
0.078055076
0.078491889
0.295103615
0.245960572
0.077049138
0.078491889
0.185359647
0.263346066
0.078055076
0.078491889
0.077575393
0.077575393
0.280860258
0.077575393
0.077399289
0.076167236
0.165889403
0.078365305
0.16871814
0.078365305
0.229526802
0.077572931
0.230049955
0.188338533
0.078491889
0.275354775
0.165577919
0.086738204
0.260578924
0.078055076
0.078491889
0.165890893
0.078491889
0.077575393
0.077575393
0.078491889
0.165888984
0.272994003
0.078365305
0.077201202
0.228920499
0.078491889
0.160434228
0.230165501
0.230043722
0.078491889
0.078491889
0.196562644
0.080187299
0.272274271
0.078161904
0.078491889
0.078117274
0.078491889
0.077575393
0.078491889
0.073652196
0.279447527
0.079282654
0.084950745
0.078491889
0.076124962
0.075076577
0.078491889
0.077575393
0.140058651
0.178290806
0.288108963
0.078491889
0.078491889
0.254844565
0.078491889
0.077575393
0.229547167
0.296144335
0.242736057
0.162980996
