0.3123653713
0.3513274615
0.3686454511
0.3769389034
0.38282625
0.3863280045
0.3885309028
0.3890277145
0.3899969676
0.3911663759
0.3919816481
0.3922801103
0.3928769282
0.3937655656
0.3938471305
0.394283364
0.3944463499
0.3945406938
0.3949046924
0.395636517
0.3959817794
0.3960495673
0.3966477142
0.3969456715
0.3975017998
0.397853045
0.3980791161
0.3985857825
0.3989568786
0.3990982742
0.3994793269
0.3997781292
0.3999299658
0.4002561382
0.400829471
0.4010656286
0.4013483393
0.4018202808
0.4022355756
0.4028061811
0.4031579895
0.4034372841
0.4036747954
0.4040874854
0.4043362411
0.4047425323
0.4048808266
0.4050987093
0.4053547247
0.4055372795
0.4056137865
0.4056939577
0.4058304474
0.40591208
0.4060738233
0.4061692823
0.406288204
0.4063789485
0.4064558749
0.4066184915
0.4066786496
0.4068290058
0.406895256
0.4069546997
0.4070874086
0.4071121577
0.4073318686
0.4073847436
0.4074622543
0.4075506502
0.4076084809
0.4076935827
0.4077481171
0.4078004636
0.4078938923
0.4079808581
0.4080617393
0.408174894
0.4082807759
0.4085674334
0.4084893481
0.4086059493
0.4087963481
0.4089841283
0.4093411348
0.4094450374
0.4094669573
0.409505296
0.4096342878
0.4097267978
0.4097642114
0.4098004733
0.4098310125
0.4098559916
0.4099102411
0.4099608819
0.4101245391
0.4101578472
0.4102204839
0.4102539848
0.4103058984
0.4103243098
0.410360844
0.410406329
0.4104621675
0.4105078722
0.4105417401
0.4105817786
0.4106516855
0.4106639887
0.4106929897
0.410763674
0.4108241321
0.4108728443
0.4109272487
0.4109458192
0.4109656538
0.4110432772
0.4110660874
0.4111115198
0.4111619439
0.411178233
0.4112341008
0.4112895231
0.4113203317
0.4113842774
0.4114337015
0.4114400583
0.4114692193
0.4115167673
0.411535924
0.4115675568
0.4116021636
0.4116229383
0.4116562108
0.4116568408
0.4116737178
0.4116919843
0.4117122587
0.4117262455
0.4117367242
0.4117696
0.4118074262
0.4118453338
0.4118910396
0.4119204028
0.4119539134
0.4119773721
0.412014861
0.4120667955
0.4121106992
0.4121219846
0.4121455022
0.4121770085
0.4122048804
0.4122265377
0.4122568031
0.4122900231
0.4124043006
0.4124341928
0.412495793
0.4125243716
0.4125555831
0.4125775616
0.4125996744
0.4127883674
0.4128107479
0.4128820491
0.4128881573
0.4129084624
0.412930037
0.4129597423
0.4129639792
0.4129941522
0.4130211818
0.4130456814
0.413071654
0.4130962467
0.4131134921
0.4131373013
0.4131811477
0.4132238028
0.4133105405
0.4133260318
0.4133766739
0.4134060011
0.4134470771
0.4134858185
0.4135117322
0.4135966009
0.4136208064
0.4136462444
0.413654911
0.4136725754
0.4136851699
0.4137322046
0.4137496804
0.4137836234
0.4137885657
0.4138323251
0.4138703848
