paramSet_01.txt	paramSet_02.txt	paramSet_03.txt	paramSet_04.txt	paramSet_05.txt	paramSet_06.txt	paramSet_07.txt	paramSet_08.txt	paramSet_09.txt	paramSet_10.txt	paramSet_11.txt	paramSet_12.txt	paramSet_13.txt	paramSet_14.txt	paramSet_15.txt	paramSet_16.txt	paramSet_17.txt	paramSet_18.txt	paramSet_19.txt	paramSet_20.txt
2453.5 	1189.59	2770.39	1811.89	750.611	3967.12	1657.81	1495.61	582.237	1878.24	1130.83	2986.81	599.638	2620.57	521.233	1362.78	404.496	583.192	1539.95	1492.19
340.03 	739.326	1287.82	610.315	715.275	653.951	503.479	1553.67	480.181	860.589	560.208	807.8  	557.475	487.822	521.233	567.355	520.797	583.192	1216.21	473.604
340.03 	739.326	719.999	631.751	480.735	527.054	503.479	656.407	451.184	639.534	428.836	391.51 	456.258	413.672	494.815	563.945	389.075	357.469	660.932	473.604
335.356	484.736	463.513	575.368	427.756	527.054	503.479	475.206	423.392	554.992	408.679	394.449	435.183	413.672	515.958	402.675	389.075	350.192	464.165	449.658
335.356	412.151	446.012	438.456	410.992	429.973	370.759	475.206	369.872	465.024	362.975	393.851	436.125	413.516	494.815	385.239	326.049	350.192	407.785	463.713
335.356	412.151	402.979	438.456	410.992	408.558	370.759	398.302	361.032	426.72 	342.17 	361.398	436.125	388.36 	410.201	412.824	317.316	350.192	407.785	361.935
331.269	381.588	424.157	369.191	410.992	359.983	371.146	398.302	349.854	411.666	342.17 	364.691	432.716	388.349	410.201	370.301	312.989	349.729	359.707	356.969
324.552	365.142	399.128	369.191	409.83 	359.851	376.7  	417.484	346.851	407.91 	342.17 	353.719	423.948	373.573	410.201	358.293	311.062	334.281	403.307	352.259
321.598	365.142	389.348	366.452	397.206	359.851	376.7  	395.646	346.851	387.846	341.76 	359.363	388.71 	372.953	404.401	356.083	311.062	334.281	403.307	352.259
321.576	362.492	381.204	366.452	397.206	359.851	371.962	375.631	346.851	383.326	341.76 	350.921	388.71 	362.65 	403.349	346.478	310.053	334.281	345.549	352.259
310.899	364.908	381.204	365.802	392.344	359.851	354.561	381.464	334.935	376.218	341.76 	350.921	388.349	358.135	372.843	341.982	306.652	334.281	345.549	352.259
310.191	364.721	368.762	366.452	392.344	359.851	354.561	381.464	334.935	379.381	341.76 	346.765	385.374	351.265	383.475	328.033	306.627	334.18 	340.789	352.259
308.56 	363.853	381.204	363.311	387.206	359.851	354.338	356.11 	334.935	379.381	341.76 	346.765	385.374	354.567	377.323	310.544	307.549	326.981	337.364	343.335
307.942	363.853	381.204	363.311	387.206	359.851	353.937	347.142	334.935	379.381	341.76 	346.765	365.221	351.265	363.59 	331.061	306.526	318.088	313.671	311.359
307.305	362.562	380.463	361.588	383.425	358.173	353.942	342.387	334.935	374.002	341.76 	346.405	365.221	350.925	356.247	328.033	305.639	318.088	298.379	350.204
301.556	356.82 	378.556	356.215	383.425	354.064	353.052	342.418	342.31 	373.334	341.76 	345.89 	366.351	348.367	356.247	305.04 	305.232	318.088	298.379	347.964
300.219	356.82 	378.556	356.215	380.845	353.556	351.846	341.193	334.935	373.313	341.76 	345.89 	366.351	348.367	356.247	304.78 	301.429	318.088	298.379	349.709
300.219	356.688	377.189	350.562	380.845	351.681	351.846	340.972	334.935	373.191	341.76 	345.89 	366.351	348.367	356.23 	304.877	301.152	318.088	298.379	349.709
300.07 	354.832	374.727	352.785	380.845	351.675	351.071	336.241	334.935	372.787	341.55 	345.89 	366.351	347.506	351.214	304.487	301.152	318.088	285.515	340.466
296.2  	350.808	373.592	339.67 	380.845	351.606	343.598	335.529	323.733	372.283	325.201	345.125	366.351	344.862	351.214	304.209	301.152	315.313	285.515	332.304
296.2  	350.808	372.945	346.819	378.588	351.182	343.598	329.218	316.86 	371.623	325.201	344.766	365.221	343.871	351.214	303.064	299.981	315.313	285.515	313.012
295.58 	349.997	374.208	346.819	375.853	350.79 	343.598	329.026	316.86 	370.259	341.539	342.697	365.221	344.376	350.001	303.064	299.537	310.209	284.119	304.576
293.935	350.049	370.86 	343.52 	370.764	350.746	340.212	303.071	309.583	370.259	341.539	342.697	365.144	343.896	341.822	302.402	299.537	307.733	279.078	313.012
293.646	349.988	362.295	339.921	375.521	349.024	340.212	296.37 	302.307	370.259	341.539	342.697	364.382	343.896	341.812	302.295	299.255	307.301	279.078	309.191
293.432	322.715	362.295	339.921	373.255	345.618	340.212	296.37 	300.625	366.076	341.539	342.697	364.382	343.8  	337.735	301.376	298.37 	305.45 	278.819	302.867
288.202	317.377	362.295	339.921	370.638	340.748	340.212	295.612	300.625	363.08 	341.539	342.697	361.842	343.585	334.942	301.376	298.272	303.42 	278.819	298.902
288.202	313.141	360.111	338.928	372.282	340.748	338.264	292.985	299.747	363.08 	341.539	342.556	361.842	340.466	332.353	301.076	298.272	303.42 	278.413	295.271
288.034	308.19 	360.111	335.256	370.809	340.748	339.306	295.368	264.833	360.46 	340.165	340.49 	361.842	341.355	332.364	301.076	298.272	303.071	278.038	295.271
288.034	308.19 	357.49 	335.256	370.03 	340.748	338.618	293.574	255.227	363.239	339.068	329.2  	361.287	338.16 	330.099	301.076	297.581	300.802	277.518	295.269
288.034	308.19 	357.49 	334.393	369.5  	340.679	338.618	293.355	255.227	358.997	338.202	328.471	359.831	338.16 	329.994	301.006	297.581	300.802	273.713	295.108
277.374	305.746	357.49 	334.393	361.371	340.748	337.337	293.297	250.345	355.72 	338.202	326.931	359.831	338.045	329.351	300.969	296.991	300.802	272.135	295.108
277.374	305.746	357.49 	332.48 	360.834	340.317	335.273	290.228	250.871	355.184	338.202	325.176	350.236	333.281	328.625	298.702	296.929	300.802	272.135	294.908
277.374	305.746	357.424	329.628	360.834	338.84 	334.819	290.228	252.31 	348.22 	338.202	324.533	350.236	333.024	326.875	298.702	296.743	300.337	271.951	294.908
277.319	304.744	357.424	329.628	353.686	338.84 	334.107	288.976	252.31 	335.404	338.202	322.776	350.236	333.108	326.766	298.702	296.523	299.592	268.485	294.472
276.159	304.744	356.005	324.649	353.686	331.059	331.884	288.976	249.188	331.683	338.202	322.776	329.683	333.096	320.714	298.702	296.523	299.312	268.679	293.942
276.159	304.744	356.005	322.216	353.686	331.016	331.795	288.152	249.188	324.058	338.202	315.644	329.683	331.879	320.714	298.271	296.517	298.144	268.679	293.806
274.759	304.744	349.476	322.216	353.686	329.688	330.82 	288.152	248.94 	314.745	337.5  	315.025	324.097	331.803	322.994	298.271	296.387	297.632	268.679	293.806
274.069	303.498	347.046	322.216	342.944	327.215	322.692	287.14 	247.775	312.197	337.5  	314.256	324.097	328.884	316.787	298.228	295.686	297.632	268.679	293.219
274.069	303.498	347.046	320.459	335.205	325.977	307.865	287.14 	247.1  	311.118	337.5  	312.853	324.097	327.887	312.173	298.024	295.686	296.732	267.807	293.176
274.069	303.498	341.135	318.405	329.853	327.013	307.865	286.494	247.1  	309.621	333.951	310.049	308.231	321.202	312.234	298.024	295.729	293.725	264.638	293.105
273.435	303.498	341.135	316.3  	329.853	325.529	297.1  	282.733	246.977	309.621	333.951	309.736	303.686	317.762	310.765	298.024	295.729	295.407	263.583	290.884
273.3  	303.082	339.18 	318.625	326.497	323.478	292.141	282.733	245.598	309.501	332.787	309.724	303.686	313.698	306.748	298.024	295.508	293.85 	262.807	290.884
271.984	303.082	333.205	318.319	326.497	323.478	291.191	282.903	245.598	309.448	332.787	307.676	303.062	305.354	306.748	298.022	295.439	293.85 	262.136	290.884
271.899	303.082	328.213	316.554	323.51 	323.429	284.547	282.903	245.036	307.246	331.441	306.728	299.832	305.354	299.481	298.022	295.025	293.138	260.478	290.884
271.515	302.291	328.213	316.226	321.603	323.429	284.547	281.883	244.612	307.033	328.023	307.577	297.574	304.512	299.481	297.404	288.171	293.138	257.805	290.884
271.515	302.494	328.213	313.927	319.355	321.362	280.175	281.883	243.998	305.698	328.023	306.758	297.574	303.132	285.05 	297.404	288.171	291.784	254.628	290.884
271.515	302.494	322.644	313.927	319.076	321.335	280.025	281.883	243.488	303.143	328.023	305.962	297.574	302.665	285.05 	297.404	288.171	290.66 	254.628	290.884
271.416	302.332	321.726	313.253	314.666	320.445	278.165	281.883	242.972	302.428	328.023	303.707	295.142	302.665	285.01 	297.404	285.501	290.28 	254.628	290.884
271.003	301.784	316.209	313.575	313.605	320.445	275.912	281.883	241.954	302.428	328.023	303.707	295.142	298.699	285.01 	297.404	282.894	290.28 	252.016	289.477
271.003	301.784	316.209	312.301	312.198	318.638	273.689	281.883	240.912	301.674	328.023	303.687	295.142	293.941	284.727	297.404	282.509	289.596	251.684	289.477
270.997	299.99 	316.209	312.301	309.992	319.589	273.689	281.883	240.405	301.397	326.549	302.911	295.142	293.941	284.466	297.404	282.509	289.688	251.684	289.477
270.816	299.99 	316.209	312.105	309.592	319.354	273.689	281.883	240.308	299.477	326.549	302.735	293.755	293.904	284.436	297.404	282.144	289.633	250.215	289.477
270.713	299.99 	312.349	311.546	309.058	317.519	273.689	281.596	239.966	299.477	326.143	302.735	293.755	291.574	284.198	297.404	282.144	289.541	249.676	289.477
269.514	299.788	312.252	311.546	309.035	317.519	273.471	281.252	238.953	299.477	326.143	302.639	293.755	291.574	284.018	297.332	279.535	289.131	249.499	289.477
269.514	299.062	311.829	308.506	307.996	317.519	269.229	281.252	238.953	298.828	325.761	300.921	293.546	291.574	284.018	297.306	279.535	288.459	249.499	289.477
268.832	299.062	311.828	308.155	307.746	317.38 	269.229	281.109	238.953	296.768	326.331	300.34 	293.529	290.794	284.005	297.218	279.535	285.266	249.499	289.477
268.832	299.062	310.69 	307.368	306.087	317.008	269.229	281.109	238.845	296.768	326.159	300.34 	292.958	287.532	283.697	297.306	279.535	285.266	249.499	288.158
268.832	298.949	307.416	307.368	306.283	317.008	269.229	281.109	238.374	295.256	326.042	300.32 	292.355	289.71 	283.462	297.306	279.535	284.556	246.863	288.158
268.785	298.114	307.416	307.368	306.283	317.008	269.229	280.304	238.374	295.225	326.042	300.094	292.355	287.668	283.395	297.304	279.535	282.954	246.746	287.739
267.761	298.114	307.416	306.054	306.058	317.008	268.776	280.304	238.374	291.153	322.518	299.652	290.987	287.557	283.462	297.017	279.226	282.954	246.746	287.739
266.069	298.114	307.366	306.054	306.055	317.008	268.759	280.304	238.319	291.153	322.518	298.511	290.987	286.215	283.293	297.304	279.211	282.329	246.746	287.739
266.069	298.204	304.293	306.054	305.242	317.008	267.848	280.304	238.319	291.085	320.505	298.254	289.132	283.868	283.293	296.978	279.211	282.329	246.291	287.739
266.069	297.721	304.293	305.679	305.242	317.008	267.449	280.283	238.319	290.969	321.439	298.254	289.132	283.825	282.959	296.961	277.026	282.029	245.655	286.425
266.068	298.204	302.863	305.679	304.843	316.969	267.176	280.283	238.319	289.454	321.439	297.766	289.132	283.825	282.959	296.961	276.685	281.036	245.911	286.425
266.068	296.9  	299.88 	305.679	304.184	316.894	266.984	280.283	238.319	289.427	321.439	297.261	289.132	283.347	282.785	296.955	276.685	279.994	242.793	286.425
265.997	296.9  	299.88 	305.679	303.553	316.367	266.842	279.948	238.026	288.584	322.438	297.261	289.035	283.347	282.758	296.955	276.685	279.994	242.793	286.425
265.416	296.9  	299.88 	305.679	302.974	316.558	265.665	278.82 	238.026	286.998	315.506	296.261	287.43 	283.05 	281.906	296.94 	274.824	279.994	242.793	286.425
265.416	295.986	299.562	304.845	302.846	316.558	265.665	278.82 	238.026	286.763	315.506	296.058	287.43 	283.05 	281.906	296.94 	274.526	279.987	241.548	286.425
265.152	295.986	299.171	303.856	302.122	316.558	265.288	278.82 	238.026	284.725	315.965	296.058	287.43 	282.317	281.57 	296.475	274.526	279.722	241.548	286.425
265.152	295.986	297.665	303.856	299.608	316.558	264.255	278.82 	238.026	284.402	315.965	296.058	286.779	282.317	281.403	296.467	274.526	278.963	241.537	286.425
264.615	295.836	297.665	303.37 	296.698	316.558	264.156	278.82 	238.026	286.007	315.965	296.058	287.198	281.098	281.361	296.467	273.739	278.963	241.188	286.425
264.026	295.633	297.665	302.95 	296.698	316.558	263.623	278.82 	238.026	282.647	315.965	295.299	286.877	280.949	281.361	296.467	273.739	278.963	240.828	286.425
264.026	295.633	297.119	302.95 	295.751	316.558	263.317	278.528	238.026	282.647	315.689	295.299	286.877	280.911	281.113	296.467	273.739	278.168	239.992	286.425
264.026	295.557	297.119	302.95 	295.751	316.558	262.393	278.528	237.846	282.647	315.211	295.285	286.413	280.653	281.075	296.467	272.063	278.168	239.992	286.425
264.026	295.553	294.782	302.405	293.982	316.098	262.393	278.528	237.846	282.61 	314.083	295.285	286.202	280.653	280.794	296.467	272.063	278.168	239.442	286.425
264.018	293.886	294.782	302.278	293.982	315.966	262.393	278.361	237.846	281.478	312.483	294.483	286.202	280.552	280.204	296.467	272.063	277.69 	239.442	286.425
263.982	293.818	294.782	302.278	291.714	315.966	261.912	278.361	237.846	281.478	310.547	294.483	285.383	280.409	280.204	296.467	272.063	277.25 	239.315	286.425
263.982	293.595	294.49 	300.884	288.866	315.912	261.032	278.358	237.726	281.478	309.692	294.483	285.383	280.409	280.204	296.467	272.063	277.25 	237.161	286.425
263.618	291.172	294.49 	300.884	288.866	315.912	261.032	278.358	237.726	281.363	306.469	293.786	285.268	280.363	280.081	296.467	272.063	276.117	237.161	286.425
262.611	291.172	292.101	300.884	287.652	315.852	260.876	278.358	229.376	280.7  	301.14 	293.143	285.207	280.316	279.517	296.467	270.322	276.117	237.161	286.425
262.611	291.172	292.101	300.379	287.629	315.696	260.207	278.358	237.324	280.615	300.827	293.143	285.207	280.171	279.517	296.457	270.322	276.117	237.161	286.425
262.611	290.375	292.101	300.379	287.629	315.696	260.207	278.358	234.369	280.606	298.559	293.143	284.96 	280.258	279.113	296.457	270.322	276.117	234.735	286.425
262.526	290.375	291.881	300.269	287.426	315.696	259.811	278.358	233.736	280.453	286.809	293.143	284.96 	280.258	278.129	296.457	270.196	275.87 	234.957	286.425
262.526	290.375	291.813	300.269	285.859	315.696	259.803	277.743	232.264	280.242	279.459	292.647	284.96 	280.226	275.516	296.457	270.196	275.87 	234.957	286.425
261.668	268.426	290.413	300.156	285.322	315.696	259.505	277.743	230.59 	280.242	279.459	292.647	284.941	280.147	275.516	296.457	270.196	275.87 	234.585	286.425
262.307	266.721	290.413	299.392	284.757	315.696	258.994	277.743	230.59 	279.677	275.898	292.427	284.694	280.147	275.568	296.457	269.991	275.611	234.585	286.425
262.12 	268.426	290.113	299.392	283.711	315.696	258.716	277.743	230.59 	279.677	275.718	291.707	284.694	279.966	275.503	296.457	269.991	275.196	234.585	286.425
262.084	268.426	290.113	299.012	283.711	315.696	258.716	277.743	230.171	279.639	275.583	291.707	283.702	279.966	274.692	296.457	269.991	275.196	234.482	286.425
262.084	267.777	290.113	298.369	282.726	315.521	256.493	277.743	225.583	279.206	275.352	291.707	284.694	279.966	274.692	296.457	269.991	275.196	233.628	286.425
262.084	266.154	288.703	298.369	282.482	315.521	256.493	277.71 	225.583	279.206	273.379	291.347	284.53 	279.966	274.09 	296.457	269.623	275.196	233.399	286.425
262.009	266.154	287.826	298.196	282.482	315.521	256.334	277.71 	225.583	279.206	273.103	290.715	284.406	279.671	274.068	296.457	269.623	275.049	233.349	286.425
261.757	266.154	287.826	297.659	282.482	315.521	255.701	277.71 	224.512	279.206	272.886	290.715	284.406	279.671	274.068	296.457	269.623	275.049	233.318	286.425
261.757	266.154	286.718	297.659	282.482	315.514	255.66 	277.71 	225.018	279.206	272.342	290.34 	284.406	279.671	274.068	296.457	269.623	274.783	232.846	286.425
261.757	266.154	286.435	297.659	282.458	315.266	255.66 	277.71 	225.018	279.206	271.804	290.34 	284.063	279.671	274.068	296.457	269.47 	274.783	232.549	286.425
261.6  	266.113	286.435	296.634	281.969	315.266	255.66 	277.71 	223.157	279.161	271.442	290.34 	284.063	279.448	274.025	296.457	269.623	274.783	232.549	286.425
261.6  	266.113	286.435	296.634	281.735	315.266	255.257	277.71 	223.207	278.755	269.759	289.717	284.063	279.448	273.904	296.457	269.623	274.718	232.48 	286.162
261.6  	260.337	286.434	296.634	279.101	315.266	254.961	277.627	222.556	278.755	267.626	289.717	284.063	279.448	273.69 	296.457	269.623	274.718	231.694	286.425
261.6  	260.337	286.137	296.057	279.101	315.179	254.961	277.71 	222.201	278.692	267.626	289.365	283.82 	279.423	273.457	296.457	269.623	274.718	231.342	286.425
261.501	260.337	285.858	296.057	279.101	315.179	254.846	277.71 	221.805	278.632	266.822	288.083	283.82 	279.423	273.457	296.457	268.811	273.881	231.327	286.425
261.4  	260.337	285.858	295.52 	279.101	314.793	253.752	277.623	221.805	278.632	266.822	287.912	283.82 	279.288	273.457	296.457	268.811	273.881	231.327	286.425
259.987	258.279	285.858	295.52 	279.101	315.12 	254.329	277.623	221.761	278.347	265.879	287.912	283.82 	279.288	273.388	296.455	268.811	273.932	231.298	286.425
259.987	258.279	285.858	295.028	279.101	315.12 	254.329	277.623	221.648	278.347	265.626	287.912	283.82 	279.254	273.193	296.455	268.811	273.932	231.007	286.425
259.987	258.073	285.571	295.028	278.712	315.12 	254.321	277.623	221.266	278.347	265.626	287.096	283.599	279.177	272.846	296.455	268.811	273.932	231.007	286.425
259.987	258.073	285.571	295.028	277.958	315.065	253.966	276.507	220.863	278.107	265.193	287.195	283.599	279.034	272.846	296.455	268.811	273.932	231.007	286.425
259.987	258.024	285.426	294.322	277.958	315.065	253.966	276.507	220.618	277.918	264.045	286.837	283.362	278.909	272.846	296.455	268.239	273.536	231.007	286.425
259.89 	257.434	285.426	293.253	277.958	314.896	253.541	276.507	220.618	277.918	263.453	286.837	283.599	278.383	272.846	296.455	268.239	273.357	231.007	286.425
259.53 	257.434	285.267	293.253	277.407	314.596	253.541	276.507	220.425	277.918	263.325	286.837	283.391	278.383	272.22 	296.455	268.239	273.357	231.007	286.425
259.298	257.288	284.969	293.108	277.373	314.413	253.247	276.507	220.406	277.7  	263.036	286.837	283.391	277.26 	272.22 	296.455	268.239	273.357	231.005	286.425
258.889	257.288	284.906	293.108	276.467	314.039	253.134	276.507	220.33 	277.677	262.104	286.837	283.391	275.799	272.22 	296.455	267.651	273.357	230.747	286.425
258.889	257.288	284.819	292.712	276.467	314.039	252.908	276.507	220.28 	277.228	262.777	286.567	283.391	275.799	272.11 	296.455	267.651	273.357	230.747	286.425
258.889	257.288	284.23 	292.712	276.466	314.039	252.861	276.438	219.886	277.541	261.519	286.537	283.391	275.799	272.22 	296.453	267.651	273.357	230.558	286.425
258.618	257.223	284.23 	292.289	276.125	313.797	252.499	276.181	219.886	277.541	261.519	285.999	282.907	275.799	271.259	295.148	267.651	273.357	230.557	286.425
258.087	257.223	284.23 	292.712	275.378	313.797	252.381	276.181	219.827	277.539	258.816	285.257	282.907	275.799	271.355	295.148	267.651	273.267	230.545	286.425
258.087	257.223	284.175	291.928	275.331	313.276	251.995	276.181	219.377	277.413	258.816	284.822	282.88 	275.03 	271.347	295.148	267.651	273.267	230.543	286.425
258.087	257.223	284.175	291.872	273.983	313.276	251.995	276.181	219.377	276.756	257.303	284.822	282.711	275.03 	271.347	295.148	267.366	273.267	230.543	286.425
257.905	257.223	284.175	291.872	274.786	312.662	251.313	276.181	219.069	276.756	257.303	284.822	282.711	275.03 	271.347	295.148	267.366	272.876	230.543	286.425
258.087	257.223	283.964	291.872	274.707	312.662	251.313	276.181	218.537	276.756	257.149	284.822	282.704	275.03 	271.316	295.148	267.261	272.876	230.013	286.425
257.843	257.223	283.964	291.757	274.002	312.662	251.294	276.168	218.537	276.818	256.506	284.045	281.225	274.321	271.316	295.148	267.261	272.876	228.919	286.425
257.177	257.223	283.964	291.757	274.002	312.662	251.294	276.118	218.491	276.818	256.127	284.045	281.225	274.321	271.281	295.129	267.261	272.747	228.559	286.425
257.177	256.922	283.48 	291.623	273.97 	312.662	250.959	276.118	218.536	276.696	255.895	283.369	281.173	274.114	271.275	294.822	267.261	272.238	228.559	286.425
255.413	256.922	283.48 	291.493	273.817	312.501	250.792	276.118	218.255	276.696	255.209	283.369	280.798	274.114	271.275	294.822	267.261	272.238	228.559	286.425
255.413	256.922	283.48 	291.493	273.817	312.501	250.628	276.118	218.255	276.554	254.794	283.369	280.798	274.106	271.275	294.822	267.261	272.238	228.088	286.425
255.413	256.922	283.48 	291.146	273.149	312.069	250.474	276.118	218.083	275.184	254.794	283.369	279.828	274.106	271.275	294.822	267.261	272.238	228.088	286.425
254.556	256.922	282.439	291.146	273.149	311.937	250.474	276.118	218.083	275.184	253.764	282.382	279.8  	274.105	271.275	294.822	267.261	272.238	228.088	286.425
254.556	255.723	282.439	291.146	273.149	311.926	250.33 	276.118	217.948	275.063	253.764	282.382	279.8  	273.963	271.177	294.822	267.261	272.238	227.674	286.425
254.556	255.723	282.439	291.146	273.101	311.926	250.022	276.118	217.87 	275.063	253.486	281.603	277.145	273.963	270.972	294.822	266.917	272.238	227.674	286.425
254.353	255.723	282.001	290.763	273.149	311.926	249.844	276.118	217.87 	275.063	252.61 	281.603	277.145	273.904	270.972	294.599	266.917	272.238	226.361	286.425
254.353	255.723	282.001	290.763	272.899	311.926	249.844	276.116	217.82 	275.063	252.503	281.603	277.102	273.904	270.972	294.599	266.917	272.224	226.361	286.425
254.02 	255.723	282.001	290.763	272.979	311.926	249.785	276.109	216.688	275.063	252.454	281.603	277.078	273.724	270.972	294.599	266.917	272.183	225.969	286.425
253.876	255.723	282.001	289.819	272.121	311.926	249.73 	276.089	216.688	275.085	251.776	281.483	276.397	273.72 	270.972	294.599	266.917	272.183	225.969	286.425
253.837	255.723	282.001	289.819	272.121	311.81 	249.73 	276.089	216.688	274.257	251.776	281.483	276.114	273.68 	270.972	294.577	266.917	272.109	225.969	286.425
253.242	255.723	281.603	289.819	272.084	311.774	249.73 	276.089	216.563	273.614	251.592	281.445	276.114	273.68 	270.972	294.577	266.659	272.109	225.969	286.425
253.231	255.723	281.603	289.543	272.084	311.393	249.558	274.981	216.15 	273.614	251.592	281.445	276.114	273.564	270.972	294.577	266.659	272.056	225.969	286.425
253.231	255.723	281.372	288.967	272.048	311.393	249.558	274.816	216.15 	273.614	251.592	280.946	276.114	273.564	270.972	294.577	266.659	272.056	225.958	286.425
253.231	255.723	281.372	288.967	272.048	311.346	249.104	274.816	216.15 	273.614	251.362	279.767	276.114	273.541	270.972	294.307	266.659	271.876	225.911	286.425
253.231	255.723	281.372	289.478	271.943	311.346	249.104	274.78 	216.016	273.614	251.362	279.767	276.114	273.419	270.972	294.439	266.659	271.876	225.619	286.425
253.231	255.723	281.219	289.219	271.943	311.346	249.069	274.78 	216.016	273.614	251.116	279.767	276.038	273.419	270.881	294.439	266.552	271.607	225.623	286.425
253.231	255.179	281.129	289.219	271.943	311.346	249.029	274.744	215.693	273.614	251.116	279.588	276.038	273.305	270.881	294.439	266.552	271.607	225.616	286.425
252.729	255.723	281.169	288.6  	271.929	311.346	249.093	274.667	215.693	273.614	250.881	279.588	276.038	273.27 	270.773	294.404	266.05 	271.607	225.616	286.425
252.729	255.723	281.154	288.6  	271.521	311.346	248.835	274.667	215.449	273.614	250.881	279.588	276.038	273.27 	270.773	294.404	266.05 	271.607	225.521	286.425
252.646	255.723	280.855	288.6  	271.521	311.346	248.699	274.667	215.449	273.614	250.881	279.376	276.004	273.27 	270.773	294.404	266.05 	271.607	225.521	286.425
252.729	255.723	280.855	287.609	270.316	311.346	248.699	274.667	215.449	273.549	250.699	279.376	276.004	273.234	270.773	294.404	266.05 	271.607	225.521	286.425
252.729	254.457	280.737	286.954	270.316	311.346	248.254	274.667	215.449	273.449	250.684	279.376	275.993	273.143	270.773	294.404	266.05 	271.553	225.521	286.425
252.546	254.457	280.737	286.954	270.316	311.283	248.243	274.588	215.449	273.449	250.164	278.19 	275.993	273.05 	270.76 	294.397	266.05 	271.473	224.997	286.425
252.546	254.457	280.488	286.951	270.302	311.283	246.618	274.588	215.214	273.449	250.185	278.19 	275.793	272.031	270.76 	294.397	266.05 	271.473	224.997	286.425
252.487	254.457	280.684	286.951	270.259	311.283	246.618	274.588	214.101	273.392	250.112	277.919	275.742	272.031	270.76 	294.19 	266.05 	271.017	224.997	286.425
252.343	254.457	280.629	286.625	270.237	309.366	246.618	274.467	214.101	273.392	250.183	278.157	275.742	272.031	270.545	294.397	266.05 	271.017	224.847	286.425
252.343	254.457	280.459	286.322	270.143	309.366	246.618	274.226	214.101	273.392	250.178	277.324	275.685	272.031	270.545	294.397	266.05 	271.017	224.847	286.425
252.183	254.457	280.459	286.322	270.143	309.366	246.33 	272.612	214.101	273.374	250.178	277.324	275.626	272.031	270.76 	294.397	266.05 	270.944	224.124	286.425
251.875	254.457	280.459	286.294	270.139	309.365	246.257	272.612	214.101	273.374	250.034	277.324	275.522	271.875	270.638	294.397	266.05 	268.119	224.124	286.425
251.875	254.457	280.095	286.294	269.443	309.36 	245.961	272.573	214.08 	272.978	250.034	277.324	275.505	270.881	270.638	294.397	265.698	268.119	224.124	286.425
251.751	254.457	280.095	286.009	269.443	309.36 	245.961	272.522	214.101	272.978	249.943	277.207	275.469	271.137	270.759	294.397	265.698	268.119	223.613	286.425
251.652	254.457	280.043	285.361	269.443	308.793	245.961	272.573	214.101	272.848	249.796	277.154	275.469	271.137	270.759	294.397	265.698	268.062	223.613	286.425
251.324	254.457	280.043	285.361	268.756	308.793	245.961	272.212	214.101	272.848	249.851	276.884	275.469	270.454	270.754	294.397	265.698	268.062	223.613	286.425
251.324	254.359	279.906	285.361	268.756	308.793	245.832	272.212	213.982	271.808	249.851	276.496	275.452	270.367	270.754	294.397	265.698	268.062	223.613	286.425
251.14 	254.359	279.298	285.361	268.756	308.357	245.873	272.212	213.982	271.808	249.851	276.496	275.452	270.454	270.634	294.397	265.59 	268.062	223.376	286.425
250.332	254.359	279.298	285.349	268.756	308.295	245.56 	272.062	213.982	271.662	249.778	276.096	275.419	270.454	270.634	294.397	265.59 	268.062	223.187	286.425
250.332	254.359	279.276	285.189	268.057	308.295	245.56 	271.796	213.982	271.808	249.778	275.923	274.474	270.397	270.626	294.397	265.59 	268.035	223    	286.425
250.144	253.954	279.276	283.727	268.057	308.295	245.358	271.585	213.982	271.808	249.717	275.923	274.474	270.327	270.626	290.478	265.59 	268.035	221.28 	286.425
250.086	253.478	279.276	283.727	267.938	308.295	245.358	271.585	213.982	271.144	249.717	275.923	274.474	270.183	270.638	290.478	265.384	267.538	221.28 	286.425
249.582	253.478	279.276	282.289	267.938	308.295	245.358	271.585	213.89 	269.625	249.625	275.714	274.337	269.743	270.638	290.478	265.384	267.538	221.28 	286.425
249.582	253.478	278.706	282.289	267.938	308.295	245.358	271.309	213.89 	269.32 	249.625	275.472	273.958	269.743	270.638	290.478	265.158	267.482	221.28 	286.425
249.582	253.478	278.79 	282.289	267.635	307.229	244.837	271.309	213.817	269.313	249.625	275.472	273.958	269.536	270.626	290.478	265.158	267.482	221.28 	286.288
249.273	253.478	278.711	282.289	267.635	307.229	244.837	271.309	213.817	269.313	249.621	274.951	273.729	269.536	270.626	290.478	265.158	267.482	220.844	286.288
249.224	253.478	278.473	282.289	267.635	307.229	244.837	271.052	213.736	269.313	249.516	274.276	273.729	269.437	270.626	290.478	265.142	267.285	220.974	286.288
249.062	251.143	278.473	280.889	267.635	307.135	244.52 	271.052	213.736	268.984	249.49 	274.276	273.729	268.761	270.626	286.033	264.234	265.953	220.895	284.875
249.062	250.961	278.473	280.889	267.226	306.882	244.52 	270.711	213.736	268.984	249.49 	274.275	273.729	268.761	270.626	286.033	264.234	265.953	220.481	284.875
249.062	250.961	278.263	280.889	267.226	305.892	244.52 	270.711	213.736	268.425	246.939	274.275	273.686	268.761	270.626	286.033	264.234	265.953	219.741	284.875
249.057	250.961	278.263	280.889	267.226	305.801	244.52 	270.711	213.735	268.425	246.939	273.936	273.686	268.761	270.626	286.033	264.234	265.953	219.741	284.875
249.057	250.961	278.104	280.889	267.215	305.825	244.502	270.711	213.736	268.077	246.939	273.487	273.446	268.654	270.539	286.033	264.234	265.898	219.741	284.875
248.988	250.586	277.9  	280.871	267.148	305.825	244.279	270.711	213.687	268.077	246.626	273.053	273.446	268.654	270.539	286.033	264.234	265.898	220.086	284.743
248.988	250.586	277.9  	280.859	267.044	305.613	244.279	270.59 	213.138	268.077	246.539	273.053	273.446	268.654	270.453	285.78 	264.234	265.898	219.619	284.516
248.937	250.586	277.745	280.859	266.858	305.613	244.225	270.59 	213.687	268.077	246.539	272.692	273.432	268.538	270.539	285.78 	264.234	265.898	219.619	284.516
248.936	250.586	277.689	280.575	265.962	305.601	244.225	270.34 	213.57 	268.039	246.509	272.692	273.432	268.538	270.539	285.78 	264.234	265.546	219.619	284.402
248.936	250.586	277.596	280.575	265.962	305.442	244.225	270.338	213.57 	267.176	246.509	272.252	273.415	268.538	270.538	285.78 	263.884	265.546	219.619	284.402
248.931	250.586	277.596	280.575	265.817	304.615	244.009	270.338	213.57 	267.176	246.173	272.252	273.415	268.467	270.538	285.649	263.884	265.546	219.606	284.402
248.869	250.447	277.485	280.575	264.199	305.442	243.8  	270.338	213.57 	267.176	246.051	272.099	273.415	268.206	270.538	285.649	263.884	265.546	219.606	284.402
248.869	250.447	277.163	280.575	264.199	305.169	243.798	270.338	213.51 	267.176	246.051	272.099	273.415	268.206	270.538	285.649	263.174	265.307	219.463	284.402
248.853	250.447	277.042	280.258	264.199	305.169	243.661	270.336	213.509	267.176	246.051	271.791	273.415	268.206	270.538	285.458	263.174	265.307	219.33 	284.402
248.812	250.447	276.756	280.258	264.199	305.065	243.528	270.336	212.741	267.176	245.888	271.791	273.411	267.98 	270.538	285.649	263.016	265.307	219.33 	284.402
248.551	250.447	276.393	280.258	263.344	304.973	243.311	270.336	212.727	267.176	245.505	270.862	273.411	267.98 	270.538	285.649	263.016	265.307	219.33 	284.402
248.476	250.447	275.526	279.341	263.344	304.973	243.311	270.336	212.727	266.241	245.472	270.862	273.411	267.98 	270.538	285.649	263.016	265.307	219.13 	284.402
248.476	250.447	275.526	279.341	263.04 	304.471	242.476	270.183	212.698	267.124	245.472	270.862	273.399	267.872	270.538	281.807	262.954	265.307	217.946	284.402
248.473	250.445	275.526	279.341	263.04 	304.471	242.476	270.183	212.698	267.124	245.265	270.516	273.399	267.333	270.538	281.807	262.954	265.307	217.946	284.402
248.115	250.445	275.526	279.341	260.964	304.471	242.08 	270.183	212.698	267.107	244.932	270.4  	273.396	267.333	270.534	281.807	262.826	264.095	219.005	284.402
248.115	250.445	275.526	277.836	261.295	304.319	242.08 	270.183	212.588	267.069	244.932	270.059	273.396	267.316	270.538	281.807	262.826	264.095	218.759	284.402
248.115	250.445	275.449	277.613	261.295	302.595	242.08 	270.183	212.338	267.046	244.932	269.542	273.396	267.316	270.538	281.807	262.801	264.093	218.697	284.402
248.115	250.195	275.408	277.613	261.295	302.378	241.814	270.183	212.338	266.984	244.636	269.392	273.235	266.248	270.538	281.646	262.801	264.032	218.694	284.402
247.959	250.086	275.408	277.425	260.568	302.378	241.58 	270.183	212.338	266.984	244.636	269.346	273.154	266.248	270.538	281.463	262.696	264.032	218.694	284.402
247.572	249.767	275.026	275.801	260.568	302.378	241.58 	270.181	212.278	266.984	244.542	267.661	273.154	266.248	270.538	281.463	261.875	264.032	218.084	284.402
247.572	249.767	274.782	275.801	260.568	302.378	241.58 	270.181	212.278	266.984	243.761	267.661	272.688	266.071	270.537	281.463	261.875	264.032	218.048	284.402
247.572	249.734	274.782	275.801	260.437	302.241	241.405	270.18 	212.256	266.692	244.104	267.661	272.688	266.071	270.537	281.463	261.455	263.909	217.248	284.402
247.457	249.511	274.782	275.801	260.437	302.241	241.405	270.18 	212.256	266.692	244.104	267.661	272.688	265.897	270.538	281.463	261.455	263.81 	217.248	284.402
247.457	249.511	274.782	275.801	259.7  	301.83 	241.393	270.175	212.256	266.692	244.104	267.661	272.688	265.897	270.538	281.463	261.455	263.732	217.248	284.402
247.457	249.511	274.656	275.801	259.7  	301.694	241.393	270.18 	212.256	266.369	244.1  	267.561	272.412	265.897	270.534	281.463	261.455	263.81 	217.248	284.402
247.327	248.438	274.656	275.801	259.7  	301.694	241.243	270.18 	212.092	266.369	244.1  	267.321	272.508	264.926	270.537	281.463	261.262	263.326	217.247	284.402
247.145	248.438	274.656	275.691	259.7  	301.69 	241.114	270.084	211.789	266.369	243.787	267.321	272.508	264.926	270.446	281.463	261.262	263.326	217.247	284.402
247.145	248.438	274.648	275.648	259.7  	300.325	241.013	270.096	211.789	266.369	243.787	267.321	272.508	264.926	270.446	281.463	260.789	263.326	216.924	284.319
247.145	248.438	274.641	275.525	259.65 	300.325	240.849	270.096	211.789	266.369	243.784	267.321	272.508	264.926	270.446	281.463	260.789	263.326	216.924	284.319
247.039	248.438	274.574	275.525	259.315	299.452	240.849	270.086	211.789	266.369	242.965	267.119	272.508	264.531	270.446	281.423	260.72 	263.171	216.924	284.319
246.881	247.651	274.399	275.383	259.315	299.384	240.778	270.073	211.771	266.369	242.786	267.119	272.048	264.531	270.446	281.423	260.72 	263.326	216.171	284.319
