158,137
94,150
42,211
98,202
236,79
255,52
168,234
28,210
102,16
179,89
103,206
205,170
213,152
118,246
204,80
177,235
117,68
51,17
135,158
148,11
104,167
159,173
163,50
73,116
235,205
80,204
156,111
203,141
199,142
165,218
54,250
135,135
199,12
127,189
116,230
206,125
193,187
90,143
146,66
17,33
15,43
210,49
244,214
225,142
109,155
226,239
110,190
39,162
89,17
90,173
154,184
49,124
157,142
41,182
216,100
49,196
160,107
40,120
179,82
7,154
164,78
242,140
200,224
57,78
113,97
163,37
210,195
60,208
22,178
88,216
70,135
152,99
35,220
129,97
164,29
62,13
203,54
137,238
149,26
220,244
129,151
165,164
127,4
38,251
235,166
158,239
188,5
203,41
193,166
182,205
118,206
173,193
6,109
203,26
43,184
233,161
220,40
50,20
141,234
148,63
234,15
58,202
84,141
121,49
18,217
169,92
149,7
240,174
244,15
141,29
167,102
71,144
73,177
1,218
76,95
197,82
194,14
195,13
195,205
160,102
44,127
173,47
18,48
248,164
201,40
57,154
20,57
47,5
246,134
194,26
237,82
13,182
126,212
83,199
150,84
179,26
138,179
15,177
102,9
102,251
10,157
111,117
254,153
157,144
245,23
252,173
198,191
8,37
58,159
42,51
211,99
87,95
55,211
225,69
139,22
238,124
38,27
52,231
181,41
11,0
60,90
79,168
187,108
134,237
187,103
51,47
213,183
242,136
170,14
236,25
142,73
225,235
65,82
177,165
139,151
137,8
82,214
240,110
227,165
145,43
96,132
5,18
48,178
98,79
204,125
157,104
116,183
32,97
99,19
84,64
145,183
64,25
47,89
106,131
168,129
179,239
171,141
199,77
98,99
131,197
26,240
60,39
179,182
188,243
14,159
11,245
158,147
224,199
158,88
76,182
240,235
248,101
195,183
8,157
222,233
112,102
114,162
60,181
133,103
192,151
65,45
0,163
80,7
73,57
122,28
12,3
59,158
149,72
112,133
6,172
80,118
153,149
214,161
207,238
163,139
123,188
70,147
227,136
79,101
119,256
135,111
37,175
254,158
88,217
198,240
58,68
161,233
217,27
80,161
143,28
177,231
49,202
150,105
256,224
224,244
9,4
174,146
2,144
215,134
12,17
132,213
34,256
138,251
69,138
252,65
26,73
244,8
52,194
72,71
225,32
38,227
24,36
185,68
19,161
247,105
110,110
229,223
70,79
224,67
234,97
159,223
134,221
46,130
85,255
218,253
117,111
72,173
241,33
73,202
164,157
124,19
140,36
79,76
241,43
205,97
143,47
162,62
220,137
3,95
223,221
164,85
160,150
59,191
249,66
52,174
174,222
170,169
12,162
173,6
133,197
227,184
161,23
237,130
250,128
183,236
142,105
59,63
241,137
253,48
126,225
221,182
28,147
101,9
70,107
206,173
190,121
159,133
115,87
104,183
98,120
17,234
68,122
130,12
116,226
27,135
24,233
160,122
198,247
231,177
116,83
83,73
140,82
58,204
8,33
91,150
69,90
67,230
211,36
45,67
59,109
251,5
244,237
111,90
163,105
86,141
50,186
46,82
28,24
105,169
22,254
81,9
62,189
54,235
174,99
62,56
237,159
190,77
203,212
83,22
9,16
105,114
163,163
131,28
161,224
93,42
115,117
182,2
0,212
59,209
155,225
7,35
194,21
38,218
221,112
105,92
229,23
201,229
33,57
63,9
178,182
210,231
175,62
208,54
13,199
80,181
240,227
238,7
154,112
82,24
206,73
19,72
212,69
161,70
10,226
221,254
51,215
177,29
161,234
66,66
46,177
183,214
51,142
126,224
20,26
111,13
136,18
94,1
230,15
150,99
58,110
167,66
137,81
119,45
225,193
36,114
58,252
140,30
8,189
35,224
206,144
130,29
58,115
192,240
188,218
97,47
221,174
153,36
94,204
54,51
34,190
167,240
110,17
247,236
61,168
70,103
54,221
56,245
255,55
197,17
53,212
163,118
219,5
154,238
70,112
253,217
244,61
210,250
32,133
217,148
189,169
185,126
206,204
90,67
152,69
173,234
129,214
159,181
156,99
35,17
167,27
61,207
148,108
91,43
154,53
195,79
77,90
217,9
246,17
189,205
73,61
66,55
174,152
136,78
247,178
242,27
255,101
131,100
195,117
227,192
174,11
90,55
172,115
33,232
220,170
41,105
143,255
256,197
122,121
45,136
248,36
89,92
70,246
203,77
22,245
21,82
213,20
193,81
141,191
207,160
112,103
44,56
181,17
204,1
253,11
32,49
11,254
145,87
156,157
224,37
35,28
61,26
157,125
22,58
62,108
214,183
100,49
36,238
1,196
196,47
93,50
71,99
41,229
178,107
107,102
6,70
142,24
190,225
191,108
77,218
213,7
98,24
189,22
149,53
128,205
49,191
6,33
16,112
127,217
218,2
67,164
212,241
204,148
180,144
32,145
10,113
64,77
40,47
75,22
42,244
137,56
247,144
180,220
3,62
148,231
228,185
69,197
226,144
10,203
90,91
124,167
85,139
222,191
235,80
152,239
58,37
19,29
224,240
142,83
186,161
170,88
119,144
190,12
183,137
110,212
196,162
12,28
142,236
181,177
78,218
243,138
37,213
173,196
143,101
51,179
59,118
168,89
125,98
55,91
73,160
110,43
150,71
255,47
193,241
10,61
163,54
58,89
227,175
242,118
111,79
30,8
111,238
241,244
24,130
217,244
202,124
23,49
4,25
31,69
245,211
162,65
91,187
71,13
66,3
195,245
142,213
171,161
26,112
240,20
167,140
51,225
170,201
142,138
245,239
190,247
231,199
183,162
71,244
73,191
188,240
241,172
211,70
103,248
250,248
113,86
30,201
69,47
133,185
18,183
125,246
93,226
243,179
39,25
115,40
220,94
121,180
149,174
102,11
86,247
235,19
178,64
59,23
49,168
133,65
178,122
103,46
7,254
238,126
249,86
159,44
124,168
194,120
118,160
66,190
208,111
159,17
168,30
122,175
28,89
144,205
137,67
47,16
229,64
124,115
31,237
188,143
241,167
229,200
200,184
120,82
249,145
103,213
170,164
235,221
203,244
6,131
126,129
166,2
51,21
114,31
211,39
47,61
153,195
86,209
206,139
80,107
148,157
235,0
222,251
36,189
162,253
155,99
196,146
242,94
208,9
1,53
138,195
140,175
81,130
80,66
60,18
239,248
37,68
175,188
152,166
107,142
193,156
0,36
24,123
12,19
119,105
183,115
190,122
227,93
146,115
98,163
168,59
243,250
40,99
3,201
108,99
126,147
110,169
88,241
99,88
232,231
37,173
236,27
181,42
92,167
4,240
100,18
182,61
218,144
126,105
215,33
195,62
109,196
16,160
142,48
76,20
83,17
79,203
248,158
41,18
235,194
200,15
29,178
211,199
140,130
156,49
136,23
112,87
152,109
29,132
62,247
50,167
109,6
253,187
234,153
182,45
238,152
177,66
156,11
170,13
96,108
0,160
101,80
31,161
214,15
164,65
135,34
205,180
10,209
86,135
23,79
71,175
82,26
47,131
20,71
196,56
50,110
243,233
113,126
107,242
135,203
17,195
43,93
126,7
80,247
5,144
248,179
64,246
79,29
13,226
75,75
96,149
215,11
123,198
190,223
143,85
60,84
205,124
27,255
35,54
81,32
114,152
238,162
9,73
111,207
241,67
48,236
157,47
15,5
101,193
167,45
160,182
130,165
91,227
0,117
70,184
173,230
28,159
22,210
144,217
63,151
15,193
195,40
151,141
156,32
68,111
39,84
58,250
50,3
191,122
140,9
103,127
187,71
119,92
0,13
234,112
14,229
111,141
16,225
39,8
193,253
47,242
71,228
109,59
14,246
21,95
74,10
92,33
16,93
181,75
217,169
58,21
231,16
74,213
145,84
84,90
3,24
81,123
226,170
240,219
181,171
208,175
172,98
160,38
18,101
142,237
255,78
172,25
239,225
240,207
62,189
58,120
71,171
230,47
168,59
18,54
110,51
29,223
23,107
78,111
14,207
130,178
191,196
140,73
19,256
16,117
75,139
89,188
243,241
77,224
106,64
152,6
188,244
97,204
159,89
51,229
140,60
14,112
63,169
200,218
12,182
65,238
167,173
72,189
15,64
166,144
247,88
219,238
199,171
37,199
100,123
163,180
122,164
194,123
19,65
212,57
22,158
7,184
79,12
84,15
115,33
197,154
24,222
75,35
1,192
163,106
156,234
206,79
117,142
64,198
81,160
81,133
16,77
101,180
74,14
148,63
210,153
80,214
76,240
217,85
81,22
247,55
111,103
218,65
69,132
79,178
122,78
46,181
149,131
46,95
146,165
9,246
243,159
183,210
181,177
187,25
187,3
46,51
132,123
197,70
236,120
242,41
31,132
26,196
106,163
206,154
64,109
132,42
48,251
54,7
153,125
227,43
210,52
105,15
120,136
24,40
53,122
145,78
168,104
198,242
126,20
192,121
32,38
191,132
177,99
118,243
196,24
25,139
161,23
196,170
6,95
197,198
177,163
249,201
78,98
98,256
194,69
39,197
206,44
59,127
191,39
245,76
31,121
133,197
116,246
60,217
68,30
182,0
208,198
212,138
96,253
191,83
168,180
94,215
250,123
70,133
192,124
179,183
57,119
175,235
161,131
234,238
8,163
12,176
16,121
43,110
108,199
232,52
9,244
18,1
117,88
229,31
89,136
53,232
244,25
113,210
51,16
155,247
74,56
113,45
137,248
50,116
68,197
9,29
3,203
115,154
201,162
229,225
143,139
213,185
113,99
210,215
147,126
139,115
22,92
214,27
248,204
69,12
142,5
243,65
195,94
181,28
237,94
105,16
86,94
39,97
17,106
46,11
161,250
51,192
256,226
79,143
32,151
252,182
189,58
81,191
233,57
188,25
8,107
253,154
16,244
214,191
94,101
216,243
111,83
43,251
103,188
252,109
12,33
10,206
89,38
27,101
218,161
21,6
0,180
204,135
197,31
58,231
211,38
112,173
178,66
140,75
247,51
185,205
181,194
233,120
73,238
169,6
175,101
104,47
18,136
217,34
253,205
9,119
68,100
245,22
66,171
241,199
29,96
246,27
181,227
135,173
161,121
64,9
37,237
201,228
13,121
91,32
156,55
176,183
113,117
49,68
158,230
68,40
125,241
4,203
254,20
192,77
173,153
211,179
181,85
45,50
182,229
11,24
59,187
162,238
123,236
246,118
25,221
180,57
252,185
62,214
209,37
135,74
79,53
145,91
205,12
251,219
8,176
32,20
10,203
138,185
56,104
52,246
200,50
236,68
106,216
72,250
246,210
138,191
176,69
80,202
237,3
147,237
15,147
53,136
126,20
72,41
63,100
57,20
135,172
76,14
121,85
47,112
211,46
116,221
51,7
206,66
218,84
116,167
239,25
173,196
101,42
100,244
7,58
194,182
41,169
185,94
122,246
121,247
164,91
184,242
192,56
91,240
160,235
142,245
182,151
136,197
228,87
33,176
130,215
208,42
198,20
43,122
240,253
247,209
62,249
118,161
135,138
44,57
170,220
163,61
36,194
207,136
100,119
181,160
224,234
218,116
153,194
135,70
48,161
198,242
62,82
102,32
248,82
91,173
38,170
254,94
93,158
167,153
65,189
205,216
64,212
67,146
239,207
39,150
98,86
235,12
65,176
181,141
70,117
51,254
149,97
61,7
210,46
171,88
250,20
63,70
93,246
215,137
187,155
252,148
152,236
13,218
118,109
35,110
61,45
121,37
25,10
99,154
246,249
71,203
203,123
65,145
97,135
36,215
121,103
108,164
40,129
204,197
38,216
117,76
114,62
66,107
243,23
109,2
5,42
184,83
157,229
197,77
163,244
138,12
234,195
59,195
130,127
255,26
165,237
116,115
155,253
33,43
133,239
79,60
193,31
26,136
205,33
97,153
59,210
213,193
227,183
113,119
220,200
39,2
98,215
217,240
42,49
216,211
7,190
249,96
17,129
112,84
154,167
19,89
28,45
120,185
54,20
116,131
147,120
192,2
128,236
44,137
247,56
8,112
196,104
227,38
164,90
200,119
67,119
241,232
234,97
201,219
181,170
96,217
34,113
80,44
185,199
206,128
254,177
207,204
81,209
203,233
181,150
226,233
50,119
1,226
8,169
19,152
178,152
247,109
21,213
254,209
23,64
251,196
182,126
165,228
141,53
82,240
77,93
56,151
176,193
222,123
131,78
60,153
128,141
235,245
131,118
119,252
249,214
226,212
213,196
28,56
230,155
68,73
148,103
254,28
117,47
37,248
200,74
177,242
132,235
255,231
94,40
177,254
242,192
198,64
95,179
21,152
38,79
44,5
124,211
72,55
12,45
47,61
163,248
14,223
123,29
215,216
18,40
219,234
77,36
6,45
141,22
10,18
132,123
142,196
49,143
104,78
25,166
27,152
176,42
209,106
40,92
38,245
140,127
197,149
217,138
0,101
158,50
137,124
2,85
244,170
115,72
236,33
248,145
214,39
173,110
181,160
42,114
253,22
145,113
127,163
226,75
99,175
193,217
109,73
64,78
168,157
179,0
7,85
197,94
127,214
115,0
239,200
31,90
109,70
96,51
99,112
145,112
190,124
122,83
94,14
80,33
135,104
186,248
219,152
140,199
37,146
147,86
233,249
249,226
175,184
206,203
19,199
127,186
102,93
34,197
114,140
203,102
235,220
236,123
41,23
230,169
21,125
170,241
186,101
182,89
63,37
99,57
111,115
34,248
187,243
212,49
126,24
41,97
234,159
186,153
249,121
114,169
22,92
194,124
201,62
102,116
76,26
148,65
100,161
223,85
9,49
133,167
89,80
74,63
144,75
191,172
57,64
224,203
183,225
172,47
122,236
48,55
70,237
31,137
140,58
58,177
149,4
107,256
9,175
161,169
193,241
158,40
203,179
119,164
132,219
51,39
33,77
211,144
210,217
47,159
210,253
247,6
186,105
68,39
181,112
214,135
119,211
152,190
131,185
86,167
254,159
6,88
45,196
62,69
143,238
49,219
247,4
1,133
214,119
3,135
90,48
92,85
136,134
19,146
128,69
90,190
52,60
233,57
91,90
56,216
211,93
9,44
189,189
246,20
155,225
214,153
238,156
243,249
115,110
64,66
193,78
24,172
60,122
46,241
56,161
89,32
113,6
55,68
157,167
194,13
152,105
178,149
242,78
215,103
246,37
235,117
52,42
152,123
196,57
211,77
141,71
51,226
114,180
162,128
5,116
195,246
124,197
153,88
110,16
234,249
79,28
147,162
181,190
29,60
3,190
169,210
42,75
231,62
60,35
64,87
106,157
120,87
148,227
34,175
133,146
19,104
124,70
191,99
64,205
95,142
120,3
69,155
100,160
143,222
256,98
22,75
211,158
233,84
187,204
13,128
4,51
228,213
117,251
228,175
184,188
79,177
110,11
139,208
246,52
111,25
121,191
92,159
65,170
10,245
217,55
126,170
169,157
213,122
99,200
220,251
151,40
84,29
23,37
202,84
59,41
63,22
255,77
35,227
76,249
76,255
244,39
98,81
16,96
154,125
250,125
162,48
94,113
90,179
85,63
131,240
127,181
170,75
38,74
50,143
228,121
144,66
205,131
74,181
256,209
42,91
39,149
94,74
98,133
39,189
7,5
80,55
165,219
42,242
51,241
49,174
114,165
74,218
151,35
67,150
141,4
157,181
52,87
110,97
67,243
196,85
74,236
73,58
110,90
135,116
179,165
88,140
253,164
2,98
225,244
139,148
87,92
22,15
247,54
112,118
80,220
179,65
235,96
0,239
68,40
104,222
250,147
189,11
140,240
218,4
69,222
6,85
94,34
72,23
88,12
16,122
230,185
169,27
17,81
140,51
167,116
48,83
190,185
164,45
160,34
235,9
108,249
245,51
111,198
36,175
184,16
173,153
78,119
21,1
239,96
223,101
25,14
167,204
24,53
29,204
172,163
146,229
172,42
236,164
19,195
63,43
90,112
184,38
0,22
63,235
113,140
128,24
90,178
32,115
38,73
25,142
68,63
211,165
125,113
94,102
220,164
131,128
239,38
59,215
126,235
252,64
135,9
256,54
56,166
4,109
211,156
229,118
129,215
171,60
84,178
187,229
45,69
40,97
176,127
111,21
153,20
25,131
255,146
218,174
63,66
207,199
45,206
83,91
149,181
97,167
45,67
206,102
73,109
237,233
95,27
62,26
200,78
189,73
8,156
220,189
246,188
37,189
164,237
194,112
186,115
62,95
171,54
15,94
255,22
89,220
209,136
12,24
167,34
212,244
172,177
244,204
100,162
178,211
194,146
73,201
6,65
85,228
147,237
169,106
132,112
231,34
16,67
48,237
82,70
21,97
233,222
141,237
152,176
23,193
255,95
71,62
112,2
51,101
118,140
127,171
141,143
127,144
187,108
227,61
133,216
57,19
213,11
164,73
145,44
220,41
16,181
152,133
134,12
12,40
189,209
41,155
141,75
243,152
8,40
5,214
130,170
255,142
224,202
131,18
2,152
220,199
20,173
239,232
194,148
5,64
74,79
246,216
107,31
216,149
29,128
37,55
172,194
181,56
188,182
111,157
211,43
175,90
103,24
1,68
156,69
69,174
35,99
163,171
199,69
146,213
254,168
172,189
63,87
175,234
113,252
222,221
17,5
110,181
117,98
65,127
136,162
99,10
34,156
60,165
149,228
15,94
77,158
232,256
80,189
50,97
219,187
211,234
90,164
92,203
42,251
202,38
78,135
191,154
242,18
139,222
202,125
137,76
219,145
117,11
199,234
245,219
54,233
76,62
227,231
59,66
213,13
89,190
202,103
12,166
173,131
17,29
13,54
230,254
86,186
126,3
46,141
34,175
175,227
18,76
42,5
64,17
44,248
211,164
224,217
163,90
44,1
125,34
226,94
15,54
77,99
80,108
179,115
200,236
218,104
235,236
107,22
150,119
108,23
58,210
142,98
54,247
244,223
88,152
212,63
241,39
133,9
225,242
209,230
200,228
4,110
97,228
82,30
183,251
81,243
49,167
246,200
35,53
165,50
96,23
41,128
138,159
68,183
143,39
156,67
116,49
156,122
55,82
251,47
201,43
219,248
4,111
198,89
21,157
114,203
244,151
133,129
2,7
89,192
59,245
2,120
20,47
129,60
186,108
99,2
186,173
238,132
53,87
167,59
220,64
21,68
66,224
148,105
11,175
38,245
152,131
216,112
150,11
133,44
8,174
253,40
132,28
16,57
73,1
105,169
26,256
176,248
144,62
99,174
252,58
55,248
212,248
18,102
49,32
93,174
52,220
173,24
134,83
207,3
67,38
241,133
229,247
249,16
237,134
119,98
89,128
10,59
229,222
191,187
227,38
184,77
35,204
189,256
254,177
38,255
89,80
48,61
181,253
230,95
58,73
179,206
168,226
65,36
192,25
89,18
189,245
213,118
141,113
185,97
28,29
244,197
232,156
253,72
12,43
111,189
35,14
169,116
196,107
130,145
61,256
49,37
239,141
206,129
165,108
9,201
143,65
84,174
105,197
234,115
199,208
42,64
206,53
18,51
144,241
254,141
176,84
36,160
64,216
166,178
227,146
203,53
166,91
123,102
67,160
253,23
149,124
58,9
104,85
218,237
108,117
105,184
49,104
240,187
239,119
52,44
52,134
95,202
195,131
237,207
43,211
65,169
69,194
9,159
227,105
239,171
170,73
51,175
188,200
175,247
43,243
163,253
160,240
131,99
125,104
215,15
160,248
11,25
85,121
9,102
0,118
133,223
16,232
239,75
122,230
6,215
177,16
232,27
221,137
199,160
5,56
149,187
17,24
22,143
64,223
115,193
24,189
187,193
117,145
83,143
202,18
19,144
245,187
219,153
184,204
148,130
158,249
219,55
111,208
212,86
15,222
196,219
95,252
34,227
48,39
216,35
72,58
232,154
202,84
237,37
111,224
211,50
60,184
71,111
155,71
165,193
152,66
114,128
205,153
165,196
95,149
17,37
173,144
35,149
197,68
179,198
106,120
70,215
124,243
57,58
206,246
161,48
78,144
226,208
48,242
63,11
106,225
236,222
249,149
19,255
68,225
106,89
253,61
32,233
250,94
185,222
66,180
250,77
11,178
39,216
184,34
195,224
94,111
12,206
199,174
180,252
70,179
20,66
103,53
135,94
65,249
45,31
117,29
125,124
133,154
111,169
217,20
87,133
51,192
6,177
28,56
121,143
12,231
228,94
154,79
94,153
118,1
116,102
39,83
93,111
187,33
142,132
217,229
120,40
11,146
214,255
155,197
136,211
209,236
228,123
145,68
28,100
160,252
111,248
236,250
51,117
40,120
52,129
56,249
117,227
172,80
217,230
91,16
157,187
87,107
106,242
29,94
105,149
88,246
174,100
31,2
100,150
147,137
138,241
77,122
108,180
184,49
71,20
113,33
152,30
246,24
201,187
46,18
223,80
170,43
194,234
245,116
256,52
120,252
180,180
173,122
52,169
141,163
71,128
85,164
237,244
100,174
169,149
252,65
150,84
163,195
241,174
136,232
145,240
141,55
193,42
165,215
56,162
95,217
174,165
182,86
253,224
23,197
11,82
94,77
99,167
178,154
18,144
199,62
78,72
221,251
11,252
210,11
106,111
94,195
68,137
97,186
143,77
123,29
226,167
96,109
89,228
177,177
133,3
52,155
54,149
137,140
9,242
56,131
116,77
232,132
191,16
39,210
34,117
36,151
45,255
102,208
186,68
83,214
23,105
25,172
193,187
178,29
245,245
187,34
130,256
76,223
159,123
124,187
219,3
254,134
134,56
152,169
57,184
94,93
50,147
252,33
148,119
189,211
158,166
203,151
88,32
88,126
43,36
23,126
37,244
103,59
168,178
136,242
231,12
242,227
5,43
95,132
83,64
38,118
133,93
184,238
222,17
242,45
104,59
204,32
10,246
40,93
238,207
243,3
163,170
148,75
136,222
38,75
185,169
246,183
251,111
208,195
123,226
243,79
167,87
70,35
80,83
17,191
156,187
224,207
41,30
168,164
173,102
213,221
119,148
58,175
115,244
156,107
48,75
96,23
169,241
38,104
143,175
244,103
203,51
197,195
42,214
109,38
58,228
101,225
166,5
235,89
229,73
58,33
225,64
187,226
178,145
191,17
129,141
31,229
53,235
20,27
56,98
63,241
80,189
72,158
99,207
63,181
223,207
89,106
4,14
204,41
57,103
5,42
195,59
33,80
256,173
243,129
2,104
172,170
104,215
139,85
193,225
182,246
112,60
139,162
51,126
203,197
191,124
52,126
178,35
22,165
158,242
208,93
218,53
232,244
51,18
10,49
43,141
246,123
112,226
123,25
124,142
26,173
147,161
107,129
190,171
39,205
106,16
206,181
194,55
120,252
123,81
195,101
250,182
68,113
61,43
159,98
1,15
132,61
190,68
119,83
109,204
106,72
70,15
140,83
67,206
56,139
249,75
94,60
154,63
56,57
41,201
214,179
29,254
156,134
159,165
226,228
132,18
105,34
92,159
104,20
25,86
66,246
225,74
28,204
103,7
248,131
58,216
175,70
166,202
75,50
67,146
240,143
80,199
41,243
148,221
49,90
168,138
186,183
119,138
100,143
178,202
34,64
106,31
8,67
183,43
61,39
51,35
26,182
238,38
100,5
216,144
135,102
93,107
83,155
9,105
174,64
234,106
0,63
171,99
250,4
105,226
48,240
169,12
90,216
153,18
30,92
44,227
2,184
189,134
126,213
206,96
192,167
178,214
26,208
138,180
53,238
3,155
250,244
215,155
133,214
42,139
92,215
253,23
117,30
141,119
173,53
76,164
126,230
114,215
79,94
199,99
133,181
80,17
160,235
228,51
37,196
105,27
98,69
220,42
39,202
161,201
25,246
138,190
23,158
6,130
75,103
49,198
173,10
249,108
122,240
20,158
57,66
2,132
129,47
231,132
227,166
5,236
24,86
12,173
156,227
234,4
238,153
87,120
50,219
80,84
224,68
186,166
255,85
207,226
89,31
93,130
213,163
234,32
30,208
160,46
68,164
155,53
109,88
237,22
170,133
178,166
224,30
191,248
15,157
225,62
91,111
126,107
104,132
186,111
38,219
61,230
161,227
234,152
114,160
169,236
217,63
36,42
129,193
36,134
136,135
71,105
106,75
92,96
188,28
253,227
147,38
182,161
93,155
215,251
225,93
251,127
43,47
118,197
3,45
254,239
163,57
160,29
190,112
158,62
182,127
227,84
96,145
169,31
126,134
209,77
210,16
92,171
142,240
102,96
30,141
95,57
101,107
243,48
138,111
190,135
98,51
127,174
170,180
172,10
28,177
59,23
209,192
108,240
251,111
130,32
57,57
59,168
179,107
159,204
97,10
249,124
148,54
62,70
111,228
73,216
46,146
65,49
50,190
241,160
136,112
23,45
253,255
32,104
87,36
155,207
212,101
49,43
82,121
245,0
186,56
145,6
235,16
256,199
140,85
80,192
68,122
203,35
44,189
36,177
86,108
205,144
178,23
67,106
88,160
72,92
50,219
256,148
208,116
166,171
82,119
242,43
154,147
256,236
63,233
187,183
79,172
193,210
107,188
7,63
6,82
114,238
69,121
72,174
38,128
142,181
82,42
29,187
119,155
55,98
201,170
149,198
113,205
203,210
72,130
234,5
147,32
82,77
230,102
158,5
103,111
16,180
21,181
205,207
49,27
218,241
228,195
87,97
67,172
121,103
63,44
253,208
215,100
146,180
189,170
197,180
134,122
223,4
171,222
142,143
150,199
3,163
142,80
124,223
196,65
0,87
170,36
176,147
117,37
225,107
14,148
9,2
10,157
148,90
6,239
38,179
64,159
76,146
28,0
103,148
172,246
216,198
243,179
75,187
15,115
3,255
186,180
17,40
134,1
141,9
80,93
151,215
92,90
94,41
11,64
230,91
111,111
148,106
154,40
78,220
98,228
130,0
25,14
106,212
124,154
238,63
212,62
27,199
241,212
235,30
36,45
169,187
13,144
151,84
211,190
176,82
116,125
223,157
192,97
171,40
9,124
113,119
157,188
101,8
9,226
63,121
32,198
150,58
153,99
251,69
48,14
115,249
39,181
14,229
102,243
38,4
55,243
120,227
77,237
63,247
150,114
33,9
98,180
207,41
142,117
86,139
63,53
3,41
158,174
130,192
120,27
39,247
102,236
62,87
228,252
114,225
214,37
23,168
33,113
214,170
94,77
222,240
33,8
232,163
61,23
123,221
234,75
209,174
215,195
22,256
162,202
118,184
239,108
103,241
68,209
141,205
98,28
44,249
97,192
204,235
165,29
22,120
229,87
109,30
218,202
172,244
38,101
231,185
53,57
188,81
137,223
165,70
219,226
168,208
31,162
149,123
71,246
244,127
110,189
53,224
117,139
208,203
101,13
222,10
65,49
206,6
244,39
165,184
194,70
75,59
40,144
130,209
7,31
113,241
83,6
56,230
93,200
140,215
154,123
248,49
20,58
1,158
75,234
42,78
128,133
36,15
244,92
168,208
81,209
116,196
43,200
219,58
49,236
140,198
247,96
70,44
131,14
59,0
40,128
82,79
104,109
68,166
173,214
67,110
56,123
2,93
43,139
53,221
117,162
216,81
29,125
243,250
255,146
225,109
107,118
246,3
201,85
44,175
19,77
237,168
183,202
230,33
12,208
125,163
239,89
83,137
120,55
241,39
137,112
136,213
207,16
71,121
81,170
248,245
103,30
199,116
32,247
97,221
188,106
82,214
67,7
204,235
23,178
32,182
35,167
52,167
247,13
130,5
186,112
148,236
115,202
121,158
147,82
62,40
172,149
114,133
175,108
110,204
14,87
7,117
194,88
69,255
239,27
221,132
239,224
236,48
185,249
92,119
129,28
121,215
69,128
122,160
72,126
127,165
163,255
134,110
251,32
126,13
160,67
141,204
206,107
56,243
220,61
3,232
93,237
156,101
10,29
247,26
3,40
20,215
199,187
5,12
17,185
34,117
203,208
77,134
68,20
248,14
13,144
208,154
109,52
251,196
146,93
60,243
161,62
240,118
99,44
52,110
43,132
61,77
170,196
211,90
76,84
223,148
155,200
3,164
173,173
104,136
199,254
87,251
8,130
42,107
232,251
140,180
20,0
22,104
233,171
69,199
189,115
148,181
198,97
237,38
170,73
88,133
229,220
255,231
168,62
117,33
190,111
96,182
121,17
254,255
211,252
86,206
56,8
154,243
9,163
78,105
256,124
185,232
191,256
47,203
7,152
23,109
167,149
248,110
221,150
96,144
22,169
43,154
136,119
5,163
128,45
7,55
103,196
229,202
83,64
29,104
209,226
186,84
60,216
135,77
150,39
71,178
142,76
23,55
247,63
105,92
17,72
16,69
62,231
138,185
234,178
255,25
179,185
108,36
90,178
17,121
143,14
250,142
116,20
148,117
181,229
181,141
157,75
183,26
70,106
132,19
136,79
239,226
82,149
142,10
129,172
144,253
241,219
129,102
42,34
47,111
123,133
18,117
14,160
45,166
214,206
244,202
56,237
3,46
160,32
23,236
23,234
138,28
182,221
58,67
105,201
230,109
50,220
188,137
165,197
64,125
108,150
131,22
149,219
243,103
37,203
94,62
88,38
223,56
136,187
76,48
47,113
96,236
95,112
251,80
249,181
252,142
19,73
203,38
129,64
117,143
36,166
64,133
187,200
121,51
77,98
70,244
205,225
251,133
140,4
86,134
8,248
233,166
11,48
244,6
16,140
69,0
111,250
117,49
153,7
201,256
123,40
163,40
79,83
20,163
139,11
22,216
98,84
110,46
237,109
145,3
46,153
5,16
0,67
213,120
168,245
58,218
145,140
158,192
94,224
48,176
57,19
63,161
222,65
183,172
134,8
176,16
240,149
57,27
44,30
4,208
185,70
27,66
15,40
89,57
86,67
103,132
152,86
1,82
30,63
118,120
55,5
29,195
184,55
113,79
58,64
27,25
124,83
180,106
244,173
17,44
123,16
145,173
232,41
58,159
14,190
235,218
169,127
184,151
79,177
248,214
190,136
210,31
221,154
158,208
132,247
196,92
110,177
91,240
104,162
206,37
226,25
154,246
170,134
236,111
21,121
245,227
83,219
36,253
61,50
190,160
70,67
196,21
24,147
23,231
11,156
168,154
230,110
221,244
163,73
42,59
167,11
119,5
250,83
60,215
176,174
101,172
68,156
149,136
240,255
144,40
208,127
123,51
67,237
138,86
251,124
173,58
145,152
7,8
204,106
28,83
18,228
130,102
13,165
139,30
40,140
87,231
170,71
135,107
227,117
30,193
186,74
137,64
3,41
129,174
204,178
177,182
160,244
73,183
195,128
9,59
170,247
249,123
77,80
18,134
150,114
210,209
52,148
81,255
16,178
244,72
95,239
233,29
188,238
237,207
150,173
61,24
70,95
230,110
67,232
251,157
33,181
155,10
179,201
65,132
68,106
107,212
29,48
137,40
174,122
191,163
190,246
144,30
100,13
44,118
131,61
20,81
2,184
111,42
138,89
188,110
237,98
40,205
71,79
20,221
140,232
57,124
201,210
93,133
18,53
14,248
196,25
132,27
105,160
206,103
233,71
138,57
63,213
13,101
54,35
149,22
174,1
180,223
0,203
114,89
89,246
45,72
157,62
46,128
201,152
8,0
51,36
163,100
232,2
192,62
58,41
95,216
136,162
113,35
34,17
201,178
242,221
221,198
138,114
223,0
138,37
176,80
178,156
207,8
235,23
142,118
15,166
147,122
101,78
193,104
143,108
147,178
165,185
252,7
100,105
208,95
178,115
171,4
193,192
114,247
38,225
203,114
86,19
134,61
177,4
253,155
145,143
90,21
244,244
28,83
188,35
5,79
104,177
24,187
241,133
154,242
135,60
60,96
100,54
132,107
250,176
210,65
135,98
157,188
90,218
58,181
52,240
217,151
233,77
224,168
134,28
11,100
228,123
190,101
85,184
83,66
161,102
79,7
148,126
16,48
135,165
151,83
158,251
230,122
241,41
216,116
166,35
46,175
39,223
104,137
170,88
114,70
2,158
224,98
206,53
190,210
110,247
102,234
1,256
165,101
202,256
186,32
50,202
190,159
29,114
232,67
218,100
157,149
67,56
145,25
56,155
216,16
154,139
172,102
2,223
87,227
10,230
72,121
77,144
227,181
198,119
134,151
106,245
108,15
72,204
169,200
213,19
87,93
9,33
190,88
137,113
202,40
73,226
47,53
206,3
38,0
218,73
120,84
63,81
222,132
91,78
131,83
231,219
127,98
107,23
15,156
190,221
77,236
190,94
189,100
100,204
64,77
250,112
224,151
235,233
112,109
71,125
55,131
250,196
200,221
145,240
51,250
237,177
63,213
80,64
17,10
21,212
11,87
235,24
132,232
57,4
215,222
176,247
61,153
94,165
231,82
119,179
52,244
167,140
51,69
88,128
246,96
144,12
109,117
8,218
108,51
88,70
14,85
142,184
126,2
166,105
70,201
104,156
124,225
141,24
21,15
26,78
239,223
238,201
17,214
105,26
192,181
190,168
28,96
67,242
241,169
34,131
113,137
108,135
69,147
20,112
127,15
200,14
119,184
109,148
193,111
196,159
27,133
181,52
19,119
120,145
196,136
198,154
207,225
197,255
96,96
183,126
98,126
251,71
17,192
36,33
0,15
218,195
173,54
47,44
96,212
120,219
157,94
21,108
109,139
165,168
251,109
253,233
189,7
176,180
155,68
122,193
226,45
8,175
233,86
192,68
7,56
214,78
250,75
220,198
107,4
83,135
201,122
64,156
65,104
100,12
40,87
53,20
84,34
164,93
57,254
220,152
25,179
176,135
229,62
110,211
73,144
122,133
4,207
159,128
159,227
153,146
76,209
88,215
143,92
55,251
22,207
66,25
117,209
192,168
97,28
124,242
186,2
160,220
57,248
70,174
85,30
37,243
152,177
201,19
78,31
133,56
189,35
63,39
70,241
116,187
202,159
158,26
253,248
219,129
85,36
254,39
195,176
73,199
21,81
28,104
51,27
17,224
103,194
229,9
24,79
111,135
7,182
245,65
40,213
61,49
156,5
184,12
32,223
89,213
248,148
117,251
128,129
224,106
74,12
124,104
247,221
110,114
187,79
102,90
208,165
14,124
177,161
125,109
62,84
128,146
21,26
114,107
50,207
33,32
183,95
82,59
201,118
24,6
47,251
79,91
31,44
237,122
68,73
27,0
110,115
206,142
92,49
116,253
203,221
54,197
79,129
89,54
208,157
5,213
104,107
77,162
55,176
131,39
150,146
159,56
120,187
131,43
35,25
228,255
86,87
190,130
6,182
222,8
20,44
58,241
54,193
10,126
156,186
210,143
64,17
52,6
100,36
153,64
130,146
2,235
186,131
45,238
90,218
194,252
203,59
31,232
27,206
247,203
100,163
2,247
154,194
239,144
238,168
55,86
115,210
42,17
61,189
193,63
166,97
125,256
99,194
203,139
221,54
185,255
233,204
202,172
247,247
235,34
90,105
118,93
76,44
100,25
122,217
244,192
7,122
166,57
7,134
168,111
220,119
125,184
165,34
180,213
25,39
226,105
154,19
109,146
207,103
13,194
47,3
8,32
21,253
47,236
243,222
245,92
117,175
248,126
129,235
188,37
170,26
227,219
86,133
190,133
15,162
166,100
147,166
209,208
206,25
68,201
160,237
157,151
94,248
206,170
204,35
76,125
203,185
76,232
218,96
89,14
223,87
49,245
187,165
163,77
197,124
92,34
200,248
75,112
113,59
96,209
194,194
132,53
184,131
135,4
67,210
249,234
201,79
63,174
134,244
156,108
223,227
23,172
123,255
126,60
85,27
114,214
256,104
152,238
202,224
217,77
156,220
170,236
190,102
59,18
81,256
98,44
221,171
48,27
140,156
122,160
61,74
193,198
8,159
137,181
101,102
217,6
165,3
111,252
104,152
215,169
73,77
207,70
254,174
152,3
94,130
126,10
186,178
88,232
235,91
130,2
5,33
253,206
205,57
141,48
12,195
201,246
36,170
11,230
243,1
130,255
34,142
158,182
53,162
236,247
34,3
234,235
20,105
195,112
207,26
118,190
183,185
129,0
108,85
84,20
254,176
184,132
189,172
181,138
76,221
248,172
92,250
245,122
169,147
237,46
240,84
186,53
173,174
146,97
147,76
148,97
145,204
73,6
152,212
211,237
99,33
202,24
2,93
120,213
89,233
217,64
91,183
38,229
89,84
139,48
3,134
222,239
171,155
71,28
87,214
48,19
66,190
22,193
184,6
76,233
187,7
39,162
95,97
101,164
190,31
95,132
227,176
200,129
53,138
234,45
76,196
248,162
181,196
121,22
5,45
218,133
201,35
130,8
66,199
89,69
221,111
184,43
153,0
119,151
3,230
89,58
125,94
217,78
197,218
46,224
107,31
56,24
225,178
149,59
167,232
128,8
22,245
211,222
22,196
56,39
206,60
10,207
235,28
15,23
252,130
239,169
97,161
90,239
59,222
212,90
13,191
69,230
59,181
131,114
193,134
78,140
254,136
121,115
145,153
21,40
60,115
252,111
31,199
53,146
154,148
137,138
248,48
20,133
17,116
70,41
254,94
6,217
130,88
237,127
102,203
155,159
175,85
50,137
216,55
226,30
12,94
180,236
133,134
68,214
36,59
200,178
105,9
206,209
112,214
63,118
197,152
20,223
168,100
92,209
29,7
127,42
155,134
47,71
186,5
68,83
232,149
153,14
119,247
242,6
36,168
235,211
83,1
45,221
72,102
241,10
181,132
250,30
2,4
246,187
100,30
84,177
194,140
16,181
160,34
142,199
202,8
158,144
213,32
187,11
25,236
25,53
44,202
109,192
141,89
171,85
79,53
253,149
194,72
83,60
172,17
41,151
192,132
161,95
109,227
131,173
14,217
209,166
38,102
233,238
126,39
0,108
253,247
96,146
65,232
137,79
238,148
167,128
145,109
167,176
21,49
171,2
30,241
92,112
255,121
115,142
162,254
101,256
7,3
49,29
199,145
225,193
209,103
45,4
13,44
112,102
224,203
120,91
66,45
25,90
234,75
93,157
193,247
48,227
53,159
175,207
122,183
146,0
201,245
69,204
61,254
140,41
50,123
251,136
218,93
62,225
211,104
170,23
20,5
97,149
87,200
251,73
38,28
160,190
42,186
164,138
126,145
221,100
190,209
207,87
198,225
149,137
221,106
137,175
242,199
81,121
55,124
152,138
184,6
158,101
57,107
22,62
208,184
6,189
176,58
61,56
11,248
68,165
36,5
219,140
107,87
226,15
186,251
166,93
235,182
169,211
148,243
107,39
113,134
108,230
201,254
100,185
142,238
194,30
12,187
68,160
45,183
105,178
150,55
82,217
86,10
101,89
211,77
1,235
203,199
120,190
66,30
83,91
40,112
216,189
21,50
178,90
139,66
173,96
52,122
54,192
73,109
229,207
199,110
186,86
47,58
233,227
206,198
126,220
126,128
62,116
107,10
249,183
146,59
252,150
36,191
212,95
164,189
53,228
29,173
193,43
4,232
219,149
12,201
17,72
236,178
189,191
149,29
89,123
113,140
202,87
193,210
97,164
202,228
108,113
202,220
57,189
3,166
73,158
0,136
157,52
116,79
238,43
225,108
215,123
171,166
197,216
242,152
133,219
104,234
240,204
151,172
229,138
96,123
120,137
200,222
68,97
72,83
120,131
130,126
2,83
212,232
156,92
207,18
194,116
157,253
29,239
72,247
208,229
13,139
19,68
27,39
89,133
171,11
82,178
129,19
44,84
218,116
89,18
170,25
67,183
185,168
191,119
118,11
112,170
74,126
175,130
103,142
87,237
225,16
80,54
202,158
117,168
59,126
69,97
47,228
199,213
103,46
175,195
52,80
83,91
78,7
229,73
224,61
113,30
116,243
72,7
173,72
94,45
150,111
217,161
220,198
74,74
18,133
187,76
24,244
146,84
33,14
38,198
69,92
49,5
201,121
116,102
111,64
37,161
180,149
222,253
124,98
121,134
220,32
167,164
87,46
206,14
82,124
129,219
145,213
224,116
95,164
136,114
129,237
7,128
102,194
155,115
85,122
17,32
129,92
33,230
214,239
48,117
39,164
178,64
81,180
41,97
140,37
105,118
51,32
217,199
109,208
49,118
76,195
107,1
94,17
255,153
186,36
88,120
14,20
172,160
120,115
223,211
56,129
140,81
183,75
55,248
202,204
173,134
56,153
96,58
32,147
195,81
147,212
215,105
126,97
58,238
101,117
247,94
241,156
157,1
87,64
23,92
116,99
109,194
99,248
238,229
6,256
110,69
212,42
103,162
33,159
2,161
164,92
249,211
148,244
210,230
13,1
3,92
31,163
139,218
159,131
192,34
111,232
82,90
236,149
43,93
151,1
193,204
124,51
29,194
221,40
142,0
16,203
130,175
173,198
234,85
247,57
21,238
181,109
251,179
250,143
17,185
90,80
34,200
71,236
17,238
61,8
144,17
174,165
107,179
137,162
143,77
92,204
208,138
211,154
117,133
8,78
197,203
198,6
246,243
42,124
173,245
32,126
113,120
108,190
183,46
0,153
17,215
211,169
210,121
194,234
84,25
153,0
87,141
84,108
105,240
55,242
49,185
56,121
67,192
140,151
129,250
250,123
65,76
121,116
255,187
221,12
171,85
175,123
51,162
249,138
241,225
244,141
162,223
190,155
110,83
249,16
217,151
80,112
225,63
160,198
16,73
178,146
125,97
17,56
53,94
6,216
52,196
60,97
137,40
215,87
36,116
0,214
122,172
246,158
45,18
136,186
49,187
81,198
114,163
106,27
21,55
183,200
14,200
108,211
248,130
153,84
89,108
104,124
90,58
66,199
24,224
43,140
197,75
256,202
190,21
57,168
226,247
54,137
244,203
205,23
104,224
152,225
130,93
98,125
109,248
120,194
2,144
139,65
76,170
92,171
80,171
10,31
77,228
176,42
219,0
23,256
175,90
179,115
37,244
71,120
110,55
113,74
61,136
191,80
64,106
139,85
20,243
222,133
66,68
235,102
146,96
206,56
155,176
219,83
202,153
219,145
235,97
23,184
48,139
157,171
189,101
53,34
16,252
188,191
2,208
69,211
218,223
20,251
24,137
59,83
116,174
225,135
195,63
67,156
222,123
61,199
46,196
4,214
208,41
60,21
195,220
158,239
27,39
241,64
111,248
57,129
223,73
82,55
35,151
13,217
93,31
53,18
110,90
51,96
25,16
17,21
22,111
56,157
167,70
246,92
141,230
173,113
218,113
118,34
38,6
62,228
143,20
68,79
44,6
19,70
172,88
231,117
211,146
33,161
240,164
159,84
72,21
236,181
147,51
120,141
224,117
255,232
174,150
158,180
188,146
247,123
161,203
21,23
176,212
163,104
120,169
72,244
190,169
217,37
40,64
233,4
146,197
4,57
66,86
58,147
147,21
176,228
116,249
57,49
178,155
207,60
98,160
218,208
187,87
176,243
29,70
172,167
216,18
169,66
133,218
20,92
242,17
61,55
213,95
148,102
101,217
154,224
211,72
251,33
197,255
201,200
215,126
10,9
51,255
156,199
93,133
235,242
13,198
93,21
88,48
104,230
33,99
190,83
165,148
31,100
80,182
131,64
6,40
200,131
167,129
217,159
81,201
216,193
186,64
239,248
20,251
189,53
231,143
79,82
120,108
68,126
35,84
68,256
206,93
234,60
232,95
190,76
81,174
44,246
143,249
220,10
158,191
66,233
156,230
218,81
73,172
74,179
135,138
2,203
206,220
68,141
127,241
110,213
173,146
20,169
77,69
47,226
94,168
230,117
201,145
198,218
5,22
24,3
6,185
219,34
151,200
64,68
9,203
42,255
24,83
71,205
17,145
142,180
211,79
128,197
63,123
101,92
20,13
75,31
231,184
177,85
44,134
240,157
184,208
103,100
256,254
136,75
181,148
50,180
89,20
239,127
129,106
145,128
185,107
87,66
244,125
52,212
0,162
9,158
133,144
175,113
97,151
190,131
79,23
203,59
223,195
252,175
25,143
178,180
3,244
9,18
196,148
188,252
139,172
247,79
83,39
6,221
94,138
248,250
36,157
1,4
240,100
68,129
47,40
219,47
95,138
170,81
157,239
29,17
195,218
67,187
141,176
237,41
191,89
31,24
122,101
161,243
140,162
190,146
87,20
241,120
73,113
118,87
252,40
68,16
3,3
57,41
104,201
103,12
80,88
139,66
82,15
13,221
226,61
192,32
213,29
218,180
244,13
208,39
185,28
248,220
90,192
209,85
49,225
13,66
135,168
228,43
252,168
141,7
76,64
134,87
141,65
114,204
87,133
78,25
59,244
113,51
217,93
96,183
190,34
252,215
57,50
92,241
221,255
159,161
234,3
114,196
68,169
177,224
164,90
143,148
203,45
141,165
93,156
15,179
40,98
39,154
228,35
81,252
34,196
251,62
177,108
100,134
226,140
27,130
193,225
12,154
194,40
116,171
201,200
247,162
0,45
125,255
246,63
147,43
193,231
72,200
218,69
98,58
194,204
11,27
110,49
67,224
210,29
42,235
17,227
11,69
187,102
21,52
117,58
220,84
107,77
22,193
232,163
255,84
23,33
180,132
89,50
240,238
55,92
161,185
25,102
130,251
147,36
252,105
246,172
74,225
206,100
208,113
199,53
11,44
213,229
142,157
201,196
104,91
46,185
15,166
44,230
167,20
164,101
233,73
62,4
47,105
254,97
205,25
244,5
108,78
212,208
24,150
100,134
24,150
184,31
44,98
24,145
249,222
155,53
68,207
42,230
197,199
32,231
198,236
47,237
244,199
161,166
115,217
118,10
143,49
117,153
236,95
144,2
132,169
111,204
255,130
139,202
216,134
58,115
222,118
42,230
200,118
245,38
174,244
7,152
172,126
46,22
138,135
104,138
15,195
57,110
242,26
152,157
111,102
247,239
50,192
168,124
119,179
30,182
102,109
88,71
107,33
203,202
34,50
112,80
104,112
232,69
241,235
125,191
40,125
256,7
103,78
65,206
128,240
40,40
235,158
127,254
54,54
62,40
212,212
190,104
112,16
41,208
147,122
224,23
119,88
175,99
109,10
201,224
158,196
47,255
60,140
151,155
114,96
56,231
165,203
35,111
24,189
222,109
144,21
180,208
145,92
170,130
188,48
178,205
36,51
248,34
199,35
181,116
41,222
74,131
179,17
85,184
158,201
71,174
41,145
161,32
129,12
99,242
34,102
96,35
199,174
131,183
79,51
164,102
192,100
169,214
26,230
219,180
101,159
119,28
4,54
27,172
191,133
236,227
208,247
27,214
76,93
61,53
221,246
114,237
15,29
105,129
119,101
70,254
119,34
218,131
224,247
66,66
106,27
79,26
128,190
74,55
97,107
87,15
91,245
236,101
80,255
110,240
23,37
173,76
188,172
102,122
4,83
200,25
185,163
201,68
189,70
200,159
70,79
17,156
153,18
169,73
30,243
152,215
81,116
40,2
188,227
189,117
82,13
174,35
125,237
104,183
114,214
170,54
151,0
175,220
186,38
247,28
112,218
206,25
3,28
122,82
224,45
131,135
105,180
19,128
200,104
179,34
236,64
256,185
140,206
171,254
156,65
77,106
54,79
92,82
2,146
30,37
164,42
94,194
48,32
250,62
119,233
58,2
70,87
164,246
241,101
203,102
40,169
177,180
91,128
174,34
80,124
58,217
250,237
13,177
175,246
177,121
209,83
218,27
70,83
76,86
49,0
87,90
154,240
121,106
157,39
60,149
217,25
106,46
93,55
48,158
197,94
56,159
224,213
177,240
70,95
117,79
252,106
172,196
244,127
177,40
112,54
107,19
153,120
125,250
57,141
165,175
8,20
236,27
25,226
22,38
98,165
243,154
174,90
104,180
56,253
140,197
37,216
89,164
137,80
102,235
24,12
51,161
236,207
219,82
254,191
1,197
62,212
252,135
37,167
241,203
47,143
72,8
242,184
44,12
96,179
192,7
173,111
256,137
109,76
105,42
97,193
42,136
94,183
211,34
230,208
126,89
152,95
174,160
35,109
9,153
68,19
1,110
87,223
89,193
244,53
162,106
92,8
128,107
8,87
169,219
119,11
155,156
126,65
142,77
200,24
64,114
230,96
104,66
57,253
29,194
169,83
23,183
61,111
80,216
173,83
49,65
140,31
69,210
53,250
157,53
37,109
171,214
125,143
33,228
12,232
26,237
57,93
43,219
213,16
212,255
152,109
170,235
166,158
79,65
32,50
236,83
157,190
146,57
18,64
193,76
234,1
177,203
200,72
173,12
4,83
89,52
118,195
61,196
155,54
213,15
242,106
59,247
178,139
84,168
146,239
236,57
208,65
254,80
107,66
233,89
176,36
197,201
53,119
65,198
96,146
196,99
211,150
46,3
209,59
127,159
256,58
182,236
159,238
124,61
67,131
24,57
91,38
157,203
16,253
249,224
203,10
3,231
45,131
162,217
30,99
126,221
166,226
65,119
146,39
91,220
227,31
217,127
81,215
38,116
236,29
231,222
242,66
13,86
158,22
252,203
62,144
78,71
95,223
139,160
22,70
152,147
235,46
225,162
180,79
87,3
58,65
70,21
240,47
113,181
20,32
54,102
47,7
182,162
188,98
170,188
210,100
171,214
249,214
194,164
44,223
108,137
149,233
205,62
88,234
60,33
106,62
116,80
108,221
150,132
252,235
38,70
177,2
51,188
53,18
218,0
190,22
137,207
100,2
242,68
21,145
80,175
131,37
1,26
244,79
85,199
70,233
142,254
64,121
61,108
247,85
88,140
182,136
24,200
221,94
166,218
66,40
225,212
152,18
9,169
119,89
108,205
172,2
7,205
115,203
143,158
1,240
161,248
223,54
106,58
161,249
217,204
78,85
85,150
97,236
3,1
42,93
31,32
222,56
224,57
83,156
255,77
213,32
194,101
200,25
64,254
82,240
144,78
223,114
167,102
228,152
215,0
115,74
72,242
123,78
235,232
62,243
117,134
59,212
47,122
233,13
176,188
180,198
244,35
255,167
35,84
77,197
219,88
114,56
21,157
23,205
53,89
158,238
225,162
32,96
251,62
91,256
252,247
39,185
0,3
105,178
215,6
173,145
15,73
151,170
31,149
106,45
151,251
152,131
246,49
214,201
208,127
117,125
166,74
149,5
208,14
19,35
243,141
231,250
148,100
108,55
31,47
82,78
243,216
71,34
77,51
176,165
88,116
154,66
73,126
50,226
90,69
0,179
77,92
121,11
212,115
203,206
245,219
173,236
256,73
133,194
183,1
225,26
143,85
168,30
63,38
103,189
117,226
14,111
56,103
49,117
215,42
231,35
77,195
111,147
119,100
188,44
163,64
74,61
75,115
221,42
181,53
182,248
212,178
22,133
36,160
14,36
173,176
50,156
197,151
142,232
236,59
118,93
134,183
102,40
190,215
176,140
243,218
61,8
7,102
209,199
102,67
33,204
175,247
208,121
46,234
170,211
228,16
94,19
134,81
26,6
20,6
14,73
107,6
102,131
46,238
55,112
14,93
144,160
235,18
151,168
26,149
245,53
63,156
91,203
40,105
86,65
180,171
181,134
242,174
66,241
126,24
255,32
187,125
91,173
32,86
171,67
242,225
29,100
51,91
107,70
219,205
148,75
14,174
13,74
70,8
201,108
208,252
252,206
240,153
141,1
120,89
203,58
183,240
162,129
89,204
128,104
161,165
136,115
16,90
94,176
220,254
77,108
254,222
244,240
185,247
183,252
177,226
187,250
134,224
191,36
95,175
184,72
64,189
150,147
255,122
158,23
175,225
101,45
145,138
32,256
89,3
112,38
110,130
3,33
233,152
145,71
48,145
95,123
87,113
163,52
132,18
227,239
253,123
120,156
10,174
175,37
104,34
154,133
201,161
169,17
206,89
75,0
33,98
38,131
65,86
205,182
194,147
67,122
235,220
232,31
231,189
143,110
112,246
244,20
12,109
188,83
5,144
244,113
256,255
86,59
10,194
33,199
150,240
237,122
77,127
178,233
95,231
154,71
162,81
185,29
37,205
195,51
105,238
244,153
183,15
13,108
122,230
78,46
149,187
200,107
176,219
101,94
207,126
89,34
17,211
146,207
31,5
60,109
146,91
10,227
66,51
38,34
8,254
158,8
33,177
134,10
64,20
9,204
179,76
80,198
117,11
220,115
121,243
218,92
65,84
164,44
222,136
41,39
147,156
216,166
231,60
63,1
168,92
191,128
59,70
85,43
85,237
218,218
9,238
96,33
25,168
200,146
125,157
239,245
103,39
65,79
107,167
140,161
61,52
187,55
184,211
94,111
56,150
97,222
7,59
106,174
196,171
183,116
13,70
77,134
36,126
160,120
24,229
107,68
42,236
134,155
62,60
193,54
19,255
193,186
101,153
153,35
195,16
156,75
165,141
214,118
37,43
51,85
132,109
32,241
21,52
70,129
45,85
82,144
111,221
104,128
157,198
86,230
187,10
214,224
110,31
191,228
34,118
187,69
10,111
144,168
155,172
68,212
184,90
229,212
95,127
35,107
245,222
23,27
120,235
81,144
34,211
140,152
228,108
104,66
47,40
227,181
156,193
186,68
196,210
201,82
102,12
171,236
48,21
254,9
180,188
146,84
66,21
119,145
1,210
24,241
222,144
164,229
175,214
63,49
114,147
238,160
222,239
161,203
204,84
194,74
105,152
240,172
77,190
10,140
33,192
138,256
95,252
5,210
238,111
198,106
80,29
89,83
4,72
22,86
179,196
160,26
35,51
205,117
159,87
22,129
256,157
221,67
137,126
23,66
68,72
67,192
68,226
205,1
165,224
165,223
198,241
196,218
171,102
198,179
142,243
19,105
155,224
233,89
118,135
66,201
130,107
208,222
172,200
17,115
90,41
71,254
191,28
170,141
120,49
208,238
110,108
171,79
65,121
112,1
198,201
174,200
54,192
223,190
236,157
40,28
36,86
173,168
159,135
32,117
35,242
33,173
117,234
239,88
106,179
40,103
227,29
255,208
121,121
176,22
105,145
111,213
231,9
95,155
102,248
241,214
9,153
183,17
246,179
168,148
66,56
71,177
189,249
210,97
209,67
245,181
195,163
205,50
59,16
147,47
66,54
168,27
202,178
239,178
146,71
148,145
100,215
166,196
244,208
189,169
205,90
170,34
7,137
43,19
196,237
134,143
113,29
78,154
66,157
59,50
229,46
195,14
112,130
123,206
194,102
32,243
158,237
97,171
132,96
117,221
113,192
102,239
186,96
34,147
87,244
54,230
152,25
210,10
152,55
35,9
129,238
100,54
176,80
165,170
26,109
232,235
212,244
92,186
169,185
100,248
122,34
235,78
83,109
122,135
145,96
69,66
48,36
152,0
223,142
32,48
49,0
192,71
178,146
89,234
153,3
7,103
230,137
12,136
67,129
185,68
54,118
37,47
133,71
229,17
45,6
251,192
44,84
220,189
66,51
7,195
148,80
171,44
11,115
7,73
55,144
201,233
103,238
69,222
164,0
69,143
14,10
87,253
17,177
49,241
161,152
33,212
99,108
96,32
54,34
173,141
15,171
188,4
162,23
185,79
22,192
9,151
70,97
35,43
129,21
204,223
94,129
38,256
102,113
87,72
89,131
198,98
164,254
155,246
17,192
230,118
113,178
80,17
246,41
114,49
161,137
77,108
179,154
41,192
172,240
119,8
167,233
171,172
126,75
122,83
230,59
3,253
183,72
238,234
24,147
194,90
3,174
239,178
78,106
164,249
37,55
84,86
111,156
47,93
182,43
143,238
199,6
37,157
224,128
60,232
217,126
106,226
152,31
195,211
165,78
109,46
129,133
30,250
33,251
11,210
193,201
197,43
89,139
155,58
177,163
100,71
109,57
9,16
208,99
78,153
66,182
235,7
134,251
27,171
236,48
112,144
46,168
210,97
218,179
183,253
81,221
185,139
41,113
147,153
152,94
78,163
102,20
84,175
9,203
170,134
50,189
25,192
3,114
11,2
109,203
159,38
217,97
213,2
105,45
105,144
206,34
15,75
15,79
79,224
206,206
195,196
15,240
166,156
110,236
232,212
46,23
184,216
89,110
204,7
128,202
124,155
146,151
114,81
169,218
234,91
150,141
213,130
41,242
102,90
98,88
71,61
45,63
7,244
174,207
217,243
50,60
135,220
159,210
68,17
138,185
97,43
172,68
65,48
150,60
50,10
24,218
120,165
127,144
140,116
202,34
60,33
1,90
46,30
29,172
183,104
78,218
117,18
169,246
86,183
121,82
227,171
0,234
103,161
233,252
176,17
184,30
112,190
59,131
12,100
106,62
188,90
0,20
147,10
98,236
60,132
94,105
100,187
80,37
188,89
183,126
75,131
255,117
79,153
140,26
117,51
164,185
28,230
22,204
43,149
113,77
115,66
255,223
140,205
164,231
134,36
67,241
219,13
24,50
214,40
102,83
217,200
196,141
199,43
117,244
53,139
207,75
108,124
113,220
202,129
109,187
187,237
156,10
233,166
250,42
210,172
251,193
21,178
26,256
176,128
96,113
192,205
251,251
51,235
20,105
61,122
48,12
192,107
132,112
251,23
74,23
248,0
245,115
237,52
47,14
173,191
194,26
160,19
27,71
46,56
21,252
211,83
221,65
164,33
210,170
181,49
20,210
136,228
21,142
44,236
46,126
83,50
241,11
233,66
92,202
130,64
51,91
11,198
106,8
26,33
77,28
203,207
79,20
161,38
141,91
217,206
129,19
229,14
43,23
253,86
99,143
74,6
198,166
124,152
239,141
106,3
176,25
98,4
237,145
43,42
143,79
7,207
252,33
48,138
119,30
63,50
178,149
45,239
165,213
174,163
161,182
193,55
78,94
192,232
197,95
48,235
105,214
42,120
54,245
73,134
156,43
162,49
164,97
27,144
240,152
158,73
166,243
16,95
76,195
157,49
35,159
165,80
206,32
212,63
143,44
225,224
120,101
57,106
200,151
187,134
55,206
142,37
51,156
229,245
117,16
246,225
158,173
229,22
181,8
242,184
132,51
133,132
43,108
226,121
49,103
122,8
158,59
29,203
44,17
196,227
165,46
20,174
254,59
13,115
142,103
247,116
27,157
5,240
71,254
248,162
103,75
22,111
172,94
248,5
256,244
69,211
230,133
231,67
140,209
161,48
119,186
196,6
188,52
106,42
178,146
92,104
139,67
201,138
234,256
28,104
74,92
234,175
132,135
43,91
172,127
216,250
40,109
197,233
96,51
55,75
14,37
31,180
42,217
185,115
152,252
246,248
239,231
14,33
73,148
11,139
142,143
87,35
123,82
233,93
184,105
204,94
185,176
60,105
22,163
83,245
97,97
98,194
77,204
167,178
83,7
127,130
188,33
3,224
30,63
105,246
230,117
98,163
82,213
202,221
85,70
46,5
94,214
170,191
156,125
136,114
243,230
81,138
103,131
171,78
33,66
83,3
12,218
116,252
58,136
234,250
153,24
152,219
166,208
252,137
246,219
238,234
114,206
117,41
238,197
3,188
207,145
227,233
206,127
120,223
131,35
203,48
173,171
155,83
192,44
45,29
35,0
233,208
143,69
13,122
256,108
214,69
32,6
151,194
81,242
28,133
106,114
183,218
48,216
199,101
148,148
168,133
229,203
12,35
160,52
33,82
236,56
93,256
248,199
189,145
223,122
28,201
8,242
55,60
166,141
46,8
227,122
225,27
94,189
62,5
108,216
11,205
251,230
94,217
8,87
52,110
218,187
78,8
198,143
102,165
201,78
8,196
88,177
10,47
114,204
1,91
178,145
168,239
140,139
60,28
38,57
234,245
211,65
234,204
70,101
235,73
196,77
232,146
74,173
167,54
150,154
215,45
124,128
255,247
221,53
163,101
142,172
227,109
77,20
85,184
228,60
120,34
179,215
43,50
92,120
70,116
201,203
108,225
176,61
11,165
152,28
192,82
189,20
26,60
195,74
249,238
180,235
45,187
238,119
171,91
30,172
216,6
255,130
205,187
20,196
26,93
113,160
224,105
75,126
116,123
67,48
161,50
38,100
108,83
250,160
162,206
207,75
43,201
66,31
147,21
147,72
47,214
229,230
243,196
14,55
43,49
59,246
64,22
152,162
10,69
237,109
213,62
9,234
7,19
210,121
190,6
186,190
82,226
40,187
50,97
122,144
177,251
134,107
238,31
47,72
36,69
41,192
24,233
169,142
169,20
5,2
45,130
115,21
139,225
180,189
38,238
206,161
200,28
173,144
4,98
41,233
32,8
240,6
109,180
36,205
31,209
50,75
73,221
1,38
229,38
145,177
168,194
41,217
179,31
225,232
180,5
88,50
137,130
242,88
93,117
54,236
191,74
98,85
48,8
3,5
14,207
56,77
129,197
229,248
173,231
50,242
202,208
228,173
129,14
73,200
51,59
171,170
207,104
112,103
92,211
37,49
31,123
45,225
247,93
111,26
90,215
70,126
181,144
148,63
213,199
53,35
21,95
245,255
234,33
121,55
242,156
112,25
99,38
85,115
151,128
206,231
17,8
137,253
145,40
79,122
63,173
155,43
0,164
168,167
255,12
137,131
44,156
17,211
239,74
219,16
163,20
48,13
182,197
1,50
164,148
117,9
19,183
146,177
190,214
49,124
235,212
155,102
206,206
105,97
76,40
73,24
159,232
176,247
250,160
135,176
29,210
38,208
154,162
0,158
65,132
126,206
76,238
202,144
149,17
125,190
57,94
127,35
15,123
68,8
82,246
36,185
28,206
14,104
17,196
223,101
205,231
211,34
103,76
25,99
126,110
37,155
65,7
133,51
5,88
37,168
156,135
98,25
1,42
33,13
150,72
201,45
76,152
131,199
150,116
61,26
248,212
120,245
33,243
202,8
93,218
109,175
140,230
194,248
39,56
224,209
153,237
139,4
82,210
69,156
166,60
128,246
208,41
68,106
115,150
45,67
83,177
9,4
215,214
83,176
135,233
227,66
99,10
212,42
80,72
136,197
148,85
137,205
166,130
161,142
14,148
61,37
75,63
53,82
143,177
203,222
8,24
173,238
196,222
221,94
175,185
54,192
107,39
190,232
124,242
201,70
2,59
28,254
166,80
6,97
181,71
60,59
159,47
244,132
51,95
116,163
43,213
61,66
193,187
132,255
182,212
241,202
239,236
4,3
34,227
129,7
64,193
5,100
80,138
115,14
217,63
26,168
120,163
30,83
24,248
234,186
250,237
227,56
178,209
212,169
60,23
25,122
128,133
248,76
39,24
246,167
113,25
137,215
121,169
169,253
227,199
187,118
159,139
241,120
34,174
38,182
183,223
228,220
91,8
256,208
187,231
19,29
234,252
144,163
156,14
226,11
254,91
221,227
246,42
235,72
208,131
88,255
174,2
229,131
18,146
229,36
104,123
158,109
220,3
12,164
193,3
113,28
93,166
0,70
229,214
114,48
238,78
74,196
100,108
247,188
234,179
223,200
10,130
99,2
225,218
161,126
206,220
85,130
236,160
101,227
7,216
251,69
89,68
95,35
251,204
37,84
154,172
203,20
162,70
146,137
188,109
253,197
151,62
175,119
240,64
119,237
86,178
216,101
57,194
233,141
83,30
160,215
120,167
157,176
113,185
102,11
163,114
127,68
223,78
239,111
43,28
246,65
227,48
176,191
242,28
208,216
178,209
188,184
57,238
234,18
86,232
173,183
84,234
102,92
84,114
175,163
124,1
35,2
216,182
38,163
92,235
36,236
227,41
2,69
237,214
186,91
89,154
187,137
239,220
50,120
94,17
162,5
41,114
103,3
235,31
206,243
163,139
247,34
236,64
223,3
207,84
119,111
43,224
148,87
92,147
179,171
65,157
112,195
27,94
183,100
139,74
94,140
71,111
75,218
13,226
251,180
167,180
61,89
17,125
184,84
0,121
91,2
242,71
208,91
158,59
190,223
161,204
158,100
171,96
1,138
102,43
151,229
233,19
82,49
232,144
42,17
57,29
205,7
25,113
97,232
72,23
140,137
162,237
47,73
170,39
211,221
50,170
46,54
155,39
33,132
157,74
36,172
12,52
99,159
88,172
163,194
156,132
115,169
68,237
210,132
124,133
19,138
190,3
17,207
141,53
245,20
183,37
228,164
228,48
160,252
6,66
249,105
180,192
234,60
225,113
176,144
14,61
130,118
255,143
230,1
39,158
179,134
146,130
48,224
112,168
254,216
130,125
170,243
75,255
101,62
158,29
160,42
216,5
221,225
212,6
217,95
111,167
34,100
58,169
111,216
156,223
107,175
39,62
244,127
147,211
108,143
111,94
28,149
19,54
180,23
137,140
31,230
178,22
209,72
80,178
139,198
8,5
202,124
92,246
69,198
103,176
202,99
171,114
143,26
141,109
99,86
22,61
152,84
87,21
83,72
151,3
229,2
117,57
51,209
86,173
161,108
25,126
26,25
194,191
183,233
71,141
11,105
194,54
76,157
145,133
11,40
240,102
139,7
5,118
207,193
35,256
72,51
248,17
95,87
237,22
45,162
239,197
175,152
67,1
195,71
113,66
162,79
152,106
45,123
251,159
101,186
5,253
1,39
116,82
217,100
240,113
79,232
15,198
186,137
2,217
135,27
3,36
231,231
117,82
119,248
218,199
143,54
67,176
104,176
104,64
226,245
50,243
89,137
131,240
1,8
189,152
14,242
101,138
105,141
152,221
191,256
51,216
29,225
84,228
89,44
97,116
209,14
156,123
50,11
84,47
141,91
136,155
189,200
3,52
33,5
214,202
219,207
50,103
171,143
214,25
254,25
206,119
220,148
122,255
227,130
235,64
42,63
58,197
63,13
206,65
45,35
56,129
13,14
234,13
12,252
218,30
136,192
119,63
63,220
162,179
176,37
29,187
131,143
23,140
253,119
208,46
39,127
219,69
45,123
49,16
202,82
65,7
27,252
244,173
19,7
217,204
129,26
247,238
144,137
10,226
182,191
12,204
235,191
130,36
78,60
40,166
123,223
191,248
179,68
157,231
231,41
240,205
112,67
98,38
154,107
130,122
60,137
233,200
126,206
79,13
108,199
181,99
56,80
199,180
171,134
136,214
256,254
222,11
199,125
241,138
60,49
125,29
104,41
189,183
39,54
151,11
14,24
6,172
159,18
71,20
210,35
224,213
164,21
184,68
161,112
146,164
21,230
143,104
166,173
203,127
218,213
75,15
37,144
80,139
179,151
158,242
130,97
124,209
161,74
190,5
227,253
231,178
211,62
171,66
215,208
25,75
121,246
212,57
14,144
188,163
73,88
159,40
110,59
55,204
66,65
202,224
185,21
65,51
9,52
28,103
213,199
233,63
39,86
9,139
233,115
49,119
255,44
211,143
133,215
152,19
62,204
132,117
26,127
136,19
256,103
61,127
177,224
24,204
214,51
227,243
69,10
247,205
23,72
23,65
225,108
165,136
238,241
116,63
167,193
234,70
233,139
169,168
184,216
23,3
136,5
231,21
150,211
59,246
37,71
41,195
194,142
255,94
50,35
181,59
96,135
188,223
8,67
215,76
116,150
67,241
233,69
53,113
10,253
176,195
239,3
55,85
231,37
98,203
149,138
171,15
57,133
163,135
2,86
223,153
40,1
172,151
140,199
174,94
135,50
199,217
21,147
76,50
97,175
180,69
43,124
10,39
38,47
76,28
51,96
131,132
202,67
228,46
162,81
241,10
29,231
185,234
205,70
86,111
100,107
74,253
3,103
16,68
1,246
100,78
194,115
146,57
230,52
153,24
198,63
73,98
181,218
29,175
66,68
88,85
73,56
223,122
104,142
131,171
95,246
109,2
129,46
193,25
254,190
206,174
230,235
1,247
158,223
192,80
172,106
59,16
84,204
38,2
215,10
223,139
144,220
219,111
2,118
9,16
243,239
89,227
104,109
142,171
245,42
186,229
177,26
235,37
254,92
71,105
159,187
84,160
0,187
150,256
180,158
66,231
143,227
39,97
99,204
34,30
113,100
180,231
80,8
181,138
60,92
17,61
99,50
84,167
55,157
193,26
254,111
144,30
116,247
94,102
47,100
154,2
57,130
17,241
99,223
174,204
243,172
100,201
90,111
235,54
242,38
232,121
7,247
78,162
151,115
3,71
6,221
178,128
55,39
36,137
98,248
165,104
151,82
191,225
140,97
135,109
61,29
164,44
193,26
63,184
35,121
42,34
60,83
116,185
190,208
236,24
151,232
101,173
183,36
108,52
183,222
137,71
145,79
179,153
208,29
31,55
87,92
60,229
73,19
7,29
35,215
106,24
166,19
57,100
223,218
188,15
189,222
26,99
189,56
249,169
150,108
172,31
90,125
66,127
195,21
106,117
228,247
11,30
48,184
237,187
71,8
153,177
209,76
44,167
224,223
55,122
183,196
6,125
167,82
228,195
163,190
31,178
212,13
25,110
102,156
90,167
89,22
104,105
142,130
86,217
66,61
52,136
190,236
186,216
18,191
6,89
107,207
176,89
128,118
119,83
202,236
2,10
90,113
236,51
100,224
139,56
145,152
248,68
17,100
207,70
204,180
107,164
155,97
256,68
152,169
27,20
247,203
102,145
145,83
87,124
239,14
104,165
74,109
236,237
122,222
102,222
23,99
17,251
157,13
26,63
83,199
154,194
232,43
65,249
14,234
52,8
243,95
192,84
146,230
69,239
194,212
111,58
58,224
76,105
188,77
60,187
33,11
255,115
219,158
3,246
86,168
135,119
163,119
113,112
139,150
208,148
144,207
121,228
162,225
141,154
160,162
112,192
150,146
164,107
256,212
87,191
200,76
155,23
109,91
131,137
149,137
126,156
168,193
235,25
92,140
232,220
30,17
51,68
149,60
83,7
80,152
18,221
143,106
37,137
179,92
55,78
98,20
1,50
96,33
117,67
208,208
18,212
224,198
163,131
237,120
198,12
105,248
167,217
169,243
57,61
35,47
19,30
93,13
114,60
22,250
121,32
247,83
152,134
43,100
236,152
45,248
109,56
19,221
138,79
34,158
229,200
71,93
248,249
246,143
108,110
104,161
30,28
170,174
105,105
33,153
15,67
43,173
230,72
128,243
119,51
216,198
161,179
55,134
135,183
155,184
117,161
247,130
21,162
240,169
76,112
229,53
88,138
201,224
141,160
115,59
146,251
38,126
116,162
236,203
5,68
18,237
225,101
42,83
35,179
91,163
138,86
65,94
116,6
247,218
248,105
48,107
33,206
68,122
74,248
173,204
25,204
44,172
166,180
77,37
27,64
164,116
99,203
4,182
134,193
150,6
62,169
12,255
74,168
69,233
199,253
98,81
45,30
167,66
141,249
60,247
92,59
172,112
121,95
202,153
34,39
174,157
253,192
255,80
163,57
49,44
163,55
178,160
120,56
171,173
148,225
106,53
195,102
55,167
180,0
1,158
41,55
211,10
165,110
71,232
117,103
152,47
214,205
8,203
9,101
241,105
119,72
49,52
97,224
169,164
161,142
149,245
1,103
250,251
216,230
150,188
95,90
175,46
42,54
134,170
158,90
210,71
77,190
114,21
155,22
27,94
231,148
173,171
252,76
246,252
66,50
147,118
120,166
166,206
102,102
176,23
78,235
10,57
33,237
4,169
253,61
229,16
252,78
130,177
233,49
99,6
253,15
230,136
179,142
31,179
216,107
75,211
203,88
158,160
155,213
170,170
168,117
117,52
243,166
122,110
8,147
228,123
147,191
107,221
73,35
206,203
84,196
33,219
98,25
148,208
222,135
159,46
35,82
172,102
201,36
140,216
151,83
66,67
209,151
28,194
234,156
150,151
54,116
43,197
175,198
71,25
171,65
254,209
109,125
82,188
241,103
217,36
133,206
197,48
201,31
185,29
113,141
107,163
233,54
40,7
63,193
98,4
73,208
106,132
49,92
233,26
159,183
56,7
201,109
113,55
208,42
233,45
135,121
120,186
151,99
197,111
205,144
196,29
26,198
50,232
112,153
63,76
20,141
118,135
15,21
34,94
49,101
242,253
146,37
171,79
69,94
173,154
30,27
175,139
107,106
211,74
61,29
81,207
175,103
49,108
77,145
9,74
53,239
163,43
35,68
110,9
37,177
237,81
17,67
188,9
123,2
189,6
5,65
182,94
247,212
19,106
244,132
118,178
132,169
21,249
157,145
86,228
135,187
249,133
125,13
204,43
61,63
106,62
31,140
104,126
60,105
160,14
130,63
174,164
152,58
253,134
201,199
96,131
137,217
118,248
218,94
86,159
202,193
242,138
68,89
137,150
53,85
203,44
213,241
84,37
235,168
254,197
209,3
162,110
59,41
46,44
47,135
177,239
93,173
108,53
205,186
126,76
205,127
60,136
190,229
53,110
58,18
202,253
81,114
93,27
83,180
112,227
233,90
6,54
238,76
196,166
46,169
236,179
218,33
248,28
39,93
162,170
149,64
157,221
165,62
204,187
162,82
3,195
201,39
10,7
1,131
212,4
159,107
39,4
192,57
79,173
47,251
229,117
226,162
179,23
136,178
132,37
239,32
152,166
97,171
212,149
10,98
164,229
35,7
110,232
20,241
90,44
253,185
159,43
236,1
118,95
215,162
81,114
168,67
217,152
58,8
96,108
163,184
33,149
226,67
88,214
167,210
90,212
226,126
177,255
121,3
13,44
75,0
0,133
149,84
89,71
247,240
244,230
120,76
55,59
55,76
33,73
137,32
100,125
233,17
152,24
140,202
225,148
14,206
246,80
170,151
220,223
81,50
124,90
43,66
30,101
212,19
29,139
50,27
163,200
244,149
60,187
172,119
141,242
115,155
229,199
124,58
74,224
213,231
2,233
102,75
135,189
156,163
116,196
182,184
244,121
28,44
70,247
125,192
96,125
135,83
163,35
82,2
141,91
78,49
156,133
79,69
201,75
95,162
177,22
75,104
130,245
43,34
20,9
161,77
172,182
149,156
24,1
199,115
216,8
125,115
69,178
166,71
47,75
102,27
177,231
49,232
191,3
114,140
229,217
235,0
253,248
82,114
179,220
143,114
135,7
24,57
23,147
244,209
5,117
30,54
75,230
51,231
147,193
250,157
126,183
189,149
2,119
91,100
5,247
196,7
34,61
158,101
9,121
33,114
126,125
55,115
48,205
241,127
25,142
58,119
63,198
234,217
201,29
172,64
119,190
243,177
76,236
254,141
240,29
218,19
156,136
194,106
9,153
181,115
205,136
71,40
10,214
217,80
231,39
128,209
248,138
171,248
22,221
21,34
222,231
245,133
53,143
34,180
242,137
66,197
201,219
177,22
114,253
68,92
114,40
249,84
211,183
125,24
171,225
63,207
145,15
168,58
128,120
194,230
29,174
82,245
35,39
64,73
1,245
201,244
200,182
34,67
250,147
42,197
254,37
13,226
132,246
256,178
151,103
229,61
140,21
31,93
37,167
199,148
5,28
24,19
179,10
77,29
37,149
228,217
140,199
225,28
84,100
155,121
146,197
67,254
254,59
32,0
178,231
62,156
230,49
0,177
165,179
79,6
15,222
242,149
57,86
205,79
153,187
91,99
92,168
52,53
187,156
1,157
39,174
152,58
118,193
126,54
20,15
73,185
124,42
24,222
198,40
132,101
28,53
140,83
18,195
245,197
78,243
127,123
106,149
159,233
227,62
234,100
121,35
125,192
173,216
191,229
68,227
153,249
132,40
80,73
121,224
14,209
25,8
22,142
61,22
237,87
129,215
18,191
27,236
200,68
155,146
165,152
184,144
42,40
246,102
92,252
229,36
171,199
145,252
245,232
200,28
157,112
26,166
244,0
115,188
116,119
205,200
154,84
134,215
97,175
54,78
20,91
37,134
94,120
142,113
120,27
222,70
146,37
89,163
234,115
146,156
150,29
4,151
241,103
58,216
220,94
32,130
139,146
77,250
24,193
216,62
173,79
46,185
230,39
128,66
35,46
253,90
11,116
244,247
79,141
74,255
15,66
97,36
143,184
0,203
85,144
10,247
249,43
119,98
54,4
58,173
143,125
256,227
138,69
252,135
118,57
49,91
81,184
92,47
223,124
226,97
96,92
169,102
111,252
238,213
17,162
2,152
158,55
91,41
26,249
174,52
192,172
196,150
51,211
183,250
28,41
177,96
89,112
35,133
110,112
6,252
24,219
219,34
106,250
60,53
0,34
168,232
106,158
173,170
18,136
77,64
180,33
43,106
243,159
205,131
251,138
106,202
234,9
103,183
170,35
7,146
21,8
218,28
8,135
199,39
136,156
149,225
35,118
221,29
192,170
222,167
234,20
22,108
245,235
247,218
64,29
98,254
95,145
101,19
73,146
207,209
37,84
150,23
172,63
94,13
92,150
49,212
148,93
214,193
125,145
139,67
157,191
151,255
114,229
28,142
113,204
69,149
63,108
211,136
46,111
225,144
218,192
92,29
169,207
33,154
122,90
219,176
235,71
170,72
70,127
34,17
79,163
31,92
18,123
82,62
141,45
147,139
18,51
73,110
111,33
177,217
156,232
23,172
91,169
210,230
247,33
199,251
194,14
134,97
12,52
47,11
46,186
31,244
44,216
179,129
164,2
13,123
69,64
17,57
205,63
71,236
218,219
36,208
75,113
156,200
74,22
60,128
20,216
135,253
43,37
96,142
193,77
74,49
194,232
55,127
123,33
232,230
167,67
125,88
202,179
7,137
48,63
15,248
247,160
2,105
190,125
215,81
206,114
64,116
159,57
84,53
161,187
149,224
181,5
14,200
232,85
235,186
219,50
24,252
139,131
165,249
66,62
244,155
210,124
97,211
131,2
3,217
118,130
74,72
183,189
123,72
11,182
220,110
256,255
240,210
91,163
195,115
53,94
10,83
199,57
238,182
203,81
98,55
237,21
74,65
107,191
56,55
62,128
172,239
84,235
193,231
233,16
77,6
10,59
73,234
43,72
206,166
53,141
157,68
144,84
113,115
136,76
169,165
19,52
56,237
165,165
63,166
148,90
248,5
246,103
192,100
85,177
46,226
7,15
196,30
204,183
237,76
135,206
233,126
100,146
177,173
13,62
150,228
36,214
95,190
44,207
157,78
72,123
56,256
136,55
250,62
187,149
253,230
59,121
183,127
84,234
144,141
227,160
3,64
70,209
28,176
47,117
30,56
224,57
214,18
50,254
166,168
215,185
193,216
194,178
118,108
170,116
241,242
125,32
155,141
171,125
184,254
26,228
38,176
230,116
35,134
120,142
250,176
34,53
46,6
150,249
122,186
57,224
210,167
244,141
14,80
122,189
86,217
149,208
24,212
159,72
208,237
190,24
36,225
39,159
38,192
142,238
44,181
12,134
173,119
247,184
236,72
227,194
230,52
215,163
11,55
5,228
223,133
254,241
186,187
63,146
168,102
49,34
36,225
121,111
183,16
188,184
211,169
242,162
131,71
98,195
210,29
49,56
223,88
55,229
45,191
222,169
100,205
225,118
218,134
242,244
26,127
156,162
63,208
144,128
53,117
94,135
244,132
240,249
188,163
61,249
186,228
100,88
209,245
93,10
170,151
220,149
242,111
91,16
206,63
133,243
136,153
81,28
144,222
126,228
67,33
117,161
106,241
176,68
88,232
157,188
198,182
104,27
82,256
59,252
93,151
30,154
59,246
231,130
149,196
200,23
10,234
131,132
51,132
253,124
176,35
205,162
144,10
35,164
77,167
217,130
227,176
143,126
209,210
54,111
125,78
233,124
90,160
232,252
174,70
254,4
162,252
105,54
252,220
108,113
151,200
47,25
246,128
221,105
219,140
248,1
25,224
253,131
186,244
133,36
81,98
137,246
89,49
185,175
200,227
138,94
185,135
137,118
31,37
126,112
255,137
251,93
27,130
165,187
239,115
199,225
117,33
60,145
70,236
15,170
92,156
246,135
32,70
186,152
254,8
200,47
115,139
210,79
200,56
66,8
39,210
120,171
31,182
78,217
182,247
206,128
127,234
48,250
48,41
18,174
19,106
134,91
20,62
55,77
77,65
81,0
65,55
175,27
219,235
90,132
98,94
178,2
108,201
60,28
103,237
120,3
83,27
12,116
240,195
37,87
120,60
1,108
143,198
200,161
148,178
199,46
7,218
52,124
195,167
106,242
141,54
224,55
54,251
171,229
197,219
122,63
170,176
233,138
225,20
110,232
101,16
135,252
6,15
182,15
242,112
253,79
7,213
220,240
180,150
244,231
130,52
165,40
29,155
52,65
205,213
230,87
104,153
207,250
94,238
243,154
201,213
84,190
9,28
87,67
85,128
41,132
49,234
94,222
55,196
106,231
121,96
24,90
130,123
73,148
12,18
108,8
72,60
56,146
47,198
147,63
105,253
25,37
231,132
53,240
118,131
222,125
29,72
178,24
7,160
119,5
67,131
238,9
135,181
127,49
202,45
171,182
192,172
154,172
128,58
8,142
256,182
128,218
100,129
55,82
92,81
137,79
129,133
146,203
149,81
142,176
157,154
157,147
252,52
139,39
123,123
211,106
51,78
99,107
119,119
23,162
85,239
153,204
28,126
119,3
187,195
115,154
174,221
68,153
13,133
234,19
173,171
44,177
98,85
201,204
133,192
215,254
233,42
212,23
6,32
36,164
15,246
93,178
249,7
169,256
32,114
191,216
172,117
56,68
248,124
55,150
166,156
84,43
27,72
97,115
24,68
191,243
204,217
9,109
179,21
87,17
208,199
11,129
23,27
45,208
186,4
10,82
151,157
75,211
127,77
47,175
191,4
56,205
86,128
3,171
34,172
86,165
58,133
48,161
75,235
116,225
16,250
247,205
253,78
32,27
201,254
197,0
245,152
2,64
14,117
29,63
114,12
144,172
113,132
175,137
133,168
137,55
22,169
128,159
122,90
50,43
173,87
123,88
18,154
165,103
223,237
165,35
205,210
88,149
193,40
30,88
225,119
131,6
97,135
98,8
96,200
42,1
13,158
123,59
74,3
5,181
163,109
170,81
128,52
65,124
38,144
54,122
78,180
132,184
143,252
140,50
241,23
164,48
103,65
220,236
246,189
72,46
94,174
54,93
113,24
200,182
61,23
233,215
185,52
209,27
215,113
233,140
194,58
169,156
112,42
158,160
150,76
179,151
39,248
200,256
40,232
158,246
13,56
9,253
190,57
227,84
109,36
1,115
115,62
11,12
193,185
178,180
19,235
85,90
3,228
9,137
52,14
129,119
98,118
48,71
225,11
174,113
15,84
190,20
121,45
209,138
176,25
132,206
55,196
183,97
109,38
17,126
114,131
232,147
33,246
247,244
78,18
228,66
230,111
126,32
87,246
1,176
201,201
252,229
186,132
84,170
77,145
27,64
82,44
149,233
194,235
202,143
179,108
82,181
138,62
213,167
241,135
162,67
93,209
152,29
237,124
82,2
211,9
45,150
252,248
36,110
34,110
13,59
149,102
10,196
182,193
172,241
251,143
90,224
21,246
107,245
20,35
203,170
25,203
153,42
144,106
120,146
191,201
136,123
26,154
162,172
139,239
6,248
157,245
65,46
113,115
131,146
147,188
244,168
46,138
80,29
16,95
11,178
2,150
184,153
80,108
39,108
143,198
18,225
54,1
183,238
204,229
47,248
223,165
256,238
46,44
202,47
162,69
33,13
48,6
205,82
163,104
78,62
35,185
213,93
69,24
163,161
90,16
242,46
154,192
144,46
87,71
241,218
215,22
194,54
154,195
157,153
182,211
254,124
134,152
247,171
156,72
33,87
134,238
177,226
227,16
78,130
242,130
216,238
119,181
227,52
8,57
25,49
191,206
188,200
21,125
193,241
167,54
35,146
152,149
170,43
126,46
191,123
1,27
53,227
0,62
132,68
138,22
225,198
72,168
140,159
134,179
68,85
47,211
256,40
42,9
84,37
194,100
42,132
12,207
3,39
88,137
176,175
148,196
162,0
192,196
252,5
73,179
251,101
162,94
102,136
107,88
232,181
47,238
211,106
169,25
126,70
153,174
77,5
27,111
252,35
17,140
188,102
175,45
8,116
22,0
190,11
233,0
230,54
27,8
75,150
9,211
147,161
101,135
220,110
114,66
109,76
253,121
256,63
205,22
5,193
233,23
174,28
152,142
107,22
150,66
103,73
217,135
47,230
254,213
211,15
20,227
247,175
18,175
157,230
189,240
35,114
156,155
220,242
80,155
36,30
246,128
149,217
6,116
200,252
99,196
226,123
93,150
59,90
120,229
53,252
71,53
238,113
102,81
132,206
4,141
32,104
234,226
233,232
30,200
46,1
105,103
207,206
15,131
128,169
198,170
118,145
26,0
128,77
24,87
236,25
52,104
231,169
31,71
171,225
23,88
142,247
122,51
7,23
31,194
219,18
209,252
4,253
221,131
25,207
122,210
251,163
58,117
164,102
14,232
193,240
183,194
68,240
0,188
29,201
86,159
8,182
98,220
179,25
229,158
68,76
252,59
244,64
19,154
57,40
172,196
211,151
189,256
1,53
249,105
230,37
243,143
243,216
68,191
39,131
213,221
241,138
51,5
90,75
152,44
225,80
139,97
115,154
205,96
242,152
146,31
137,250
68,78
198,101
231,132
53,23
14,104
116,183
159,243
144,167
39,147
109,221
8,53
157,254
143,244
256,139
233,187
189,252
9,149
119,170
32,149
181,4
6,8
6,238
64,213
231,228
142,60
123,224
54,251
122,104
174,70
229,54
22,236
107,177
53,14
132,135
98,38
256,81
93,177
250,16
144,64
127,138
40,176
59,13
54,19
4,208
48,233
75,22
146,61
171,211
105,251
132,115
30,212
75,84
234,8
94,143
155,167
256,200
62,236
204,147
119,238
198,48
81,166
9,23
9,159
176,195
53,51
206,98
12,87
10,245
176,149
129,62
19,159
149,184
229,147
13,211
35,148
27,154
175,188
24,119
146,220
96,188
216,253
256,139
237,9
41,77
106,59
19,107
32,158
220,32
29,86
4,132
120,29
128,253
148,231
250,97
208,26
158,16
143,232
90,165
76,23
170,70
241,221
175,81
25,139
49,16
181,118
56,255
46,129
127,40
141,231
243,226
82,232
0,34
132,56
166,234
56,152
168,107
28,76
51,68
154,104
224,6
226,223
142,251
155,158
114,78
78,183
50,83
161,223
220,170
144,225
157,202
120,72
243,254
108,173
186,190
151,247
230,233
1,137
95,238
83,60
74,153
49,56
65,201
63,162
46,160
3,200
123,144
3,247
3,218
40,211
173,66
196,41
156,82
53,115
48,119
96,42
126,54
144,156
23,222
254,220
247,191
93,175
247,10
239,136
97,250
6,249
79,196
229,177
113,151
54,199
12,218
20,116
129,161
120,112
145,53
16,113
101,84
232,130
156,245
253,92
231,111
49,130
219,59
21,145
197,173
51,170
6,142
84,5
195,97
47,184
60,92
85,75
158,54
223,25
92,158
190,193
94,238
46,250
229,63
220,182
192,182
14,228
97,155
235,171
253,221
229,105
179,207
105,234
139,148
108,242
30,194
157,169
81,111
74,185
39,202
200,86
161,54
115,227
110,130
102,28
197,240
139,76
84,118
166,19
226,95
200,125
189,144
221,154
14,76
208,110
82,97
161,38
189,250
24,225
68,207
56,202
45,196
75,66
144,106
167,139
129,185
163,99
21,197
148,2
256,88
203,144
105,243
39,0
111,69
154,170
143,5
211,50
205,126
153,135
71,84
116,0
29,56
44,68
235,255
34,49
140,196
239,101
103,92
177,216
88,120
167,41
27,104
203,173
136,131
245,206
90,203
40,167
200,231
40,203
96,202
1,2
216,172
98,18
145,77
87,148
230,149
95,171
256,139
95,59
245,88
217,168
192,58
118,145
24,178
193,235
126,6
135,206
21,87
183,2
54,232
12,158
202,55
47,109
230,98
2,24
122,123
48,47
74,96
22,240
28,180
133,12
176,243
216,137
34,117
178,156
76,146
38,9
83,43
175,51
233,69
200,150
195,254
229,227
105,250
208,81
213,164
231,227
189,96
152,111
35,49
127,32
129,93
33,132
226,113
67,31
181,109
89,169
162,114
166,184
55,24
105,84
249,127
233,87
155,30
218,12
125,182
218,214
108,209
194,126
159,221
213,122
40,3
71,142
8,40
73,46
144,184
195,152
141,220
145,68
147,144
216,32
126,13
191,176
164,237
52,191
39,123
156,32
136,143
89,118
229,172
231,167
160,93
172,122
107,91
21,220
190,6
219,43
153,71
198,174
35,94
210,164
108,231
224,85
121,46
236,165
175,111
50,114
29,95
172,54
10,12
166,217
176,36
21,170
109,193
90,170
95,191
190,23
12,220
123,200
54,151
111,210
188,207
36,85
125,20
211,33
12,212
49,204
37,112
254,54
153,88
123,99
87,127
89,35
179,8
221,80
84,207
137,98
170,79
166,235
230,16
219,57
224,231
182,243
108,132
223,75
118,105
86,256
63,253
180,11
13,220
126,74
87,177
230,83
178,167
102,188
199,68
97,74
172,40
140,126
27,34
96,231
38,122
133,162
208,132
159,14
245,100
226,61
159,256
0,103
131,42
254,109
77,213
16,16
237,253
51,95
189,181
85,142
60,41
20,167
136,22
1,28
253,171
168,256
61,30
57,90
9,32
13,68
126,121
39,247
226,192
30,120
57,39
122,95
210,81
94,253
44,120
5,58
23,130
246,253
25,113
13,118
183,106
28,157
149,183
210,202
199,163
201,162
246,106
9,245
29,144
129,236
12,202
227,219
18,102
23,207
109,18
173,154
97,108
194,106
202,137
27,197
204,64
8,159
22,37
176,106
64,255
212,55
46,208
58,134
153,58
158,122
149,71
96,68
219,33
149,54
170,217
6,247
208,108
229,240
38,13
98,121
23,43
196,40
70,249
106,43
185,212
221,256
135,41
252,169
165,175
187,69
152,134
40,4
185,35
101,88
33,4
220,171
167,128
226,103
157,71
176,195
208,243
190,8
76,2
69,102
142,47
149,187
39,193
230,243
75,112
167,244
150,207
83,140
159,227
153,162
245,181
130,61
65,178
123,199
194,90
12,142
61,92
157,11
7,74
158,29
124,239
240,186
189,176
168,5
194,132
126,147
217,188
45,182
27,197
232,198
145,98
72,16
95,104
239,38
176,89
11,81
206,25
76,158
34,45
235,79
57,60
160,237
160,43
4,19
47,164
138,215
246,78
140,156
17,241
52,70
237,211
118,196
4,113
106,222
230,62
250,116
252,125
253,53
13,46
182,86
119,44
67,201
129,33
59,58
129,64
256,46
142,141
111,225
109,187
184,116
147,105
98,140
206,78
162,172
18,125
91,207
195,28
63,36
179,166
0,72
82,198
29,179
204,153
102,104
59,44
81,138
243,9
54,43
146,46
195,197
251,21
87,218
118,13
178,93
135,219
22,166
144,226
51,220
123,121
243,36
28,34
35,188
198,97
136,110
26,18
38,231
162,191
74,164
76,153
211,240
3,127
16,98
68,154
40,251
81,162
184,91
42,53
170,92
1,23
92,96
189,4
228,154
135,42
172,200
214,14
99,158
64,229
84,18
182,136
197,131
123,67
163,146
212,184
194,11
53,117
113,18
27,254
140,180
198,46
80,187
165,254
190,180
36,126
53,122
133,167
20,246
83,21
23,123
46,124
214,89
28,67
53,82
195,223
215,173
244,47
47,180
10,252
235,16
172,8
82,102
31,160
235,155
161,32
46,123
142,175
92,234
0,145
122,201
87,164
33,116
196,136
226,101
73,52
10,9
93,20
73,91
229,117
103,106
129,208
80,77
116,244
188,217
231,108
185,93
64,240
12,19
86,21
25,87
221,159
238,30
118,110
53,50
180,28
98,129
25,96
138,212
73,115
205,94
79,25
246,175
108,80
250,98
9,122
154,85
142,40
59,120
130,3
169,221
132,125
5,221
28,240
50,132
213,14
2,199
152,245
98,186
104,242
193,251
28,5
204,188
115,105
43,167
101,220
159,234
101,60
188,81
118,110
178,42
31,2
118,130
218,99
166,25
221,219
181,158
43,226
167,211
30,174
193,149
246,60
230,161
67,10
101,183
192,231
94,137
61,23
231,163
217,76
43,60
229,89
168,78
113,188
240,24
41,98
162,163
10,107
192,170
36,174
140,101
146,90
251,19
167,40
87,81
219,209
11,36
118,130
73,170
159,105
229,228
78,189
74,238
32,88
106,3
179,186
151,24
103,44
168,225
57,134
211,65
175,113
49,155
192,219
175,157
163,23
36,58
113,232
86,135
132,115
241,228
110,134
51,221
236,30
145,86
237,187
109,232
213,27
13,230
3,76
101,59
174,57
9,73
91,144
88,180
188,233
205,138
254,30
113,244
90,84
253,22
138,104
11,21
31,3
145,32
29,223
189,179
76,8
45,74
51,220
136,42
106,219
166,241
154,184
204,2
18,10
182,154
55,28
142,159
107,95
56,98
17,119
57,29
46,49
10,21
232,195
208,82
194,202
153,128
26,33
151,91
42,139
216,65
157,211
127,24
223,152
98,22
79,239
77,185
106,135
132,51
13,250
246,149
174,107
190,31
85,216
108,147
209,243
216,237
24,6
233,170
98,19
32,255
200,251
49,35
92,104
141,218
204,104
12,116
246,140
249,71
101,56
123,240
11,151
210,112
122,216
87,35
249,173
134,182
14,163
178,173
234,254
40,5
71,9
82,157
64,11
43,94
230,4
24,172
116,77
127,92
51,239
78,99
226,74
31,16
109,218
74,5
141,221
123,19
137,126
152,159
97,198
177,59
43,107
67,19
150,174
207,115
79,1
205,175
125,5
166,202
216,115
122,244
65,224
186,92
73,177
156,182
207,26
145,2
241,131
114,66
122,135
240,129
217,230
88,222
25,242
19,53
173,3
112,131
231,251
23,138
220,85
23,8
84,224
103,132
81,140
80,132
204,223
129,189
145,132
177,194
123,217
88,221
94,172
27,68
74,165
157,40
252,181
79,148
249,251
147,179
235,171
19,52
151,145
77,248
49,15
178,199
42,58
234,201
172,118
21,70
148,109
160,44
250,179
199,173
130,214
247,61
31,246
49,79
76,56
84,184
218,192
181,235
62,185
91,101
67,157
41,82
213,235
28,43
29,38
141,228
208,222
111,156
107,103
192,224
240,93
194,19
83,46
183,175
255,6
239,128
14,113
232,23
101,13
77,234
103,13
164,216
106,145
62,104
71,119
170,216
11,119
123,213
193,212
66,110
247,149
243,156
17,143
99,204
177,239
58,222
131,197
12,246
33,94
33,167
229,157
51,74
60,106
192,134
30,63
172,233
93,32
100,241
70,26
169,191
116,149
52,188
13,174
170,160
246,94
144,181
1,91
160,20
157,170
57,103
142,222
26,64
229,150
194,13
60,182
55,13
202,47
52,216
142,161
208,253
115,6
108,224
234,81
109,128
245,16
232,86
190,133
29,12
97,83
111,194
115,233
63,63
2,163
40,18
43,29
243,42
6,43
223,9
80,0
152,181
255,190
65,49
239,72
153,109
69,232
16,21
58,72
70,22
237,177
59,149
106,243
218,229
111,140
88,178
251,46
39,13
171,4
163,114
49,167
99,236
49,129
6,167
182,247
178,251
214,94
89,71
213,64
64,181
166,36
48,252
65,248
86,213
246,91
249,15
95,144
155,153
156,23
53,174
193,110
232,178
181,144
142,34
92,24
158,109
10,16
65,45
87,104
26,240
106,34
143,77
192,153
151,215
67,105
151,43
88,215
0,64
24,207
141,161
129,214
130,171
8,6
144,211
249,190
131,189
237,8
192,31
49,226
5,1
120,174
100,210
103,68
100,139
46,183
125,241
240,7
247,178
205,86
66,142
213,104
234,237
195,193
132,87
186,249
121,221
51,147
11,219
154,9
141,70
7,253
81,88
200,209
180,17
83,140
223,171
91,249
227,203
75,182
25,186
33,92
223,113
232,136
177,120
198,18
126,151
6,34
177,230
238,97
157,160
30,200
34,138
57,21
142,139
223,249
60,22
146,175
212,100
246,97
98,82
250,64
93,207
82,137
61,224
39,231
23,96
67,13
189,220
147,132
145,144
108,173
242,6
183,88
149,40
2,153
148,236
24,125
73,102
202,169
97,5
131,125
133,101
234,48
77,180
250,177
92,203
177,239
16,252
236,61
134,4
40,147
74,96
215,6
37,245
0,85
117,177
106,157
238,85
194,134
26,15
79,145
233,11
69,193
110,236
118,59
22,130
10,4
222,95
155,175
41,134
254,75
87,223
241,148
253,119
153,0
167,112
200,217
76,59
152,130
201,116
119,122
83,116
87,214
107,114
91,113
27,228
215,235
5,239
200,57
14,141
196,154
96,74
213,219
97,207
109,85
221,218
231,197
228,12
229,246
209,110
255,192
198,7
122,23
11,120
107,205
165,106
112,97
245,90
52,232
94,178
31,68
147,250
23,35
161,224
148,74
1,201
48,155
139,66
105,250
78,43
227,21
251,229
100,97
166,190
62,128
91,236
226,141
196,174
230,28
70,64
117,234
37,254
102,216
109,232
133,228
159,154
142,43
114,21
184,199
231,123
31,193
17,84
222,235
151,135
212,220
68,36
256,59
194,109
1,182
154,174
132,83
124,83
139,222
255,179
55,227
114,67
105,223
227,136
86,41
176,146
56,89
142,41
237,228
225,16
156,24
40,186
170,63
235,95
252,35
84,142
227,66
155,102
209,37
77,219
236,151
221,230
12,152
103,223
225,108
233,118
79,200
80,14
191,154
80,185
160,61
213,135
108,78
18,140
93,101
122,54
109,125
91,184
245,15
108,253
97,171
211,30
123,224
23,99
50,196
185,69
255,170
223,0
124,253
74,141
242,22
86,39
24,109
115,61
188,16
213,208
32,35
58,15
230,148
240,87
188,185
130,50
215,203
135,164
184,145
97,86
208,152
121,126
44,41
205,205
91,64
18,2
21,229
254,180
80,39
142,202
166,128
207,196
9,80
242,229
39,41
118,144
141,204
66,28
227,134
122,13
86,195
0,243
61,122
44,95
61,98
247,185
25,159
160,177
238,129
30,98
217,199
185,26
24,110
20,97
119,4
227,184
94,135
219,175
153,242
49,126
43,18
110,115
151,189
25,8
115,238
136,103
143,75
81,88
157,122
63,48
51,102
227,70
50,20
229,173
87,30
252,177
247,188
51,6
63,190
18,130
83,200
250,194
90,190
133,181
16,116
204,19
188,40
7,52
240,160
129,94
237,170
138,224
11,130
206,210
217,45
163,155
140,171
209,253
81,46
195,74
170,123
43,124
249,54
117,15
21,6
27,63
149,27
116,220
104,27
64,66
163,198
152,85
178,239
180,222
62,97
169,96
150,199
34,104
232,172
254,57
55,21
66,205
103,51
205,254
249,124
118,139
240,17
188,189
242,191
215,30
139,12
59,223
240,217
2,247
89,186
124,89
52,183
91,240
180,134
1,18
182,135
198,175
116,45
127,4
174,40
140,237
118,5
102,170
55,241
60,234
104,177
111,31
161,179
79,104
82,233
186,112
196,141
238,222
167,55
74,129
154,21
44,229
185,178
221,241
3,61
69,129
97,61
97,39
144,185
219,241
110,103
88,11
72,139
182,8
26,228
144,173
98,146
183,61
99,13
53,5
164,18
58,81
8,152
56,6
221,208
127,151
151,205
103,170
152,101
188,23
96,36
165,39
99,157
23,131
109,126
40,226
45,168
116,8
3,33
81,116
85,60
217,140
135,17
22,70
20,113
50,40
90,203
145,88
94,235
203,233
238,70
115,231
37,172
29,241
250,22
124,54
38,47
4,164
34,117
59,13
239,55
196,246
35,132
57,62
20,228
58,243
143,104
153,26
32,250
248,188
155,161
212,170
194,63
239,167
133,251
194,81
175,138
252,168
204,43
226,173
103,32
227,185
103,70
128,43
73,82
55,196
125,82
144,241
46,131
47,191
66,115
52,70
156,176
151,83
148,52
206,16
153,129
5,60
232,211
45,75
26,116
107,58
211,93
155,5
106,113
7,160
117,191
248,62
159,92
109,204
116,18
160,112
161,20
215,2
146,147
180,239
183,72
15,130
128,25
226,159
73,79
8,156
162,35
80,160
62,93
196,173
101,46
192,67
56,202
44,103
211,205
123,28
2,21
189,0
186,143
100,235
223,104
149,234
133,7
37,158
147,154
203,226
234,249
127,209
253,165
47,192
207,163
224,203
59,168
247,30
44,166
112,58
100,35
59,6
133,219
235,73
148,88
37,172
167,66
128,10
157,153
41,209
151,219
102,61
164,172
14,172
15,164
196,170
43,108
77,77
61,174
244,107
79,228
58,75
154,19
69,108
67,160
190,208
251,136
115,97
14,174
147,11
27,89
50,246
99,33
28,133
157,53
106,186
155,62
53,233
124,44
89,175
79,186
245,10
33,220
122,58
229,81
19,153
128,99
31,26
33,31
142,3
6,237
22,199
90,4
76,184
130,11
203,72
22,39
157,116
98,71
97,19
9,228
96,151
188,193
89,27
95,145
109,236
173,57
245,246
46,172
16,234
177,15
134,43
132,86
126,46
196,129
206,235
55,141
157,113
221,140
42,217
6,45
91,256
247,229
184,212
22,148
47,112
51,206
130,124
41,164
48,176
102,30
80,16
181,98
18,170
135,148
163,110
204,148
70,176
12,30
199,195
130,93
47,4
8,68
137,208
197,178
16,229
119,199
223,226
61,156
238,115
248,193
5,231
166,0
96,63
252,79
243,201
103,151
156,229
131,22
36,99
8,128
81,93
82,66
117,226
129,236
203,225
44,125
63,16
193,111
4,69
251,1
66,237
185,131
54,157
36,42
238,215
97,207
54,178
33,220
130,18
160,207
210,216
85,161
119,7
29,114
99,74
158,23
186,171
221,182
223,97
114,204
109,241
229,94
22,27
88,69
216,23
249,223
162,206
209,13
159,151
126,169
58,219
99,210
87,173
18,39
66,156
116,241
5,247
9,192
111,6
122,14
66,192
120,31
175,191
106,81
168,223
186,140
249,93
161,192
214,160
21,17
207,99
80,7
0,180
3,53
209,204
26,56
181,117
198,17
60,241
203,249
131,85
118,17
43,51
160,143
255,251
220,99
247,252
128,51
84,229
69,165
148,186
77,27
64,145
61,126
191,147
95,116
188,32
208,57
77,229
190,135
152,12
2,17
11,73
172,27
144,14
242,62
102,139
206,150
72,67
42,41
36,64
25,145
118,12
35,11
10,162
179,178
4,84
9,134
124,167
94,100
14,94
211,172
239,47
200,189
176,36
89,160
251,108
229,34
129,31
182,85
170,211
130,33
116,27
40,111
118,175
46,211
40,93
100,44
78,42
66,171
197,58
71,236
146,47
51,84
196,103
4,54
103,100
112,37
63,30
175,77
230,164
148,41
73,63
129,170
45,42
76,62
102,219
113,29
203,53
145,6
151,134
27,9
57,130
168,22
145,220
162,47
192,56
45,103
126,187
220,128
197,169
241,32
57,137
147,236
199,97
51,215
67,117
220,149
146,23
149,200
38,216
155,173
98,70
14,189
58,210
63,197
116,155
98,218
159,210
69,176
179,93
173,65
104,237
193,50
145,75
16,210
111,137
122,162
79,154
199,22
145,66
214,63
158,1
209,187
98,123
79,79
121,113
89,208
221,171
95,24
51,129
12,225
82,13
151,104
181,213
183,142
200,10
158,18
240,157
87,145
183,175
76,138
251,86
10,5
195,169
102,104
90,78
231,19
151,182
28,159
126,138
1,126
241,100
89,55
217,10
52,81
42,90
78,240
186,122
250,230
46,170
53,7
116,199
19,167
249,122
147,7
83,76
49,94
187,131
24,18
132,70
99,91
221,152
24,198
21,29
221,160
160,157
39,13
96,143
241,223
99,150
171,51
13,116
157,2
146,143
248,107
251,28
24,232
210,123
160,129
32,132
98,177
222,245
27,223
44,91
45,138
171,130
71,150
102,239
146,167
75,107
218,206
211,235
164,105
50,184
211,79
206,229
117,149
127,220
141,83
162,90
116,97
108,182
49,154
194,42
19,73
1,233
121,1
235,214
44,161
213,191
240,241
198,62
108,62
104,208
126,213
186,184
15,72
86,237
141,135
85,241
53,150
67,227
200,55
138,13
42,167
39,47
10,144
95,120
149,176
108,23
198,11
255,67
157,132
30,84
235,86
18,32
26,75
151,166
250,128
80,214
239,168
130,20
181,152
213,94
128,97
6,47
248,209
180,9
241,256
62,195
144,144
82,74
235,60
69,107
180,182
233,65
117,209
66,4
61,248
254,27
144,216
24,164
134,129
240,99
249,62
166,229
232,16
190,186
233,45
230,254
116,126
18,230
24,211
53,1
176,149
235,47
136,251
191,231
216,146
67,134
167,127
117,184
207,132
199,95
249,1
136,246
16,182
167,245
49,71
59,102
107,104
222,83
198,21
165,64
57,138
201,202
170,55
67,102
77,87
125,201
98,29
135,24
188,237
5,165
152,153
253,1
110,86
253,203
44,167
207,99
35,135
121,152
25,107
248,42
6,119
249,156
218,114
152,25
56,149
111,158
128,238
176,219
152,39
228,59
255,251
92,149
142,70
20,250
47,159
224,68
252,129
59,186
26,220
162,233
94,1
147,255
221,108
233,253
224,64
53,72
72,216
245,8
35,27
209,80
185,71
103,85
85,227
171,121
161,25
47,248
21,93
67,120
209,152
113,193
145,78
95,51
2,129
163,159
246,6
161,167
32,112
116,230
241,64
15,148
203,66
125,133
240,73
163,112
178,171
127,169
197,176
124,104
103,214
25,239
14,151
94,122
141,60
180,38
62,227
111,247
215,129
228,111
192,148
224,125
94,22
197,168
248,41
144,251
209,224
213,53
138,189
237,82
52,245
254,64
192,29
128,11
254,21
209,48
213,174
78,111
255,184
99,228
173,17
183,183
64,221
62,127
215,160
142,122
51,228
184,44
204,37
104,89
203,156
199,19
182,210
42,60
129,159
184,173
108,97
74,44
185,210
192,56
206,194
95,24
161,195
26,120
16,106
149,179
119,146
198,8
169,2
129,162
77,152
112,231
27,76
82,65
186,10
158,243
109,205
6,70
109,111
255,126
68,95
194,248
235,76
47,82
29,86
205,178
186,175
11,216
34,14
82,172
46,32
132,13
220,204
89,254
6,226
241,184
86,41
62,112
50,161
132,115
12,29
91,207
118,162
220,247
8,32
29,103
153,250
193,218
56,242
158,82
125,151
190,252
135,195
78,175
145,182
74,99
205,3
105,225
90,66
8,203
228,147
244,48
253,127
113,228
162,138
151,107
41,224
66,84
167,44
78,158
97,48
42,65
250,160
215,110
172,76
166,117
28,182
188,231
127,19
7,217
121,11
204,117
87,75
82,134
174,96
219,225
103,162
8,156
53,252
185,137
205,247
167,179
77,35
81,31
113,170
204,161
107,236
86,155
167,227
17,123
122,183
223,82
15,104
66,7
205,168
221,182
104,78
185,247
83,52
50,159
186,93
179,162
151,250
30,236
51,118
25,55
60,100
184,237
139,54
245,210
132,218
133,194
133,77
50,189
164,177
8,231
112,76
199,239
28,48
126,235
69,5
12,148
114,6
196,99
145,243
142,79
205,24
1,214
127,242
35,252
3,256
83,136
151,229
103,154
179,106
207,191
132,82
28,60
207,30
250,124
42,18
87,176
185,235
249,89
48,98
218,192
132,147
184,91
70,130
157,12
101,103
80,223
24,12
89,132
152,184
169,41
69,190
194,42
86,142
58,240
236,181
30,246
181,247
103,191
129,245
209,160
18,13
62,199
123,108
99,176
59,221
182,57
238,56
23,163
34,202
254,148
20,135
51,242
71,65
236,18
207,196
15,77
63,224
194,91
211,198
64,7
6,35
12,106
8,178
141,212
3,222
56,176
74,154
196,150
235,117
124,56
224,164
40,235
234,73
228,22
247,14
177,20
162,49
189,177
114,78
256,159
64,3
250,200
5,25
6,76
232,114
216,32
153,21
170,87
13,144
36,220
67,51
186,105
134,201
244,220
198,179
46,167
42,91
2,189
245,34
195,134
73,148
31,134
109,256
15,107
30,254
67,22
68,136
203,108
236,58
84,72
52,222
20,212
10,142
67,203
182,130
86,12
231,23
26,50
216,10
84,13
91,243
225,57
115,154
188,131
249,216
183,124
236,59
200,230
23,175
57,18
225,171
220,213
134,163
52,146
223,209
30,18
49,66
96,114
142,113
101,134
200,5
24,17
226,197
203,239
195,184
183,48
28,194
195,39
130,91
236,109
142,224
217,185
13,58
224,32
46,248
62,92
182,172
95,54
104,57
95,112
104,53
86,132
5,150
111,227
91,26
151,85
105,128
128,117
156,27
62,44
214,110
195,248
216,231
167,221
142,116
91,173
117,173
51,192
56,16
105,151
92,202
68,9
199,213
133,198
91,248
104,196
39,130
121,112
186,248
49,19
116,105
162,224
171,86
6,50
231,248
195,29
57,94
72,221
251,86
30,9
5,17
130,92
204,16
8,222
88,170
222,193
86,146
142,150
249,138
151,32
70,1
229,107
208,208
56,141
205,89
200,33
125,63
84,35
235,111
157,244
71,254
102,203
218,27
53,126
202,176
8,108
247,176
1,148
135,112
188,64
193,22
37,174
43,249
196,246
121,91
47,205
53,177
165,103
196,183
73,2
83,106
179,35
109,198
141,49
252,139
145,216
11,185
121,207
203,154
112,58
18,60
0,121
5,183
252,82
15,211
75,30
132,185
120,131
250,76
205,135
212,121
132,210
80,0
179,70
111,244
154,89
212,245
169,70
135,231
240,1
240,34
30,123
26,186
70,69
52,176
105,111
33,10
254,175
96,44
127,68
101,51
198,44
163,179
21,216
75,3
39,231
145,226
151,148
131,133
227,38
140,26
83,31
43,99
91,7
64,23
213,95
69,203
203,57
215,53
60,132
237,231
110,252
34,252
4,39
248,140
202,115
231,36
90,184
58,30
174,106
11,42
196,175
245,130
197,188
50,77
48,108
29,145
38,36
217,7
125,129
180,128
142,1
192,145
201,141
202,56
65,55
110,246
131,219
220,57
149,85
142,48
149,185
135,104
181,1
169,255
120,151
32,196
27,134
88,87
7,202
159,149
196,149
211,41
82,0
109,228
243,66
149,6
32,148
8,179
119,241
146,116
70,61
208,24
201,80
177,57
256,20
140,40
198,92
11,184
202,189
6,175
39,211
239,227
152,217
2,72
35,29
185,152
219,75
6,121
15,172
223,5
200,116
50,255
163,123
51,58
169,51
93,246
189,109
75,23
147,26
226,246
7,80
209,202
67,231
223,232
38,75
93,171
102,16
215,97
208,228
221,205
190,86
22,46
210,240
5,117
152,90
15,169
240,52
32,183
170,3
180,256
65,173
70,98
211,162
163,57
198,163
168,206
135,57
224,216
196,190
250,31
48,148
128,201
229,116
26,63
253,191
123,201
83,22
55,98
177,98
189,136
234,125
28,160
27,142
23,21
22,4
98,105
110,6
236,203
198,168
40,53
55,201
178,87
175,67
108,148
124,212
164,21
51,86
63,222
7,200
245,4
235,153
178,206
175,233
92,75
53,110
181,222
207,117
169,31
101,158
182,166
123,5
166,47
222,115
63,25
5,116
192,245
183,102
44,116
42,2
111,125
192,141
70,119
100,139
233,152
252,62
92,250
52,199
95,89
37,218
92,64
160,54
26,47
117,172
159,215
248,12
81,137
16,37
100,112
235,54
55,199
189,68
54,64
13,57
23,60
32,91
172,255
104,234
146,59
161,240
172,202
169,44
171,192
181,235
215,1
163,8
198,108
162,75
30,223
166,126
207,86
168,63
194,65
27,164
128,91
166,3
77,211
139,243
242,185
22,57
169,220
95,181
122,193
243,130
184,241
19,4
236,254
216,19
241,197
201,233
113,47
167,19
198,132
52,149
224,58
58,161
171,220
205,161
224,14
46,240
107,233
105,236
144,137
130,43
156,238
138,239
22,239
209,225
87,198
101,67
185,150
255,92
52,76
33,232
142,141
138,65
201,118
232,199
247,221
89,138
70,175
152,22
231,15
93,48
89,75
5,53
66,2
67,111
91,212
239,139
23,250
164,59
98,1
49,25
149,256
234,222
147,186
35,193
128,203
163,73
173,156
118,191
180,199
152,256
172,21
243,178
130,133
69,96
194,49
20,241
20,173
209,81
171,170
200,126
165,86
225,206
58,186
43,163
247,187
174,179
117,224
11,141
84,52
64,219
252,128
75,148
180,182
57,117
188,247
23,238
186,87
171,159
168,93
246,135
172,201
197,38
236,185
69,108
250,7
143,80
233,42
150,143
39,1
12,181
6,101
162,252
142,97
207,19
235,167
23,119
1,228
194,186
252,161
201,254
117,121
64,153
143,123
110,202
236,211
125,154
221,101
219,193
153,146
210,128
30,224
252,133
247,240
158,253
84,188
23,5
40,161
169,146
106,179
121,130
234,123
179,147
207,244
64,53
224,66
198,36
236,39
114,181
43,142
68,143
187,251
86,36
33,112
103,21
8,49
158,20
201,180
58,112
68,61
7,120
230,30
127,101
28,173
211,162
245,148
114,205
51,239
109,40
114,96
7,57
35,34
188,255
122,139
189,94
236,70
87,12
130,232
68,119
164,195
103,43
37,61
249,230
193,89
251,96
165,126
219,160
90,226
129,83
18,106
231,103
99,126
183,243
59,252
188,228
163,256
25,0
254,189
227,50
109,187
181,231
204,126
52,213
127,184
199,181
56,237
150,49
99,20
9,64
106,134
170,124
144,103
119,195
95,244
162,131
220,134
192,177
166,255
58,53
68,112
100,197
105,55
229,81
221,11
48,50
127,233
94,252
76,244
155,131
228,175
192,115
72,167
68,52
212,4
113,154
202,27
225,47
11,76
45,15
38,152
209,163
14,4
81,194
173,256
53,136
251,205
135,199
203,71
44,62
148,210
90,140
146,161
100,29
5,201
138,232
178,131
40,175
35,27
140,176
108,56
240,31
64,61
195,14
221,160
237,159
197,217
52,147
172,95
181,70
204,174
76,244
133,153
106,152
117,156
146,40
242,131
186,251
80,87
46,188
254,37
116,107
178,255
5,37
187,169
69,191
154,79
44,123
88,4
229,72
80,214
80,60
198,67
42,112
52,48
120,223
114,51
213,216
20,34
199,119
250,193
0,6
54,136
125,22
40,57
198,179
149,213
27,11
240,216
84,181
161,178
187,250
128,149
199,127
60,110
202,114
12,20
98,109
7,28
174,140
233,143
107,218
109,31
102,2
121,147
201,139
174,163
90,222
37,39
200,160
140,139
191,129
53,126
3,256
167,188
78,32
33,63
157,214
244,118
81,142
56,64
197,26
71,207
148,164
56,145
153,152
141,151
179,227
155,42
206,178
121,214
195,7
250,204
78,79
10,9
240,48
191,147
17,173
243,232
145,84
97,31
46,22
186,216
57,232
186,228
9,75
42,239
127,37
50,219
73,199
171,83
2,219
147,174
202,37
162,113
90,138
29,251
18,165
24,164
117,199
97,193
122,102
67,221
225,95
111,91
65,192
79,84
75,167
150,31
202,69
208,195
104,168
255,179
6,58
230,72
23,163
180,100
129,102
77,77
175,171
40,150
161,50
81,121
226,164
174,0
142,236
27,250
95,200
20,162
208,250
137,59
204,54
239,195
89,216
132,107
127,251
224,50
78,120
179,252
105,7
178,46
209,166
67,173
1,154
179,184
202,13
254,65
188,47
240,35
27,14
122,226
28,241
218,193
226,14
229,149
219,99
98,208
254,98
46,62
19,203
46,215
17,63
208,221
3,50
31,100
165,188
160,172
18,135
227,68
11,252
37,63
177,187
214,235
57,115
96,14
1,35
127,2
124,87
3,237
202,8
233,38
23,193
9,241
226,241
204,199
56,194
63,77
208,217
11,11
158,174
70,190
204,174
73,147
69,79
234,28
196,15
74,135
23,137
160,180
228,64
169,210
94,58
209,111
133,128
41,131
16,63
55,165
21,180
54,228
133,62
56,79
54,241
197,138
165,130
228,129
158,254
122,41
165,218
9,61
26,88
150,103
111,176
182,105
169,173
188,6
136,142
187,96
83,45
105,135
205,158
74,131
176,167
1,66
170,40
99,246
193,143
242,14
150,61
208,20
25,220
130,130
36,205
209,183
217,193
212,52
188,20
105,66
110,184
140,220
86,146
78,39
102,43
73,227
13,85
42,56
113,0
83,186
39,174
232,152
232,2
225,32
151,71
104,25
186,240
134,193
61,182
136,131
2,5
98,67
248,86
87,174
106,90
128,150
62,19
46,186
60,137
193,237
252,140
197,88
55,35
22,82
51,89
55,103
247,181
173,221
197,97
137,251
164,82
134,224
85,176
137,88
21,66
15,242
35,67
213,226
27,43
225,31
67,98
117,120
228,47
208,232
71,190
20,20
86,19
222,167
127,149
194,213
166,171
246,58
23,92
247,208
149,48
222,100
145,241
66,128
115,116
119,182
197,151
5,236
214,12
191,66
158,140
141,22
225,149
144,143
129,215
134,243
238,232
217,203
24,195
231,83
96,123
98,217
51,179
134,95
226,203
176,225
200,149
