87,25
81,183
149,240
13,81
202,97
57,7
39,87
70,168
157,151
123,134
119,145
155,63
179,214
85,195
227,148
214,69
235,39
39,68
58,39
30,59
181,71
26,184
190,136
133,95
96,172
0,101
118,154
236,80
216,29
168,245
140,174
76,108
84,196
34,69
188,191
206,133
56,127
33,167
35,214
59,125
123,4
77,0
163,155
109,4
116,112
92,203
44,252
180,161
19,255
207,254
173,247
162,249
38,189
76,33
158,244
141,73
85,250
86,153
204,191
90,70
190,228
36,191
61,4
133,204
233,45
126,198
155,213
51,158
183,73
56,95
26,171
61,112
84,8
150,76
145,122
129,91
128,255
214,18
92,182
208,1
7,184
23,103
68,237
23,228
220,10
7,200
181,191
166,15
237,28
236,235
110,35
230,76
193,58
213,232
13,149
76,254
74,54
91,127
78,162
248,217
176,234
55,167
225,247
89,194
207,42
108,183
37,195
96,216
74,37
224,149
115,38
88,232
29,153
21,33
50,232
153,99
205,61
19,164
183,241
115,150
15,241
75,18
107,244
228,97
219,220
20,94
69,45
133,249
245,181
69,66
188,225
41,152
210,47
147,224
217,170
1,179
170,133
141,74
134,171
28,203
154,92
41,9
113,192
209,142
40,93
247,225
120,142
111,129
45,213
221,148
19,172
8,236
120,113
13,33
95,28
241,213
41,11
181,147
47,244
218,81
52,161
124,29
57,118
202,59
186,121
57,102
39,106
6,49
63,81
177,93
240,53
108,171
7,154
55,224
200,68
137,112
2,12
47,22
115,211
122,1
238,204
217,19
34,222
230,86
148,98
193,154
179,158
137,147
201,162
147,206
140,219
196,235
234,20
55,37
65,87
20,50
55,62
226,218
3,92
166,195
100,179
131,210
39,235
153,108
163,54
37,144
27,224
198,209
20,254
154,28
64,192
228,229
62,186
166,45
85,124
173,221
111,172
198,133
208,246
213,65
27,175
195,107
105,243
194,13
136,216
181,179
34,160
206,69
227,167
47,72
53,229
106,143
191,129
94,6
197,113
95,121
89,176
8,205
217,78
58,206
225,160
25,247
7,130
125,136
210,25
214,172
198,58
130,99
21,24
160,146
120,49
254,129
149,247
240,205
130,49
198,169
121,216
211,236
38,95
98,33
175,59
4,9
248,92
11,91
200,119
98,100
179,21
7,112
31,98
207,41
205,75
110,33
183,51
66,139
209,202
193,218
52,219
13,95
248,1
153,154
112,45
196,183
114,240
46,190
46,113
63,70
61,70
44,59
35,83
245,138
106,198
81,250
111,137
69,51
227,60
32,18
122,132
132,96
221,124
162,21
30,126
65,188
7,230
171,105
217,159
183,113
186,231
228,236
229,230
139,161
241,107
176,159
223,206
97,237
225,175
66,237
62,37
211,70
131,190
82,54
118,187
166,242
100,212
34,165
34,17
6,145
206,135
155,193
190,215
221,204
213,202
158,25
228,101
7,136
28,165
141,147
146,231
93,192
192,84
72,104
221,186
76,196
135,158
183,237
27,175
82,60
64,116
154,78
150,92
131,154
250,113
140,144
86,248
251,95
83,181
251,204
119,163
40,152
212,206
128,50
178,205
12,176
136,175
79,193
24,69
214,209
12,139
93,106
0,108
148,195
107,147
51,256
92,80
251,252
150,245
160,78
61,46
196,224
20,55
105,83
193,235
132,118
207,93
109,193
5,67
119,24
144,233
44,4
161,143
97,213
31,81
147,102
165,125
194,171
196,197
146,181
189,36
106,95
87,201
231,61
43,140
228,192
201,223
252,202
2,172
206,42
213,200
190,15
127,215
231,11
24,218
129,62
67,8
114,231
22,111
72,165
53,221
186,14
61,41
42,72
246,31
164,160
25,161
197,244
59,39
226,41
36,150
239,93
178,197
135,173
230,244
243,111
193,7
104,3
166,236
11,194
144,238
139,94
214,229
22,221
153,148
113,236
237,182
208,154
5,99
120,196
75,253
34,197
100,54
42,58
49,40
113,169
52,216
135,30
110,14
173,24
14,112
197,10
73,79
31,115
126,226
29,125
161,33
17,48
235,156
241,5
86,88
133,57
84,67
242,55
200,73
85,218
43,72
144,66
219,219
81,255
87,37
76,14
41,255
51,30
152,125
34,209
84,215
173,231
130,186
178,207
119,145
119,103
226,37
230,216
152,35
177,60
85,77
20,103
108,98
255,152
42,231
200,179
172,125
108,237
28,106
93,72
171,6
113,53
43,43
96,60
141,31
198,232
86,38
31,91
11,5
153,18
205,40
160,36
108,25
75,47
224,217
4,136
215,231
163,66
192,154
60,186
172,156
20,209
250,194
197,133
132,68
223,238
250,131
195,41
135,219
72,53
128,50
110,45
18,55
209,87
159,78
65,135
18,7
210,177
6,118
107,207
24,206
57,235
192,55
45,192
185,56
74,73
125,123
176,169
42,135
202,159
169,117
17,255
169,110
220,99
91,69
127,205
166,172
55,77
124,45
124,205
29,253
101,249
95,77
122,249
82,72
111,149
127,187
172,42
208,80
230,199
159,172
181,39
94,75
98,159
150,17
139,109
174,176
3,193
7,75
181,177
15,10
106,221
29,126
236,90
114,6
233,15
186,156
5,95
196,120
78,108
118,80
192,101
124,121
48,220
7,58
216,89
21,160
203,3
129,111
197,45
237,229
9,244
11,117
174,238
22,203
40,27
151,63
256,108
241,160
102,75
132,92
236,219
151,112
203,250
110,66
164,252
194,31
211,4
79,194
250,63
149,82
219,141
104,226
47,1
233,225
60,12
179,220
23,155
30,244
213,68
206,216
115,194
171,7
256,53
136,213
136,141
198,32
26,6
86,152
218,38
73,66
234,53
77,175
204,34
9,182
86,126
33,192
243,250
211,20
227,108
56,27
198,233
34,156
220,133
97,187
24,180
216,194
39,39
32,256
81,74
214,138
217,77
39,33
17,17
27,9
173,169
98,168
249,73
127,192
44,72
169,179
81,22
132,141
182,204
182,60
137,94
95,16
83,219
140,158
255,62
149,129
164,184
96,65
182,218
177,134
63,9
81,20
72,43
116,84
149,25
216,102
94,15
87,229
100,227
53,71
128,230
132,166
256,44
16,87
249,156
194,196
112,11
162,78
239,119
143,177
74,175
27,159
242,33
4,188
217,65
40,144
83,167
172,221
226,136
123,73
224,184
128,216
59,144
168,126
207,29
134,93
81,242
227,58
144,75
63,125
175,175
81,178
0,235
130,170
176,132
141,58
138,159
153,198
244,124
134,112
11,9
217,235
9,122
77,160
188,184
124,164
247,237
209,46
52,102
244,38
181,132
85,205
99,157
52,37
163,90
26,35
191,19
10,77
117,221
238,31
84,54
66,54
86,142
144,155
23,48
112,228
243,53
187,117
220,73
215,32
0,134
236,136
249,195
28,255
162,95
9,249
162,210
31,250
46,140
173,46
78,162
47,49
147,210
245,132
7,91
65,61
36,209
4,207
77,51
127,252
17,41
105,78
256,109
162,76
247,136
110,160
248,61
44,115
78,25
103,236
96,31
29,200
240,173
92,126
161,177
78,134
198,208
37,60
91,219
84,82
88,103
63,66
25,62
128,130
50,241
19,110
245,187
42,243
71,231
248,71
239,162
168,74
15,42
218,8
107,126
23,147
144,164
199,228
253,235
15,152
126,79
220,69
29,205
65,147
84,68
36,167
93,133
144,189
89,254
234,114
58,202
28,238
63,211
209,147
165,67
113,195
208,189
69,174
100,36
240,168
12,243
27,179
90,190
228,219
234,57
18,224
140,101
82,123
63,131
33,216
152,55
197,127
16,97
154,37
77,72
142,103
143,126
165,159
253,209
158,102
109,255
136,233
117,181
152,183
158,143
252,213
233,175
35,164
136,11
198,13
77,166
175,78
112,191
96,76
220,216
190,170
150,253
10,180
64,222
201,225
36,69
220,79
79,41
31,24
1,132
14,197
53,89
155,171
178,30
141,205
167,222
131,23
245,93
51,77
25,99
216,213
201,100
175,216
60,32
38,171
227,201
33,85
216,183
2,214
108,208
79,201
110,1
230,134
122,36
230,175
173,29
104,203
115,136
191,103
17,235
80,141
69,167
99,138
79,150
105,89
215,64
172,138
129,111
54,211
119,112
105,124
12,105
171,5
118,108
46,74
87,64
154,150
226,122
234,40
48,111
115,56
32,46
122,24
133,114
155,65
179,155
44,244
204,32
10,226
209,232
110,132
168,195
150,162
76,237
101,15
40,34
212,89
129,241
79,99
188,91
92,157
218,206
128,156
128,201
62,42
161,107
164,109
113,202
210,124
60,212
164,159
145,3
77,232
181,16
14,193
66,200
134,25
209,32
117,241
172,157
80,31
163,159
68,127
90,47
144,219
80,134
82,218
21,171
19,101
32,70
105,201
180,168
94,240
134,127
111,221
85,54
49,116
206,38
248,175
75,92
144,138
192,68
170,185
61,161
2,105
251,240
28,229
26,248
256,23
196,67
129,61
6,184
107,134
32,206
119,19
193,71
21,164
76,183
166,135
8,97
238,186
222,196
70,213
2,243
33,246
82,90
219,162
202,95
116,213
4,71
173,256
210,78
76,57
174,98
115,234
212,77
216,131
91,251
113,238
78,167
81,134
246,255
69,246
164,182
142,122
153,70
231,122
49,162
212,14
91,210
121,144
138,243
232,136
56,36
255,214
146,237
12,170
204,206
72,221
37,168
243,180
180,184
85,33
62,58
145,224
28,148
100,66
40,0
203,95
76,121
13,73
227,88
27,173
208,67
252,162
152,153
124,87
203,100
37,140
247,232
120,169
181,207
204,97
226,200
0,149
105,40
42,217
190,212
168,218
5,216
106,94
245,45
232,23
147,57
187,137
200,60
32,119
234,127
246,54
118,186
75,169
51,233
210,195
31,137
243,184
30,188
174,153
237,236
230,27
139,116
201,242
148,180
200,230
156,35
242,171
118,10
89,214
231,162
10,179
166,195
88,213
246,123
137,61
54,216
208,232
53,126
13,194
13,137
29,218
240,187
173,151
132,225
11,193
8,26
217,33
1,18
240,57
84,110
85,217
63,35
244,160
92,147
2,165
23,14
80,125
110,128
23,198
106,21
200,253
12,34
212,4
71,132
97,168
217,157
3,162
51,181
213,184
23,234
143,60
239,103
166,15
113,174
126,89
238,3
134,91
83,106
162,62
155,173
123,20
151,141
40,160
146,108
48,149
179,80
181,163
184,32
177,210
160,89
17,25
145,170
139,163
217,230
194,85
7,144
163,132
108,253
119,167
34,147
51,238
132,242
229,234
185,174
29,31
67,6
142,223
181,176
107,80
127,68
31,57
34,104
41,74
64,118
244,119
244,61
231,116
19,57
119,244
31,75
130,37
8,37
32,64
130,171
229,65
119,3
229,85
136,58
242,2
6,30
240,131
169,191
247,180
89,190
2,42
150,176
55,191
1,161
36,53
37,174
189,77
251,230
185,125
97,72
221,127
171,121
243,41
221,109
106,98
24,227
106,167
184,43
175,172
200,187
68,72
21,94
96,49
162,66
108,89
136,146
141,2
236,94
37,24
164,233
209,217
60,182
175,87
49,219
197,199
78,188
191,136
115,220
186,103
123,96
161,80
56,31
253,16
73,25
34,54
138,89
205,198
168,28
48,97
11,7
6,238
109,234
197,32
144,216
75,169
212,193
232,79
101,88
190,168
197,107
143,164
132,145
208,6
222,35
134,67
202,19
175,142
211,42
187,82
113,127
62,67
45,245
154,171
121,248
147,232
3,39
166,197
149,49
36,198
254,164
220,63
171,219
201,39
15,226
17,103
180,42
46,14
51,212
134,98
35,201
122,140
79,15
29,206
78,181
240,32
106,8
10,173
4,78
7,32
160,138
2,183
163,53
197,46
8,201
70,9
97,72
63,188
254,34
155,125
170,242
120,201
186,236
144,231
180,63
35,158
200,232
92,241
51,94
92,1
188,57
158,135
256,16
61,178
18,100
13,170
228,50
22,12
226,147
112,230
198,81
224,187
232,34
192,129
26,119
66,149
123,237
211,110
170,178
152,141
212,211
143,84
68,177
3,231
8,243
244,184
80,9
201,193
239,160
191,148
189,130
131,61
66,193
84,84
169,111
255,54
108,146
122,191
108,196
169,212
211,88
86,179
15,169
102,81
133,181
88,7
104,223
220,225
23,89
201,180
189,205
235,70
218,148
171,27
195,144
48,114
219,6
166,146
37,77
91,101
45,239
117,130
249,223
162,161
208,16
229,97
234,65
197,165
61,168
81,126
172,135
178,67
46,103
140,193
138,48
103,106
58,55
139,202
200,240
172,203
215,204
34,91
91,58
121,243
60,59
24,166
160,157
202,84
4,133
117,128
112,63
229,17
133,26
221,31
167,233
229,24
0,124
16,67
187,235
76,43
241,36
184,112
131,240
16,254
213,101
29,11
156,105
96,37
41,167
219,24
108,143
89,205
226,239
88,156
148,227
125,86
100,235
152,92
198,236
51,7
162,219
227,250
48,188
65,228
62,16
203,54
76,162
27,157
149,83
32,63
203,239
237,127
92,52
171,227
250,171
205,59
116,95
69,142
228,241
131,7
181,48
203,27
3,37
120,64
237,183
191,129
102,180
64,254
176,140
218,165
181,104
120,182
256,225
145,191
118,33
3,168
29,12
232,36
186,178
107,151
189,11
43,1
163,56
102,110
65,241
255,185
154,68
125,19
215,194
107,82
28,241
83,87
188,236
193,154
129,157
206,247
16,223
77,243
3,206
175,94
44,245
51,183
233,185
52,56
81,199
215,57
220,143
147,37
77,153
161,199
37,92
166,172
243,77
78,22
212,73
110,157
4,104
100,245
202,247
204,250
233,135
82,151
200,116
194,82
94,256
114,132
79,211
182,150
61,26
88,30
182,44
109,132
95,206
149,242
240,182
136,62
236,16
2,74
123,175
42,59
180,190
116,246
253,4
54,65
227,221
84,189
113,193
118,141
171,137
255,7
140,126
15,27
58,12
11,198
111,64
16,233
92,13
210,246
124,214
138,23
182,138
15,93
57,89
171,12
99,155
42,124
126,84
129,215
46,77
115,186
40,66
165,167
54,127
46,228
53,199
37,101
74,106
5,149
255,78
46,236
199,47
173,119
85,161
37,81
91,23
56,44
203,19
67,209
64,152
32,61
31,206
157,25
151,8
237,230
130,50
160,89
229,152
195,133
189,236
57,3
118,27
205,72
236,218
224,13
196,161
74,136
220,162
61,104
36,65
52,196
50,140
125,52
49,94
200,187
98,37
84,122
21,22
214,158
77,44
237,194
75,204
57,102
79,107
94,58
63,215
133,242
248,46
238,20
86,241
74,248
72,159
186,165
189,48
163,156
126,78
41,78
169,214
98,117
48,123
71,108
4,82
49,39
15,161
169,9
53,88
225,94
144,71
238,246
142,201
20,111
154,233
161,112
125,170
151,5
46,24
184,239
59,252
220,138
181,160
90,62
163,154
87,120
172,174
167,256
186,156
24,234
177,32
179,48
123,12
198,226
21,133
33,50
234,239
8,105
253,81
70,16
195,175
69,73
145,130
76,208
22,67
57,222
176,73
135,233
17,240
225,208
57,244
168,243
74,145
195,225
188,17
152,33
199,66
48,93
10,212
191,215
63,105
41,26
170,144
202,190
35,29
250,78
174,234
101,84
95,13
215,157
255,205
133,13
3,171
127,163
137,147
79,167
178,231
15,229
125,76
18,110
100,178
233,127
32,0
152,212
71,242
116,15
5,256
226,86
109,9
187,26
237,15
91,139
220,101
137,175
86,9
223,209
246,208
25,139
203,99
221,124
243,138
42,240
228,125
211,83
162,53
36,214
124,14
238,249
188,37
70,10
182,213
54,136
162,219
192,104
32,2
159,205
176,199
131,45
60,129
174,16
84,26
176,254
28,251
171,70
143,93
57,8
54,123
185,131
33,240
201,23
140,165
191,128
94,92
247,241
113,154
141,37
85,8
82,256
232,88
19,20
198,210
119,180
83,221
251,255
123,100
45,9
95,201
234,58
165,218
127,125
91,152
195,192
225,211
169,17
128,199
155,54
250,252
55,244
250,37
152,64
1,34
165,78
190,168
160,172
229,246
92,217
136,137
221,5
139,202
135,118
56,41
110,39
201,242
251,219
203,149
239,30
120,104
63,131
206,199
235,28
253,255
203,162
31,162
242,202
90,39
119,233
181,192
183,112
13,110
137,194
191,142
123,127
95,87
110,37
28,156
16,35
244,1
49,192
213,224
52,161
185,211
24,139
187,251
43,245
52,35
227,193
63,92
255,152
133,67
168,215
220,152
237,112
100,89
212,70
255,135
84,58
127,61
108,103
242,30
193,110
65,199
147,96
63,145
178,171
180,239
78,230
212,192
21,147
164,232
128,211
103,224
112,152
189,164
67,174
73,149
190,77
52,8
184,83
10,146
104,2
11,6
104,10
86,71
114,149
12,227
170,27
243,134
107,237
152,208
169,50
162,58
84,169
181,208
82,29
227,13
153,172
99,249
19,121
188,33
215,213
96,61
4,35
92,36
219,27
159,178
114,187
233,21
226,77
47,91
93,128
75,152
131,48
162,191
165,8
221,170
210,88
26,148
158,219
9,252
33,204
214,222
143,238
219,75
141,114
187,224
195,45
38,11
245,52
87,145
3,26
109,119
140,148
106,2
84,207
243,213
66,242
4,156
59,78
47,112
111,74
129,140
16,216
49,237
167,114
240,165
87,126
234,252
132,136
237,43
200,213
75,110
188,122
74,61
162,239
18,27
177,39
12,17
24,60
199,94
232,58
237,238
22,218
89,74
124,176
116,153
171,27
117,18
174,171
220,179
182,99
213,30
229,63
197,40
148,86
239,100
25,132
98,78
37,165
149,136
256,80
6,206
223,195
178,227
133,69
69,112
67,105
0,53
6,218
130,215
107,33
155,237
212,241
22,87
141,41
94,251
74,1
137,68
145,227
4,161
41,45
132,198
166,168
228,63
36,57
50,148
174,108
240,210
155,54
37,147
18,218
146,198
116,89
202,60
4,154
6,93
136,148
86,123
72,92
19,223
169,72
58,74
136,36
75,114
14,37
16,9
88,18
1,82
126,238
22,91
199,195
81,254
92,41
45,214
219,156
214,0
180,10
54,75
74,60
210,98
128,233
147,33
104,117
102,89
25,253
102,234
180,1
90,157
17,167
227,176
210,99
113,144
149,93
197,108
38,227
81,66
218,116
42,143
126,253
61,77
87,129
121,159
102,40
207,201
172,121
160,155
209,106
5,145
88,32
254,201
38,192
37,219
51,237
122,243
34,239
49,151
21,2
10,119
119,238
237,23
235,148
122,48
3,238
193,24
69,256
224,121
194,175
78,244
196,83
182,166
13,29
141,133
125,134
245,32
27,231
219,165
40,247
197,171
104,124
241,64
11,105
82,173
140,184
229,73
66,113
191,124
167,199
191,5
228,101
221,216
128,107
67,78
238,115
161,152
219,180
209,74
45,92
27,133
55,219
7,88
202,65
238,129
162,214
38,144
23,14
145,244
78,129
216,151
145,132
109,117
95,167
108,18
145,126
124,222
64,255
174,116
58,57
70,121
227,221
148,68
177,219
183,196
184,60
148,188
59,213
36,224
65,37
68,113
120,206
248,91
131,127
252,122
108,19
218,129
48,5
46,220
165,238
179,141
135,25
148,156
154,116
73,181
64,238
226,155
80,102
148,6
6,238
220,90
205,255
17,227
74,123
68,8
245,134
154,202
66,230
195,212
73,135
23,2
147,110
110,173
9,32
143,76
121,131
118,76
125,237
252,131
252,101
96,53
220,242
128,211
246,217
113,129
206,109
57,127
198,205
192,170
53,106
109,19
208,95
129,62
237,203
17,117
80,200
93,238
96,234
92,96
185,176
208,210
142,229
170,36
60,112
10,233
160,126
233,237
160,59
116,27
247,195
157,231
138,169
99,164
118,136
233,29
73,221
172,246
59,96
97,246
14,20
170,147
84,213
138,250
180,31
114,4
206,57
104,57
121,152
23,31
171,20
84,115
31,19
179,22
39,30
194,84
17,166
44,179
216,181
254,131
164,175
59,121
181,142
103,98
24,31
189,49
186,42
226,251
65,154
130,201
176,164
30,66
240,173
248,161
58,8
139,256
73,104
208,158
202,228
122,146
113,113
204,55
139,148
12,200
0,160
122,25
94,169
194,226
189,121
46,100
234,248
60,154
128,58
29,21
105,190
239,171
167,93
92,225
2,212
255,213
64,127
151,150
20,73
190,109
9,216
113,178
100,160
26,128
15,150
121,40
206,80
7,10
236,99
147,235
78,66
155,59
9,254
48,0
34,155
150,246
106,141
92,135
134,62
98,190
77,206
152,55
17,212
56,126
211,72
162,121
80,51
101,186
114,86
227,62
63,181
39,127
89,48
224,124
239,108
210,62
77,71
55,103
239,135
189,178
21,193
82,92
232,176
55,66
252,159
105,226
44,43
87,129
208,176
169,83
176,138
240,145
70,204
206,200
222,61
132,201
1,48
29,61
113,164
70,211
189,245
256,195
140,86
195,23
215,51
197,236
149,146
99,192
42,24
177,109
233,185
238,141
218,56
236,106
166,121
191,219
247,145
254,136
24,153
162,100
130,152
136,254
34,154
255,211
40,158
148,134
12,75
172,129
47,81
148,33
189,244
173,5
18,147
255,164
74,128
241,166
190,119
98,153
176,190
19,35
43,51
208,110
243,37
80,83
35,136
148,82
167,230
234,10
230,254
200,53
218,59
84,175
134,79
117,102
7,42
191,147
173,62
7,116
156,205
65,66
66,19
15,230
76,140
42,147
196,38
140,179
211,127
185,133
42,188
161,241
185,56
52,255
226,62
228,207
205,14
100,130
34,221
90,29
72,6
215,230
122,4
241,74
204,78
232,133
183,11
243,121
175,89
27,70
190,58
176,63
226,186
209,233
249,80
248,30
14,14
51,18
205,139
173,106
232,213
159,213
254,5
242,155
193,254
230,198
19,147
156,86
236,46
12,177
184,147
28,79
90,55
111,44
63,79
76,218
115,29
133,188
163,151
48,124
65,39
60,99
87,195
17,166
213,226
203,188
249,137
194,122
27,164
121,54
197,215
93,165
147,0
88,72
194,232
120,87
244,59
84,38
231,149
209,78
72,60
21,160
166,19
162,68
235,136
148,156
226,158
76,96
243,120
238,66
171,184
82,16
252,42
54,153
176,180
166,99
143,175
212,160
188,202
211,152
216,27
150,236
28,74
199,204
0,11
237,221
52,105
118,250
215,20
147,117
50,232
35,70
28,63
60,253
114,34
184,122
198,107
132,181
242,241
108,23
134,111
223,102
205,141
245,221
217,251
49,26
41,220
235,222
57,101
104,248
157,183
16,171
175,66
162,247
51,9
156,73
152,111
28,2
34,124
89,75
144,46
226,135
27,16
9,72
233,196
217,225
19,6
113,32
40,101
9,99
224,72
81,171
151,124
93,104
80,195
81,55
2,174
39,164
201,168
88,40
56,163
14,34
117,153
116,66
33,245
123,219
252,130
103,156
134,26
161,146
214,133
153,253
154,151
40,235
40,211
38,86
220,86
100,25
134,143
240,165
156,73
110,80
80,191
169,195
19,222
41,222
137,123
114,204
247,134
193,30
235,111
6,179
31,70
116,15
101,151
75,137
169,174
162,8
116,249
120,238
186,193
25,37
43,64
2,220
1,139
49,66
159,107
104,108
251,147
150,238
16,164
253,246
28,233
213,28
156,158
227,98
253,225
116,7
69,162
236,81
95,190
4,249
1,3
53,49
150,150
103,225
153,22
166,49
208,34
150,101
65,163
57,65
87,35
87,150
3,73
216,40
198,66
84,41
8,84
142,55
236,238
179,90
44,83
67,222
223,185
200,83
210,242
240,44
24,166
176,110
208,126
185,36
199,177
90,113
117,53
26,74
230,136
77,13
73,252
104,193
196,113
146,78
11,74
190,9
199,108
84,47
14,216
203,170
237,26
200,2
69,190
162,114
200,203
250,213
1,121
182,36
140,251
27,179
32,82
132,163
62,193
149,175
202,126
127,172
93,132
164,81
18,59
198,119
120,221
77,32
161,136
16,4
103,137
182,123
113,105
224,240
14,78
195,96
221,154
102,72
206,196
89,106
18,161
160,227
184,248
20,216
188,119
6,148
174,181
48,246
152,212
237,128
40,135
249,85
46,52
7,207
34,18
142,248
59,254
54,19
73,147
5,157
19,254
61,55
133,209
144,128
80,149
79,46
11,69
166,110
13,176
45,127
121,210
167,253
9,179
77,198
73,203
78,46
122,66
57,126
19,122
6,183
22,88
124,161
96,236
207,75
22,136
130,124
29,2
101,127
229,48
139,227
33,228
119,4
16,193
232,150
101,203
69,187
192,82
244,246
133,83
184,58
253,20
72,235
217,183
50,69
122,17
176,41
102,115
73,153
59,166
80,14
66,238
87,46
196,213
218,173
254,182
41,169
212,67
101,191
172,58
90,160
98,230
132,32
175,10
198,41
152,82
246,18
76,22
28,179
21,256
94,208
155,16
19,94
38,74
205,202
160,245
191,173
101,85
93,144
219,58
109,96
122,195
96,57
109,3
151,89
20,256
79,109
4,0
87,197
110,203
171,155
77,41
203,245
180,48
125,113
214,120
30,111
219,29
245,58
247,158
250,242
42,130
39,53
120,127
162,252
30,236
32,170
252,105
207,145
61,168
109,72
48,58
196,177
245,73
163,195
79,235
239,93
118,22
127,8
5,230
83,219
83,209
31,84
167,149
74,11
71,236
225,60
111,84
250,70
144,109
26,106
143,21
159,185
190,74
207,199
251,145
189,218
8,122
51,127
117,217
83,75
116,147
157,126
109,135
85,96
124,45
142,201
191,229
76,7
150,203
160,108
161,130
50,152
32,190
14,162
35,59
39,163
172,22
68,26
223,213
148,12
228,16
10,111
86,34
58,138
132,84
69,97
136,250
17,11
3,156
115,215
171,16
11,193
5,140
123,153
36,167
250,0
165,76
47,168
82,189
183,103
232,151
98,179
60,18
69,79
107,54
147,85
126,170
222,3
45,198
210,197
45,236
38,227
43,59
152,196
231,135
3,81
51,180
238,30
187,73
31,254
161,115
72,151
245,113
157,230
211,203
130,226
236,232
47,4
149,53
183,94
108,13
157,134
17,136
203,145
52,51
47,247
231,138
219,47
159,199
81,187
46,66
171,148
239,232
212,227
21,70
58,78
142,194
244,153
108,18
82,112
184,150
172,69
246,137
86,237
8,168
219,173
32,134
42,204
231,70
153,79
101,161
16,38
13,237
221,77
150,38
39,32
118,240
50,61
233,167
43,117
122,121
231,252
245,190
137,42
246,69
119,195
57,187
200,223
10,188
115,228
215,66
185,37
249,138
79,225
247,44
52,145
31,111
207,20
59,239
40,6
229,149
164,101
51,153
118,191
96,251
77,44
245,17
38,142
186,235
250,203
34,38
6,158
222,138
138,18
142,152
229,154
202,71
75,48
179,40
202,111
121,124
175,214
168,217
27,254
202,253
228,150
183,234
97,94
65,123
26,180
98,51
46,192
16,133
150,207
144,232
180,15
43,124
7,133
58,147
213,142
23,238
92,123
12,102
182,211
189,205
111,68
245,113
202,100
41,9
82,168
29,52
87,29
99,137
193,252
189,29
68,133
130,75
129,45
170,51
55,100
149,158
77,234
146,6
164,161
10,248
238,74
215,45
118,43
216,77
22,145
140,211
235,210
116,15
62,45
10,30
8,83
161,4
56,162
165,207
240,145
0,212
70,48
0,221
164,135
147,246
17,235
195,143
83,108
92,48
103,88
18,19
161,110
238,135
202,40
223,131
13,231
109,213
104,108
176,241
248,73
95,40
235,30
230,165
139,68
106,213
203,189
165,228
174,153
109,129
22,135
99,1
63,147
131,215
20,53
176,214
122,156
196,104
247,216
165,90
198,237
57,233
127,13
146,145
167,31
119,86
215,1
166,2
81,158
60,194
118,152
123,202
7,4
215,74
99,137
47,180
139,8
215,177
216,65
104,79
111,141
0,202
126,57
115,99
235,6
131,170
250,76
118,101
96,147
195,227
106,95
156,111
72,130
29,165
156,242
20,108
46,100
81,252
21,130
111,6
28,24
18,100
41,135
174,197
249,13
117,191
71,75
114,35
194,117
81,206
45,89
111,240
169,194
254,49
138,225
120,92
171,227
142,184
73,78
194,88
233,150
244,22
42,142
169,162
253,53
247,70
128,1
75,14
5,211
82,170
181,196
130,63
145,19
166,208
111,16
64,76
162,39
218,232
1,101
172,50
141,109
164,121
72,0
243,108
170,80
131,99
213,131
248,30
58,15
249,114
98,226
254,103
196,189
232,67
85,156
226,109
216,52
119,35
175,52
179,226
27,14
155,156
240,139
63,19
31,84
97,215
37,95
119,139
187,152
155,83
85,0
247,206
186,29
131,171
22,58
240,170
73,239
247,134
203,2
96,187
3,52
146,92
198,73
23,54
100,34
73,218
70,205
239,210
90,46
246,204
50,195
93,213
20,112
94,238
151,33
94,204
0,48
65,65
178,91
74,50
52,13
204,80
137,138
10,193
234,141
71,34
185,48
38,223
218,231
61,175
8,223
215,233
180,119
151,181
150,56
94,203
233,256
146,151
197,25
154,232
111,110
250,61
68,182
35,150
105,83
183,53
85,125
4,176
86,206
95,106
111,252
62,112
170,43
16,256
23,137
196,111
126,232
175,5
29,68
44,78
93,253
183,198
223,136
157,160
236,227
0,88
233,54
58,5
24,255
72,82
113,99
13,121
60,138
138,46
34,227
131,64
70,252
2,48
106,59
26,228
158,40
194,157
41,8
54,157
134,236
228,118
81,116
100,179
208,134
31,36
78,67
124,176
60,97
80,31
138,165
143,123
218,216
149,171
188,229
163,130
4,254
206,180
115,189
146,222
167,222
106,187
140,168
57,46
173,215
113,243
94,218
224,40
131,29
216,79
12,13
7,24
164,166
188,217
8,174
131,189
0,161
128,137
184,242
41,59
146,7
251,199
52,234
89,120
240,2
66,184
111,87
5,178
220,253
105,140
55,181
6,77
103,27
12,146
26,63
102,95
36,154
74,206
155,141
194,7
192,88
27,35
84,25
180,185
8,74
192,22
90,99
65,171
157,38
18,52
14,147
69,11
143,69
173,202
103,59
76,121
125,222
156,97
139,21
39,67
21,67
205,34
254,4
182,233
253,251
188,150
38,213
207,208
211,212
176,236
153,71
11,156
32,148
6,199
105,247
116,94
107,92
235,78
3,21
9,66
45,18
151,235
65,49
27,239
40,43
199,83
154,254
236,142
95,152
50,186
158,0
40,184
88,31
226,125
183,210
227,63
237,184
211,84
99,113
239,133
48,143
251,21
4,214
57,99
226,202
140,34
158,63
201,147
104,57
110,29
221,244
199,171
14,121
99,199
67,34
196,234
46,238
152,83
83,124
16,232
167,82
200,196
79,96
116,41
56,157
193,94
2,103
216,206
51,103
12,189
85,107
163,187
244,158
81,18
87,22
100,11
183,144
31,255
24,30
179,52
229,230
162,200
12,184
0,225
32,218
156,129
60,112
223,212
231,58
10,223
63,223
173,133
163,141
42,109
95,229
156,218
122,15
61,244
178,49
217,198
154,117
31,239
244,101
172,101
185,165
110,20
3,231
250,58
111,31
100,243
222,137
226,139
52,130
192,87
169,15
122,155
143,36
214,245
218,110
56,190
97,33
73,77
76,49
153,194
163,7
148,71
252,253
253,174
175,251
124,67
123,70
79,44
40,50
8,199
233,22
12,79
122,206
85,192
213,123
62,81
244,234
161,150
67,220
83,102
110,173
131,99
127,21
23,198
203,31
95,32
246,93
174,116
128,118
184,202
130,180
3,100
151,31
154,16
208,208
201,94
141,97
12,29
53,237
150,46
145,49
75,51
16,12
209,210
30,200
244,180
187,129
202,211
28,133
31,55
20,133
130,24
20,206
213,201
176,99
252,128
74,50
88,108
46,38
149,236
237,126
129,42
3,206
235,179
70,40
113,160
106,73
105,243
169,158
67,34
109,152
244,95
47,183
45,169
60,114
156,73
85,235
154,232
35,193
82,181
228,113
140,102
202,242
54,147
250,59
140,150
80,184
254,42
168,7
209,14
24,68
184,88
38,145
40,196
103,229
204,233
255,254
1,195
7,153
171,18
190,120
256,224
120,112
27,239
253,109
154,236
139,254
144,3
101,152
174,49
240,248
166,235
202,204
168,8
91,76
172,181
79,25
136,97
185,222
251,66
49,35
101,253
240,56
28,13
204,76
236,23
114,243
55,95
174,58
4,56
158,243
222,215
19,4
216,25
15,242
122,255
162,72
6,6
221,145
217,139
38,104
155,138
237,49
182,72
104,182
135,25
63,241
81,37
145,13
54,77
0,126
250,250
108,166
100,220
172,40
180,22
98,199
119,63
106,164
109,70
79,20
18,250
24,103
170,36
76,211
215,173
56,207
151,64
117,22
83,20
221,48
216,88
36,51
34,62
51,117
140,61
165,46
139,138
233,248
231,27
121,135
90,182
13,233
31,144
205,15
7,208
6,56
226,142
65,94
38,34
166,135
2,114
149,62
28,107
252,158
14,236
70,124
57,111
242,245
189,225
9,105
83,104
7,151
43,115
189,161
234,120
92,88
238,210
149,233
71,145
31,38
105,129
145,178
34,225
62,109
136,6
227,41
211,100
34,200
18,220
165,130
34,77
149,45
214,254
252,8
241,99
12,137
212,236
53,218
92,144
181,159
210,102
207,162
183,40
92,64
167,1
198,177
255,250
126,239
178,38
137,234
99,24
197,43
193,157
161,215
34,196
144,187
210,154
16,228
31,115
82,250
101,93
116,112
150,189
71,128
233,20
118,124
39,93
46,166
203,33
45,215
139,193
235,121
111,177
126,209
195,111
121,81
214,242
142,91
135,145
62,207
95,29
105,84
219,82
142,61
242,56
164,9
147,20
114,230
25,12
124,102
20,52
130,98
196,174
242,137
92,44
67,88
117,158
87,129
47,0
113,127
131,186
131,52
149,167
78,108
226,7
126,40
165,239
83,53
39,199
202,254
68,109
250,70
221,235
1,157
18,204
236,95
112,226
151,218
199,71
22,197
188,127
111,18
157,249
18,256
115,10
142,249
233,52
216,230
178,116
104,241
215,212
151,253
90,19
208,241
58,161
16,142
130,38
78,157
153,255
148,65
183,166
191,169
228,229
64,32
51,92
222,104
225,29
190,112
29,20
199,33
206,119
163,244
239,81
51,84
237,81
53,89
115,173
102,170
235,45
162,9
199,116
208,7
246,70
8,30
253,0
69,222
193,20
73,62
88,223
47,75
151,20
169,79
130,132
195,225
67,27
91,156
125,10
138,28
226,51
143,40
232,72
43,25
159,160
87,93
96,233
188,117
188,9
232,91
208,92
149,211
25,200
27,28
109,220
47,213
173,65
204,224
87,179
42,175
188,152
181,236
206,16
39,128
40,16
203,64
49,164
73,227
75,39
8,210
207,1
248,193
50,142
87,223
13,203
148,30
2,67
115,128
108,16
25,38
239,31
116,119
114,187
181,76
90,39
66,206
21,179
166,36
145,150
128,256
14,185
220,176
185,149
118,166
180,66
83,184
253,136
156,172
147,249
204,209
47,186
80,94
212,59
78,35
253,101
105,34
188,174
94,201
81,202
136,216
101,41
202,100
151,216
34,139
142,255
165,4
211,212
248,253
192,167
174,217
184,104
168,101
114,73
91,94
226,91
232,65
186,14
44,240
190,39
120,150
249,1
198,99
105,162
147,6
61,253
73,111
144,119
68,197
215,197
49,192
167,17
152,135
105,221
175,23
154,216
102,229
193,98
55,146
109,177
178,198
227,26
6,150
78,20
56,39
209,46
6,26
16,181
214,6
228,167
157,18
163,93
52,213
128,164
103,134
164,96
27,86
129,106
137,78
76,166
154,105
135,90
61,250
181,182
48,85
111,207
98,27
12,115
96,136
128,154
43,154
221,50
187,141
119,32
129,148
121,133
138,252
248,138
241,237
71,119
65,221
128,15
178,142
12,161
256,245
121,84
123,209
27,131
201,132
39,157
49,35
126,96
9,104
240,61
80,233
208,231
154,101
185,133
121,63
183,228
157,43
249,9
132,102
213,135
24,96
207,31
51,132
99,219
83,93
181,152
147,187
193,19
169,46
252,145
130,212
26,92
144,181
249,148
185,1
17,15
186,159
129,242
29,172
23,61
71,200
193,85
131,249
118,104
153,53
60,80
235,99
243,215
174,231
98,90
245,251
120,76
99,120
10,71
141,153
30,174
44,188
144,162
219,23
150,78
188,11
141,223
204,183
158,96
130,166
141,139
230,87
23,174
164,230
239,5
218,40
76,32
107,75
61,35
154,113
13,166
14,256
128,241
174,70
58,116
98,197
213,224
221,208
101,89
6,122
102,129
25,95
3,224
31,206
54,109
209,192
163,114
198,147
238,47
78,213
112,126
161,78
71,183
32,162
240,177
56,70
248,223
10,129
236,162
50,69
115,42
214,210
148,196
135,66
194,236
243,83
248,215
84,143
161,96
165,108
142,214
43,50
167,139
66,144
250,3
30,168
81,59
191,224
101,127
195,123
59,240
104,40
145,28
6,60
81,20
33,205
236,191
65,237
243,232
124,40
221,5
99,133
135,195
247,49
105,113
123,237
185,210
228,237
67,80
249,230
10,5
112,147
212,131
2,236
183,155
22,165
121,50
220,6
176,94
42,70
18,175
7,52
75,7
79,238
181,53
108,82
230,19
12,219
141,45
112,60
65,244
89,201
28,195
101,112
178,19
187,93
14,166
182,12
253,28
171,247
240,246
161,2
55,233
235,145
121,184
28,138
43,118
132,176
167,165
11,30
154,82
98,207
254,52
79,210
236,92
101,229
135,86
176,223
225,128
188,179
159,214
53,209
88,41
6,189
60,233
69,197
122,131
85,122
98,153
44,235
20,214
15,50
212,74
113,229
236,217
169,57
156,174
138,87
184,61
38,175
2,120
108,52
238,107
246,129
145,225
240,81
193,161
115,92
200,62
49,131
222,252
71,37
19,224
64,66
16,250
237,52
81,234
98,219
226,3
232,246
200,145
174,45
80,151
66,230
56,234
22,39
59,214
46,226
194,186
185,245
116,154
247,48
247,208
247,255
3,79
71,247
135,81
5,46
74,208
46,231
4,238
75,46
137,7
201,105
24,222
181,32
225,182
105,176
88,35
206,218
1,255
21,16
180,204
55,133
240,150
61,100
3,242
10,194
22,57
60,155
99,153
82,133
150,178
51,69
53,112
236,97
34,49
114,165
174,131
42,255
247,149
238,3
38,241
133,54
24,220
233,23
230,42
207,198
19,129
77,231
175,122
112,46
69,17
56,193
165,181
46,34
208,201
207,0
239,189
256,73
79,44
151,209
216,201
81,51
109,233
105,20
223,224
63,71
235,45
244,64
15,140
17,37
214,60
239,178
135,20
10,87
53,153
222,91
237,179
166,107
33,109
143,217
165,95
157,139
66,181
14,42
2,60
32,241
127,17
230,138
222,94
217,97
129,92
138,133
233,2
7,17
14,66
132,251
242,33
163,121
204,18
30,106
252,72
134,80
122,37
70,58
117,44
198,196
177,23
102,231
52,158
70,205
195,15
256,148
216,149
211,36
230,159
137,8
39,52
223,108
159,58
107,153
150,2
107,104
213,141
138,124
252,72
169,231
249,88
212,116
85,44
207,109
146,205
66,133
12,247
164,44
69,121
179,167
2,147
88,229
184,193
196,93
101,220
205,145
239,36
106,55
243,101
112,67
131,30
88,53
154,161
214,58
176,187
28,76
120,202
216,215
151,135
44,26
115,211
249,137
64,232
156,195
123,33
34,164
42,152
109,104
149,64
36,58
104,241
83,135
134,233
185,135
60,252
49,11
108,15
152,118
190,108
1,182
243,56
248,57
148,177
222,191
166,180
177,140
228,148
141,82
5,213
197,169
130,236
43,189
163,22
10,189
101,28
238,180
45,222
84,183
35,116
196,240
61,37
158,180
43,252
28,189
77,161
77,79
72,166
85,101
174,249
191,243
100,192
250,197
134,236
152,210
247,109
81,234
51,77
83,234
41,88
202,233
37,51
209,190
113,210
222,224
236,136
137,217
50,113
200,126
103,70
64,36
70,104
175,228
224,93
127,148
225,250
243,142
230,242
69,69
16,75
102,69
98,78
235,249
2,76
47,182
187,147
176,1
97,4
105,108
143,137
1,62
224,162
29,26
34,192
31,251
85,136
229,145
103,219
18,157
25,44
245,4
205,125
18,49
211,195
30,223
147,20
245,9
156,167
22,59
101,35
154,181
144,141
50,12
164,125
69,110
27,227
216,129
21,99
29,181
121,94
182,197
179,128
228,250
15,242
3,176
140,82
66,10
207,22
256,31
249,129
20,31
239,12
22,199
106,224
53,83
90,32
84,142
157,59
130,229
124,146
79,63
20,159
141,29
223,114
120,163
162,18
155,69
87,142
171,70
81,238
97,177
12,99
190,151
49,127
145,118
228,84
207,120
110,189
124,55
233,217
223,192
199,149
56,163
124,49
173,56
138,75
34,244
102,55
4,58
225,172
58,2
28,139
0,240
38,84
160,178
157,162
154,248
195,228
159,33
186,191
91,162
139,52
29,24
107,58
246,137
142,155
82,4
70,199
231,93
128,195
53,254
76,37
133,5
140,195
125,155
127,226
106,124
150,237
77,153
29,247
14,116
116,91
23,116
210,249
124,233
62,93
15,93
30,195
17,220
142,221
139,201
104,48
133,250
106,102
48,240
186,168
154,111
52,134
64,56
69,62
125,109
57,167
20,202
247,3
166,228
134,226
243,239
169,110
200,226
48,65
42,9
105,93
4,187
48,38
194,64
213,68
201,75
45,27
47,165
242,29
75,184
227,104
150,160
154,220
80,177
75,98
55,145
34,70
157,151
148,240
232,157
40,47
237,61
68,44
64,67
67,63
213,36
88,203
5,170
198,239
45,101
27,4
34,108
251,106
158,62
177,161
163,144
39,62
142,111
134,206
115,62
110,144
247,20
227,240
167,36
132,250
182,212
140,218
138,222
194,44
180,6
129,147
185,216
109,163
53,142
131,207
179,2
25,238
40,248
175,5
229,118
20,29
0,77
203,141
27,95
214,178
63,170
144,81
144,22
25,217
215,129
246,41
59,175
176,72
233,113
61,128
57,222
104,113
56,166
152,140
124,114
195,156
168,138
37,178
194,9
220,147
61,41
178,247
167,86
244,163
33,137
80,223
53,131
134,19
179,142
161,158
244,142
96,100
1,254
134,12
64,59
136,145
231,243
125,83
168,231
8,139
237,83
250,12
213,181
225,8
164,189
21,188
252,102
41,168
42,72
216,15
120,81
78,36
187,77
192,207
114,144
25,22
16,168
146,43
101,0
168,139
140,209
233,173
97,81
187,9
98,192
11,117
8,95
228,212
106,34
87,97
194,70
45,14
24,255
90,109
186,62
61,16
176,225
86,31
42,95
129,128
187,242
147,43
141,231
200,85
143,14
9,167
9,68
226,55
3,68
69,129
60,104
195,115
93,115
18,209
93,7
115,64
9,83
124,167
105,237
199,55
151,250
20,233
155,44
219,239
115,222
220,169
65,168
194,44
176,201
155,196
209,184
56,158
233,88
227,192
21,195
45,238
104,217
52,22
211,90
196,231
210,187
148,74
244,17
163,116
233,185
234,93
223,132
236,49
0,86
47,79
104,155
226,134
136,169
112,168
112,228
206,192
237,224
35,91
211,85
149,32
44,71
203,252
16,78
155,201
229,218
83,71
89,114
35,217
232,130
189,114
24,41
118,222
171,245
125,176
75,171
24,180
241,74
80,117
79,174
201,4
92,35
69,184
152,122
202,42
31,179
102,90
1,61
178,167
221,131
65,53
84,171
49,57
19,184
67,190
211,203
200,245
101,142
156,241
196,76
55,158
173,222
142,78
141,108
16,19
33,51
52,93
167,242
11,213
88,219
40,245
38,232
81,224
115,36
142,163
250,23
47,217
82,3
4,96
222,10
42,178
14,131
127,225
105,242
117,25
125,0
197,139
126,241
238,156
158,198
159,238
41,45
1,48
107,83
209,9
148,86
143,238
100,71
254,123
118,101
154,112
99,229
77,99
0,221
6,55
161,202
50,238
147,79
249,212
50,194
41,114
132,14
156,36
63,64
193,192
116,196
35,63
220,218
15,255
30,25
188,52
231,15
222,13
145,44
33,203
213,117
138,123
71,153
169,135
256,91
122,45
24,221
21,210
225,145
18,208
191,188
60,222
204,64
219,94
80,177
25,151
26,151
108,213
232,109
226,184
23,152
60,232
171,119
232,69
21,28
189,21
27,127
252,201
90,131
187,250
64,219
33,161
200,245
237,251
98,61
185,118
54,17
191,248
200,145
29,228
6,34
116,200
110,163
94,103
144,144
33,215
206,255
108,212
125,27
204,108
213,168
254,96
241,86
85,32
86,101
156,179
152,143
158,118
256,101
66,112
41,252
58,239
14,118
86,128
69,42
113,119
152,148
215,88
159,115
207,60
148,64
10,125
178,145
188,91
164,76
44,68
133,173
202,186
28,113
101,101
6,219
97,24
176,108
27,86
165,44
8,136
234,190
179,3
7,144
191,256
17,82
84,233
32,76
109,61
126,228
97,192
1,102
209,32
187,20
100,35
1,125
19,147
202,226
102,71
222,120
149,134
35,253
233,72
130,106
28,255
158,67
72,75
10,103
207,197
6,255
17,20
95,131
97,196
107,79
147,242
247,7
227,128
245,217
35,159
210,139
114,111
170,234
38,94
106,121
205,249
235,167
157,107
52,162
74,24
190,57
156,239
146,63
210,146
151,42
231,63
44,166
105,203
127,64
88,126
25,221
193,214
249,246
249,80
35,98
89,249
252,220
254,1
121,172
159,11
208,213
178,109
107,188
190,121
108,140
151,154
234,248
171,14
223,59
155,19
241,217
7,71
203,133
73,153
78,65
163,1
147,71
111,128
174,238
201,230
29,12
39,47
94,235
193,246
103,2
139,75
112,256
114,7
137,13
246,174
242,183
208,169
256,141
85,163
65,34
36,164
173,149
178,106
233,138
13,189
189,144
117,160
121,207
183,83
35,182
143,101
212,146
127,236
138,229
225,97
155,251
125,141
96,61
117,202
73,149
185,125
218,100
23,119
132,15
54,131
123,121
119,104
70,219
178,223
170,253
37,152
226,33
176,70
158,234
143,2
35,227
167,198
139,49
199,131
161,171
18,194
254,149
191,173
231,96
186,169
233,131
231,25
209,136
184,44
196,234
137,113
82,193
111,61
15,227
181,162
185,168
176,253
226,88
222,58
202,69
150,23
103,133
205,67
162,205
88,81
20,3
124,38
156,130
207,75
231,70
180,79
50,154
81,237
148,22
219,202
41,195
183,189
7,170
50,225
173,25
148,121
140,73
71,118
59,214
131,7
50,43
192,193
145,102
237,48
76,233
66,115
66,242
105,248
203,179
106,194
197,35
91,51
30,86
81,74
167,241
11,216
151,178
211,62
39,94
226,105
168,225
31,62
86,180
161,73
85,147
240,61
192,60
101,42
232,16
23,59
109,78
13,217
139,213
135,177
155,169
148,205
221,142
25,212
81,141
164,99
22,157
88,15
125,186
225,47
119,215
52,152
76,5
164,71
158,155
222,36
144,21
238,124
39,1
101,62
25,1
2,149
15,199
228,29
68,214
30,140
251,99
113,94
130,87
215,162
223,74
36,101
200,180
232,79
221,29
172,125
88,251
18,164
159,191
174,99
205,131
6,162
148,71
88,204
135,197
102,174
208,247
102,141
131,245
220,229
148,239
68,67
166,226
217,111
126,12
178,241
234,188
4,104
170,41
100,118
15,220
165,31
112,18
9,216
213,182
208,36
55,192
132,91
146,107
148,150
135,92
177,96
107,31
205,233
84,233
135,236
57,228
112,34
156,190
127,144
117,163
68,256
221,59
0,109
137,44
188,31
90,135
136,230
187,49
233,55
79,187
213,113
89,71
43,30
102,247
5,64
207,81
99,124
96,108
224,218
91,72
0,133
140,16
79,130
99,208
150,20
238,143
199,149
71,41
137,59
173,42
35,212
219,74
191,192
138,155
211,24
158,10
168,77
170,138
191,66
118,250
90,71
212,87
212,129
204,175
154,184
24,139
165,221
4,216
36,134
50,196
193,234
145,100
239,92
47,189
177,196
229,237
161,220
161,76
185,252
195,107
108,2
175,27
148,234
117,130
178,38
141,39
140,162
49,139
74,250
206,80
157,142
4,79
101,229
227,213
156,206
188,184
6,61
251,9
164,63
10,176
140,139
69,96
98,161
147,212
228,156
198,213
189,75
23,172
10,119
6,35
212,200
38,101
68,134
206,246
65,211
145,252
26,216
147,214
123,174
96,83
201,19
194,104
64,223
247,7
142,218
155,76
117,87
84,157
105,7
187,161
62,19
14,205
100,140
150,177
102,122
106,53
205,219
187,252
111,226
219,123
134,107
112,28
49,100
204,47
246,100
224,180
0,80
83,75
177,232
94,189
22,101
37,115
138,199
135,216
220,114
119,139
52,16
42,160
145,133
97,129
202,53
66,203
254,172
77,74
76,163
31,41
92,99
182,113
222,239
54,137
106,191
243,255
110,113
63,168
254,48
159,223
119,225
211,254
212,237
96,158
221,47
77,17
133,54
104,213
159,69
180,124
221,191
167,33
218,99
5,131
57,141
65,226
244,37
145,45
82,133
83,148
113,20
37,117
157,95
15,62
40,196
36,172
10,57
21,153
109,110
73,231
145,191
103,60
123,168
156,191
210,118
15,167
151,161
49,254
124,139
145,75
162,245
185,213
110,182
121,71
33,102
55,97
232,107
134,184
240,44
34,42
222,9
97,97
31,96
223,33
128,108
185,193
11,255
26,86
214,78
22,162
168,163
2,121
88,69
22,148
138,5
250,56
8,30
189,21
113,105
184,211
123,190
138,186
96,228
123,2
44,193
189,14
174,159
135,217
51,190
0,223
104,1
206,6
169,122
167,55
103,234
36,220
22,244
68,121
128,245
103,192
93,252
122,81
85,24
197,51
212,145
9,27
61,59
247,51
96,76
46,157
229,184
207,151
213,22
73,61
156,58
38,200
46,219
244,178
69,18
30,248
60,129
27,128
94,77
205,221
22,198
151,111
26,201
156,149
58,67
254,57
10,6
8,233
108,60
188,10
188,67
106,239
216,40
238,144
55,31
189,209
64,160
237,148
197,64
53,252
255,199
242,244
120,238
214,43
67,126
160,84
94,231
173,16
160,88
184,224
144,39
73,68
156,57
191,183
159,120
5,106
141,231
125,210
5,165
234,207
217,30
100,89
207,123
231,56
219,182
122,201
15,162
195,92
58,214
37,28
239,178
143,225
209,49
69,104
216,42
208,209
119,188
145,242
187,39
108,43
73,113
114,154
254,63
105,166
135,121
142,226
166,144
16,150
249,167
165,228
157,182
65,41
185,57
224,227
157,188
82,49
157,25
109,254
113,165
222,220
118,16
83,59
99,41
6,35
25,242
243,181
148,216
212,100
172,186
199,53
174,104
19,25
222,92
199,120
171,183
72,24
79,197
53,29
50,150
116,125
120,106
148,248
5,173
87,154
192,165
171,122
123,59
181,133
183,224
58,6
217,253
248,193
51,116
242,58
95,1
200,223
204,57
198,166
92,214
251,206
203,84
211,139
253,45
113,216
85,235
17,39
82,225
151,19
159,204
233,18
30,10
72,140
10,101
234,184
159,245
191,146
81,255
10,6
176,50
134,209
60,7
173,94
248,40
193,77
249,246
17,252
149,131
213,40
145,1
240,148
13,65
140,219
246,200
81,212
125,203
206,138
132,196
224,144
246,135
108,85
202,63
94,185
24,182
244,197
3,135
35,245
207,62
37,101
237,20
192,139
94,84
211,230
95,202
212,206
246,234
204,55
118,140
124,241
26,177
91,78
254,2
171,213
62,112
20,21
186,26
1,13
234,134
170,69
220,171
59,152
10,179
138,35
24,20
142,235
34,151
147,251
91,252
113,17
53,123
142,170
191,51
230,73
174,205
47,102
171,12
249,47
95,131
15,88
119,47
160,27
17,87
24,120
67,136
22,167
120,225
60,56
35,87
255,226
107,108
211,117
81,63
140,69
143,181
193,85
115,230
234,121
204,53
231,70
88,69
128,113
107,162
215,219
145,204
256,176
179,126
221,152
202,206
47,230
229,228
201,128
93,227
217,32
34,145
150,200
173,219
39,175
197,96
104,83
99,17
15,81
114,20
198,229
22,202
38,153
125,22
177,240
91,222
25,157
76,6
35,20
200,253
106,248
24,27
201,12
14,106
62,44
223,159
177,195
60,216
85,205
89,103
35,61
191,166
173,207
34,198
110,10
129,174
221,69
218,8
134,18
158,176
245,0
191,39
143,222
11,201
204,56
161,199
102,87
129,133
236,110
88,199
35,89
120,138
202,166
93,103
163,119
8,143
109,23
161,149
49,123
41,242
171,57
3,76
201,241
66,93
74,100
182,86
185,31
110,251
45,177
172,203
152,53
165,243
99,198
164,77
148,88
253,3
255,102
51,232
106,116
29,225
171,13
155,226
0,101
245,112
128,180
82,3
150,175
15,55
73,162
50,79
75,115
66,84
71,86
69,77
132,126
118,102
142,217
85,247
142,124
252,256
184,70
115,17
37,157
196,127
90,206
129,30
128,145
3,191
108,132
150,226
115,173
55,217
190,170
0,139
207,64
144,178
227,177
224,93
201,136
45,182
173,146
24,186
234,145
253,180
29,162
76,140
225,210
144,171
192,209
98,250
80,13
187,164
56,170
27,2
173,201
2,233
34,202
223,80
191,216
34,201
64,213
44,54
229,125
82,72
22,140
184,69
202,128
205,234
78,127
34,107
131,167
252,77
221,134
37,17
214,151
60,60
88,159
53,163
81,209
192,137
134,115
52,137
176,170
45,122
200,221
252,171
130,223
15,131
227,9
43,171
229,133
201,200
22,233
228,220
12,211
69,24
209,240
170,222
83,226
208,98
241,102
17,140
218,178
140,36
188,49
138,189
175,7
191,146
24,200
216,134
188,238
75,165
217,202
206,194
5,249
54,241
250,51
5,204
114,1
212,101
54,156
73,149
149,97
128,159
152,223
105,81
85,180
126,40
195,230
183,167
192,91
175,207
242,222
173,76
181,147
150,61
127,189
105,153
182,225
127,170
189,93
96,135
74,235
171,254
203,169
189,195
200,8
227,192
13,193
54,81
212,253
69,98
211,55
8,184
218,83
115,104
84,251
11,158
87,108
21,16
50,249
34,153
128,195
22,91
35,81
147,28
72,62
6,171
134,6
37,205
244,160
53,67
20,159
38,169
8,243
249,238
42,225
186,146
213,89
188,236
224,56
20,159
51,161
206,225
116,146
23,91
12,157
81,58
141,179
146,175
0,46
54,8
228,162
236,17
31,86
195,195
254,18
69,190
237,81
71,213
163,97
79,130
34,224
92,80
71,128
91,175
128,91
59,34
3,109
219,216
87,192
214,22
90,155
21,193
73,176
197,59
72,67
90,52
19,28
227,122
109,225
182,78
229,74
179,67
230,182
233,45
180,158
37,193
149,228
182,228
130,138
129,132
170,46
51,65
126,96
44,48
123,36
254,189
107,8
44,90
226,239
64,45
125,63
97,158
239,237
60,179
11,195
242,150
71,164
218,66
142,33
208,219
249,38
93,171
211,52
184,180
160,106
208,88
250,17
55,97
85,163
141,12
248,173
139,31
131,173
198,34
41,211
102,71
57,58
203,41
235,145
148,125
229,8
59,157
93,251
153,238
253,226
86,125
163,236
6,0
113,41
37,108
164,115
54,238
251,223
31,100
64,249
246,100
228,187
142,177
176,23
254,52
225,75
96,180
110,2
77,93
201,113
78,28
129,152
78,130
70,219
87,203
27,233
71,32
177,184
2,113
207,245
43,95
209,88
189,250
196,142
194,26
61,14
219,250
18,141
136,163
179,164
93,172
199,228
200,88
147,77
119,145
49,236
33,226
65,183
244,41
122,29
159,169
162,256
46,1
203,156
198,60
11,197
141,98
25,255
65,109
141,253
163,23
237,203
186,249
20,192
192,37
8,38
1,239
139,128
123,160
125,23
54,230
44,71
121,101
196,179
1,128
163,166
207,190
164,66
9,117
102,5
206,55
214,190
207,63
76,73
153,177
230,254
79,136
156,47
240,98
241,188
11,238
132,256
88,24
144,198
132,243
230,29
27,115
58,241
234,219
192,77
232,205
141,186
13,256
85,75
237,252
63,253
75,254
110,252
72,146
191,166
236,54
197,177
246,157
123,252
200,57
71,134
236,122
185,223
100,116
96,106
170,12
31,133
28,64
58,116
51,112
57,153
25,89
133,46
75,253
8,151
181,42
219,70
54,50
137,109
140,161
175,213
227,125
149,203
205,254
152,233
7,237
252,152
119,158
68,101
117,26
68,184
165,250
111,220
126,138
109,182
10,146
60,166
77,88
180,144
9,242
132,253
24,150
176,104
48,132
133,80
31,139
34,24
186,72
140,37
215,29
253,111
116,54
99,113
54,195
154,159
10,250
150,21
176,48
251,195
36,37
254,107
86,182
46,175
39,133
222,196
195,102
3,40
40,116
165,236
173,94
84,202
140,91
244,175
62,109
29,73
147,113
41,85
164,176
253,11
233,114
222,29
98,121
34,168
44,160
83,123
15,211
190,148
168,23
34,208
19,68
18,245
142,23
170,42
49,93
31,215
232,100
207,179
160,117
100,35
29,109
67,223
81,172
216,47
227,57
217,136
6,229
53,153
137,168
235,211
254,56
19,33
180,245
248,75
216,52
131,195
109,199
233,43
247,29
100,22
69,135
166,14
199,35
138,61
247,188
99,162
28,28
10,96
226,177
47,28
242,78
247,0
75,166
11,196
98,118
126,130
164,69
101,187
184,175
28,123
126,60
79,228
0,12
139,181
164,245
56,175
40,9
231,238
187,194
210,40
67,8
42,100
92,163
147,85
24,109
104,127
220,70
107,85
66,67
249,133
59,20
12,145
152,242
107,185
242,25
209,223
166,161
152,153
40,236
134,156
247,85
200,62
122,183
56,197
136,232
55,67
26,182
58,198
141,233
201,67
209,243
63,138
214,3
173,229
26,236
234,27
230,187
147,232
120,112
216,44
15,0
43,54
233,184
174,227
20,155
13,136
63,232
6,114
139,249
185,82
39,239
16,34
86,218
88,237
105,25
166,8
183,147
12,47
179,160
143,203
24,215
128,46
44,181
86,99
36,152
236,131
256,200
71,193
0,171
217,27
60,240
190,91
151,212
61,122
212,4
129,68
213,252
91,74
170,27
182,60
76,93
121,43
212,194
160,118
25,249
240,252
59,102
218,45
140,28
194,163
143,4
246,190
60,147
160,45
154,53
206,228
113,108
151,19
223,138
248,201
20,71
30,32
205,8
152,17
209,159
133,253
151,51
210,31
39,171
134,192
36,152
69,187
213,127
97,3
213,133
68,133
238,8
147,68
238,22
247,125
69,38
217,83
64,211
106,233
235,53
66,98
244,149
50,240
200,126
169,153
116,123
159,39
89,190
86,33
43,46
34,3
175,229
147,218
204,247
58,148
110,103
127,88
146,103
190,68
50,204
31,61
78,190
110,157
98,97
215,161
162,163
27,109
120,204
58,153
117,171
131,206
28,188
42,20
43,14
141,109
129,41
205,119
18,119
19,55
226,118
227,189
179,140
94,62
30,13
31,95
85,152
202,33
39,192
181,227
146,102
240,73
247,166
205,186
38,61
143,12
249,211
90,156
224,77
93,81
102,11
132,106
233,225
111,82
243,255
245,41
219,95
68,214
98,3
63,138
130,114
182,71
29,44
2,57
183,76
254,223
192,207
50,39
201,103
190,170
56,12
183,69
217,56
79,107
95,97
223,11
3,249
29,2
102,15
3,256
173,87
157,187
252,238
49,4
195,110
113,78
8,32
43,217
27,92
108,20
80,21
171,109
28,180
48,157
115,96
188,210
94,237
178,131
175,216
201,17
142,151
63,96
54,247
100,139
166,111
26,160
75,5
43,76
186,121
134,161
7,149
19,70
221,124
238,88
164,85
230,130
168,148
108,177
245,75
191,135
79,33
187,166
129,233
224,118
232,71
188,179
102,154
17,5
180,22
45,233
229,179
97,80
146,237
83,4
229,241
0,107
106,103
229,58
163,98
134,193
36,114
86,139
246,99
112,195
98,212
143,110
6,116
131,202
157,100
255,25
67,151
247,198
233,162
128,130
227,21
82,72
79,32
250,256
113,194
59,220
38,127
142,103
18,158
123,225
98,82
33,233
211,108
96,221
21,159
221,142
176,147
221,60
125,246
179,240
212,108
171,205
121,193
241,74
59,35
254,200
112,113
72,44
196,33
225,129
249,123
136,49
85,187
48,241
83,113
112,82
205,252
163,41
191,102
218,136
142,241
116,242
153,130
177,86
10,211
41,63
238,80
31,44
126,244
32,214
55,52
141,57
251,76
64,34
231,143
32,138
236,215
72,24
216,249
43,177
246,139
236,35
224,1
213,76
9,109
166,113
62,132
30,54
52,206
226,98
138,256
215,161
49,62
224,139
202,46
32,182
238,137
71,79
242,121
86,87
85,101
252,225
147,94
120,210
106,98
19,124
0,157
172,193
82,162
234,26
15,70
86,83
14,220
152,112
12,62
134,216
194,111
209,91
66,206
147,191
150,164
23,1
23,133
121,221
165,187
114,86
237,101
132,197
50,76
255,237
16,153
148,157
39,203
187,127
75,2
217,5
239,20
53,217
171,143
161,72
117,217
17,75
125,213
18,209
1,228
69,132
244,108
142,176
175,90
188,172
148,202
42,83
49,235
35,169
40,50
160,93
189,86
205,152
133,194
54,131
22,248
28,167
169,163
74,232
29,216
155,0
81,105
96,59
100,21
99,72
104,98
68,96
56,202
222,96
95,232
193,67
81,229
110,117
93,81
144,58
113,116
235,213
138,230
101,95
42,129
66,216
101,97
90,14
105,164
216,193
37,240
71,149
220,91
111,49
196,162
159,64
16,108
249,179
237,125
251,143
234,100
74,14
75,13
104,130
104,105
188,236
112,9
235,154
147,69
118,141
195,115
33,137
215,246
144,103
209,99
158,163
65,246
86,138
58,34
172,245
153,119
199,256
23,138
24,180
63,243
219,156
28,181
252,203
219,234
16,113
35,129
171,135
130,179
249,17
16,41
38,29
244,84
36,61
186,256
55,196
69,60
175,180
174,40
214,133
131,229
53,156
255,141
30,181
167,162
11,199
38,151
14,95
218,238
55,138
121,62
248,24
53,214
250,115
73,165
26,120
120,156
200,112
126,18
197,11
62,60
50,89
28,150
58,31
153,215
37,223
255,154
104,81
40,167
121,225
124,119
192,90
27,75
203,64
224,191
8,78
221,158
224,43
8,110
241,211
123,63
77,45
196,69
147,184
187,60
68,20
156,0
135,217
53,171
8,19
102,35
49,71
171,237
250,120
137,106
13,60
44,138
215,248
229,194
54,0
224,172
220,44
148,192
198,35
241,27
56,193
248,159
22,130
92,173
253,86
15,33
76,179
30,141
38,247
234,14
122,166
160,202
15,126
203,45
101,170
125,224
89,197
36,9
149,47
68,32
226,220
138,206
228,129
180,216
159,239
48,80
237,197
215,151
61,249
247,243
77,45
238,21
220,238
119,244
106,8
7,169
178,49
67,45
256,105
87,78
167,12
224,251
76,80
119,181
3,209
73,116
180,168
88,5
108,222
193,203
119,47
129,246
183,229
12,233
160,256
117,79
102,205
5,27
93,16
37,67
27,226
169,184
248,60
244,55
54,80
91,157
118,94
115,21
37,249
113,120
136,195
187,74
52,114
250,50
223,13
93,191
185,55
105,0
45,74
167,182
217,203
135,98
235,7
82,101
42,247
49,219
79,149
96,226
154,166
206,155
90,221
76,75
220,52
140,138
36,88
196,234
64,169
156,91
132,37
237,223
133,200
142,188
201,137
184,69
200,178
182,236
75,228
202,43
73,250
201,59
104,86
43,51
169,146
44,63
121,9
201,217
72,57
167,81
17,171
11,18
88,174
190,39
92,95
6,63
87,88
130,220
61,88
53,100
11,256
86,245
21,207
194,173
71,249
80,164
148,52
166,59
101,63
56,5
121,64
185,241
81,98
10,220
190,73
110,49
26,176
163,198
128,239
72,184
55,155
133,196
39,25
83,79
65,210
73,115
62,118
106,73
241,168
145,19
248,218
125,161
133,108
13,226
183,185
45,237
208,68
229,167
198,122
57,1
187,239
98,15
11,152
249,194
113,17
220,47
77,116
156,217
115,116
22,180
149,99
173,142
90,42
105,228
171,90
143,248
20,82
218,241
76,196
122,107
79,150
13,243
245,203
142,73
150,80
149,252
174,5
33,214
75,66
189,87
244,211
245,163
63,233
228,130
186,224
206,184
120,170
135,95
53,164
205,207
84,3
106,178
86,20
91,111
28,220
195,223
93,113
103,169
32,0
173,49
182,135
95,147
153,144
241,246
54,242
102,151
97,137
251,116
118,74
86,54
38,69
44,220
131,3
151,63
50,58
76,86
212,102
237,58
190,209
125,216
175,16
48,175
110,120
149,102
177,194
255,141
140,124
110,183
54,235
242,69
233,172
69,140
191,107
226,88
124,230
44,103
95,98
131,230
248,219
0,7
170,187
135,190
170,251
82,17
66,14
85,244
67,220
19,3
221,214
180,13
166,73
230,192
157,243
32,244
248,43
125,161
7,97
30,121
168,58
218,62
197,113
254,81
111,176
207,84
42,21
42,5
172,77
185,202
222,142
144,200
189,51
143,103
147,253
125,41
150,34
17,58
60,135
149,93
60,192
193,87
44,158
112,57
102,147
156,39
104,14
114,190
45,164
62,45
3,227
112,17
254,206
49,135
80,9
142,147
99,1
247,229
32,255
100,60
31,25
74,71
10,226
123,138
98,8
66,84
59,34
132,74
160,121
5,223
104,171
8,164
100,216
255,70
2,232
112,148
116,41
153,181
108,46
11,74
162,35
83,192
211,101
33,92
123,25
136,55
43,194
124,135
219,7
173,11
227,95
128,224
198,166
79,141
243,4
222,38
150,233
42,161
248,3
216,190
195,164
2,250
248,209
249,62
220,16
27,201
189,231
142,79
138,124
239,171
61,241
56,140
241,120
126,215
88,93
10,4
208,82
166,252
112,28
38,86
179,228
72,180
145,164
132,94
126,64
176,192
222,155
212,10
36,10
225,165
45,170
176,66
217,9
197,57
54,235
210,1
157,181
240,25
191,82
92,203
64,213
173,191
139,46
41,209
210,36
177,196
248,152
178,164
41,249
246,165
86,197
19,224
148,210
249,168
246,14
168,229
233,226
45,82
30,220
222,230
6,133
156,41
42,159
53,120
44,21
215,181
230,88
204,36
45,35
138,53
256,3
161,149
38,91
86,106
153,201
164,90
28,256
2,18
63,146
4,62
170,186
74,129
23,2
86,62
185,215
250,123
18,199
235,83
158,61
12,119
245,102
102,188
20,174
210,112
192,33
200,133
20,190
112,158
182,232
66,147
160,101
112,154
186,117
224,44
104,152
147,43
29,70
241,204
256,46
170,146
99,174
99,37
162,204
234,166
128,182
106,97
45,136
211,4
27,60
161,43
42,249
142,144
23,184
67,240
47,191
10,32
64,66
103,211
65,183
45,14
73,36
183,74
21,195
46,200
179,256
23,161
182,14
132,90
46,155
150,191
170,213
35,145
228,34
145,47
13,168
96,83
113,212
33,19
222,178
79,153
192,6
197,76
246,5
165,155
154,28
131,175
32,84
208,122
4,106
157,216
123,12
71,63
96,60
44,176
4,163
253,20
80,252
189,80
255,211
121,111
201,15
14,228
256,41
161,103
20,247
28,105
108,85
23,143
69,86
140,193
10,138
252,66
170,110
27,66
14,184
239,188
111,159
222,23
233,99
75,181
70,177
74,135
218,32
216,244
154,77
21,145
157,131
56,207
23,88
249,189
128,128
21,195
36,227
254,129
81,15
236,69
90,159
223,97
21,100
249,164
247,194
167,82
217,195
152,85
216,210
189,61
185,239
210,49
45,42
10,18
3,21
11,69
189,158
143,219
127,7
158,150
226,161
209,6
71,213
235,96
107,179
1,128
181,149
140,176
5,60
14,242
91,5
93,231
5,40
51,49
145,95
4,155
148,227
53,176
220,157
74,93
153,210
60,247
69,89
10,163
204,151
97,209
57,131
219,81
247,175
107,131
185,73
83,18
81,163
7,31
17,103
53,152
165,74
9,89
182,117
73,106
21,244
184,178
58,213
237,67
121,107
215,216
119,142
55,40
187,80
48,209
233,157
179,224
169,198
106,225
8,172
245,34
45,90
210,59
150,20
204,233
136,24
81,191
220,227
79,178
111,36
129,62
57,197
158,187
180,253
70,112
236,85
93,244
140,43
28,71
109,208
94,233
121,14
186,81
214,163
197,221
250,224
69,23
208,183
215,76
159,218
195,11
155,197
225,39
146,141
131,123
47,113
42,15
45,219
221,234
184,73
70,56
150,16
132,126
87,79
220,253
153,142
53,150
232,148
231,56
225,158
27,233
201,31
256,6
10,196
119,97
21,197
86,33
72,121
242,107
199,232
177,133
24,256
216,162
31,185
150,14
3,125
142,128
102,224
99,180
32,252
25,188
160,134
136,220
97,211
218,72
34,131
164,165
117,94
244,76
108,50
108,125
169,48
73,145
149,65
240,230
110,208
241,38
107,232
256,71
159,228
76,255
50,217
150,135
202,59
24,175
101,179
177,60
92,79
71,80
32,247
223,82
22,142
219,173
115,26
9,154
21,172
125,65
143,30
99,185
203,66
73,38
172,149
184,197
136,34
242,153
74,254
183,17
115,161
146,47
162,95
101,75
37,118
82,234
23,173
126,11
213,45
99,15
236,241
31,108
101,2
29,70
88,244
5,182
103,242
84,9
245,54
3,198
3,254
24,20
14,188
85,217
74,232
37,53
227,241
50,153
136,8
185,134
109,212
199,241
0,88
6,203
179,226
104,66
31,235
153,30
142,90
165,208
114,98
187,37
58,214
34,239
234,66
189,22
33,222
124,167
185,20
224,256
164,234
21,59
244,26
43,169
105,6
67,218
250,68
199,38
135,94
43,235
94,155
225,6
217,100
206,90
159,14
199,14
97,221
130,165
124,60
35,59
247,66
195,213
96,128
154,33
84,211
246,70
10,120
118,32
109,135
51,248
145,104
230,219
149,209
18,217
242,73
67,237
20,23
28,249
186,115
229,6
139,39
238,254
124,228
209,105
212,182
100,171
185,229
171,22
242,113
129,207
59,57
29,196
203,73
220,160
236,8
145,119
152,88
158,241
187,43
176,178
207,89
162,54
217,66
60,223
166,146
75,78
16,223
22,100
71,145
66,61
72,20
172,185
15,219
55,42
146,45
192,178
90,93
92,62
192,244
171,5
2,245
76,121
64,176
38,241
218,27
64,34
235,101
243,193
90,99
140,54
248,132
51,251
5,64
7,209
145,190
40,117
160,167
162,80
235,248
26,210
206,37
118,240
148,16
164,150
35,23
135,103
182,228
249,176
91,200
214,23
2,171
185,217
191,18
73,109
217,91
168,179
78,255
102,247
54,207
138,236
175,249
249,116
90,72
68,160
114,109
35,249
38,238
35,154
195,86
23,179
22,209
10,34
111,189
93,16
174,173
93,32
30,110
24,10
134,7
182,126
189,125
48,122
238,71
170,163
211,104
105,250
34,248
152,198
140,255
62,138
124,11
240,88
235,108
94,32
166,108
161,201
179,194
243,114
70,125
11,38
76,70
241,64
28,61
98,77
174,242
88,60
71,93
146,108
62,139
206,141
123,169
220,250
0,123
247,48
87,193
192,224
67,24
241,190
85,168
208,174
112,94
204,252
216,52
148,103
204,168
193,24
250,70
10,32
212,212
132,165
187,44
116,48
177,83
56,122
195,46
128,165
107,82
202,38
211,238
136,86
97,190
65,230
50,18
4,156
251,154
229,147
123,177
50,26
128,135
203,225
111,42
38,46
141,22
115,234
230,93
190,213
215,232
126,149
122,8
130,164
208,206
167,11
232,222
215,222
85,117
95,61
60,80
132,82
189,154
180,199
57,12
223,25
207,51
64,216
9,149
69,179
138,0
237,255
206,38
50,19
106,26
4,122
69,243
128,55
133,234
65,63
81,62
37,220
101,35
149,216
149,209
104,211
235,57
207,102
160,120
254,155
7,108
12,30
121,93
219,44
170,46
117,70
89,229
32,31
48,51
59,219
144,221
223,53
82,196
46,182
220,80
48,104
80,213
47,121
137,106
140,191
18,81
187,179
51,120
121,71
67,150
121,192
84,179
219,99
182,124
120,1
173,239
163,232
25,79
133,52
224,105
183,49
158,104
184,184
62,125
144,233
194,120
88,221
58,168
238,178
28,226
126,10
165,60
246,184
90,250
101,44
229,94
120,129
128,99
62,162
188,100
214,155
219,49
234,208
36,118
15,172
140,33
145,42
72,223
256,190
36,223
250,179
190,59
47,60
100,64
149,139
56,196
2,22
151,92
62,151
168,88
175,51
158,175
60,237
124,133
205,182
30,240
211,256
107,196
17,25
62,48
4,64
251,19
166,145
241,22
236,1
230,83
158,61
45,246
78,87
74,46
190,209
238,43
5,90
245,179
37,35
231,126
210,44
104,10
37,158
114,180
216,99
105,173
184,217
160,149
218,67
46,81
51,105
184,205
124,67
98,244
216,71
207,221
39,7
87,67
205,220
44,68
91,51
214,81
189,142
39,6
103,60
199,255
219,239
245,76
84,28
81,229
133,49
41,30
201,49
154,202
48,251
219,77
174,214
141,206
200,14
244,126
175,200
146,176
4,112
51,216
91,90
155,10
31,56
2,45
13,255
184,240
125,55
145,14
31,39
66,230
93,205
47,8
250,6
109,142
16,228
177,52
210,182
88,250
156,188
220,87
113,232
201,41
75,192
76,248
192,198
248,254
235,143
106,156
142,99
112,248
144,207
124,220
246,231
119,255
19,203
56,113
170,218
164,204
206,28
176,109
162,47
226,151
144,50
41,51
233,16
95,10
167,81
201,14
28,120
5,41
159,241
163,114
151,211
123,149
86,31
14,173
132,27
120,226
225,124
218,133
129,135
102,60
107,131
37,4
20,76
176,109
253,235
90,106
210,63
81,140
113,98
146,160
7,23
201,140
116,210
43,136
89,189
139,247
216,216
149,139
218,88
218,113
218,162
121,110
57,212
134,138
83,253
220,64
159,243
224,21
196,137
145,45
118,116
59,206
239,23
147,139
131,6
50,111
251,149
1,232
86,182
219,149
238,50
241,113
44,239
203,168
189,58
179,218
63,166
94,205
146,223
107,70
48,160
44,42
251,216
143,204
231,185
190,62
67,112
126,66
94,175
44,229
233,25
206,82
204,112
225,141
240,25
211,210
42,213
21,156
13,71
194,104
163,63
226,75
105,43
231,163
92,73
123,72
63,198
0,238
157,222
218,68
237,218
148,255
240,121
248,224
139,247
54,59
48,243
12,171
190,145
65,27
235,48
86,211
249,9
248,26
111,129
183,161
242,55
7,49
164,171
121,123
8,104
144,254
50,252
122,32
182,229
194,104
92,153
71,62
135,76
81,173
230,206
46,174
28,23
21,140
117,63
205,93
8,82
248,210
107,221
137,37
13,246
136,1
126,208
42,65
249,96
1,138
195,169
143,92
110,247
223,58
32,51
37,59
20,152
41,9
105,101
92,116
66,104
252,167
216,178
250,178
77,138
230,25
0,137
181,4
145,228
38,36
252,125
74,86
250,217
11,154
151,74
99,49
96,16
101,166
243,149
162,105
1,176
216,29
39,151
47,38
29,189
80,10
26,42
153,114
134,237
69,26
228,184
243,151
190,189
40,138
108,231
163,90
14,50
146,204
87,132
154,7
7,216
21,47
44,33
189,215
116,243
68,75
226,81
70,86
138,113
251,87
26,93
81,239
18,9
141,193
59,254
199,128
252,81
210,175
87,85
133,32
33,7
166,46
128,43
97,138
162,183
14,114
234,186
49,102
156,155
13,40
87,232
37,68
149,44
191,94
99,256
169,122
67,209
237,199
160,140
244,154
74,192
36,76
164,14
80,189
89,208
152,122
128,85
242,174
191,177
150,42
220,71
208,41
34,14
57,89
242,247
92,110
194,48
157,79
26,184
89,212
187,237
72,108
79,199
223,143
113,144
77,24
173,66
117,251
47,189
227,173
16,45
89,110
16,223
45,101
218,89
170,92
52,160
115,170
151,203
73,185
19,80
240,143
229,226
245,68
232,173
15,208
113,34
14,58
115,47
217,22
30,209
118,253
153,6
49,171
190,92
115,55
94,123
256,69
249,186
222,32
195,81
144,39
58,168
42,7
1,13
86,105
102,210
25,44
99,73
253,186
70,39
74,4
199,208
237,28
248,135
57,75
25,215
73,183
86,253
14,198
22,56
149,237
173,176
225,182
40,45
81,122
244,185
164,232
136,61
131,202
151,230
117,218
41,177
51,253
35,31
78,231
42,50
223,68
69,253
1,195
140,132
206,178
119,73
137,86
238,198
252,55
41,63
142,186
59,221
18,91
205,148
178,204
66,82
214,8
85,117
104,178
130,255
105,71
220,106
227,109
201,244
52,175
101,250
29,64
248,254
123,27
170,84
49,118
185,182
176,34
8,194
139,232
218,188
141,70
79,4
17,137
25,175
137,69
198,11
29,228
0,62
32,122
151,71
132,57
169,242
99,21
196,178
242,1
165,40
13,220
20,49
164,167
141,163
189,22
176,229
22,158
20,77
186,48
194,32
219,215
202,178
67,152
92,247
86,154
216,162
91,249
34,32
47,122
129,12
157,29
96,35
113,191
59,152
66,5
120,87
27,15
22,143
130,111
23,183
127,124
175,19
163,5
77,42
206,239
151,37
164,202
200,188
143,128
136,5
8,55
110,90
197,126
134,30
72,142
190,167
114,213
182,248
206,112
80,252
74,10
226,186
49,26
248,224
197,192
125,174
99,37
189,113
181,58
95,235
220,82
43,35
197,164
108,48
25,115
33,247
173,5
172,246
194,213
175,136
45,4
51,63
224,73
194,174
34,144
182,105
240,17
252,25
54,248
209,76
37,141
193,48
108,231
256,87
101,104
94,136
115,127
139,154
41,95
243,66
190,115
153,162
166,22
15,92
157,239
246,5
12,134
242,47
145,252
98,170
176,28
165,161
248,6
54,252
145,132
229,41
192,167
213,109
240,232
4,77
32,16
230,32
94,224
125,116
110,20
160,193
211,147
160,105
39,139
82,244
209,196
61,93
58,52
58,47
199,191
172,103
173,127
216,160
197,153
104,133
189,117
155,12
56,201
58,33
149,191
8,233
103,73
60,69
14,78
84,193
96,187
250,35
31,21
249,233
164,239
226,135
122,62
204,69
182,163
16,49
32,201
121,73
147,126
33,76
205,89
54,0
20,15
38,72
253,90
151,126
21,225
245,213
205,6
82,13
19,224
41,177
24,237
58,41
107,222
153,47
76,237
135,248
147,21
138,0
19,236
170,87
160,192
37,213
163,92
255,175
35,77
224,229
81,47
172,161
140,14
226,53
66,140
236,232
142,213
86,1
171,87
10,132
219,113
145,82
230,197
108,160
220,244
61,117
171,224
60,0
168,45
153,136
39,63
236,218
239,219
222,185
167,27
49,211
117,154
46,183
75,26
96,73
49,235
254,46
211,90
14,226
100,44
200,124
227,7
184,172
202,57
223,130
140,70
116,76
179,73
74,69
251,57
213,180
253,250
10,59
137,237
21,19
96,194
56,129
187,156
141,110
187,135
220,157
25,26
104,27
91,238
252,101
68,248
79,67
194,152
127,147
117,225
81,73
78,171
48,48
35,207
19,21
227,138
234,91
113,54
232,238
168,43
118,17
255,131
2,212
225,236
57,74
254,222
10,234
180,25
189,27
74,8
47,32
146,110
83,7
153,141
99,113
16,119
75,27
75,214
161,163
184,130
204,57
148,42
103,54
227,164
51,101
134,28
51,45
137,118
127,162
224,71
178,153
203,256
20,81
39,14
9,216
107,252
187,56
242,220
126,209
215,0
248,235
57,151
217,194
82,35
204,83
131,248
128,2
185,56
151,114
46,135
82,31
56,169
226,51
207,158
81,6
146,29
115,206
39,144
223,220
12,49
159,117
76,31
236,255
175,101
195,118
126,83
215,205
77,38
180,50
152,81
123,181
95,243
78,27
216,12
99,218
123,239
167,18
63,188
37,159
94,103
24,47
36,32
105,199
94,234
166,233
162,45
65,219
64,216
197,42
256,117
177,207
79,153
232,116
230,50
77,167
202,117
104,209
112,2
42,225
14,175
74,106
200,35
1,63
201,58
217,247
36,149
250,249
166,241
93,122
112,170
196,139
120,68
120,224
107,159
114,234
223,96
99,178
175,239
92,239
93,194
165,245
35,33
92,48
38,240
167,160
109,62
233,20
165,138
16,51
11,100
242,197
2,219
165,142
223,170
236,53
75,161
61,163
70,149
44,237
248,173
217,195
256,157
66,198
127,24
119,116
169,107
213,17
239,168
214,198
138,31
180,93
249,150
180,168
10,173
115,1
68,231
50,219
76,219
212,85
233,3
33,75
82,84
70,183
106,198
247,87
61,235
242,80
179,199
80,130
100,98
46,196
242,228
163,72
152,2
206,28
130,27
55,8
234,245
101,172
33,215
213,233
53,196
18,252
154,237
133,95
69,138
3,245
132,118
124,214
52,156
186,121
183,146
127,119
17,65
144,190
245,185
145,95
50,155
63,108
241,189
53,255
109,95
128,205
128,75
225,94
216,244
30,131
0,253
13,64
137,74
46,5
179,153
103,64
97,54
192,162
7,35
233,78
44,62
63,29
211,207
241,254
31,205
42,78
74,189
50,122
191,80
70,24
50,209
221,35
105,52
65,95
42,78
249,107
254,119
34,181
44,96
34,192
125,52
122,183
128,218
112,77
19,115
248,103
249,2
46,114
54,249
93,140
252,95
214,15
111,86
78,210
100,133
163,220
50,173
129,11
43,10
10,123
45,114
168,203
227,255
8,126
32,130
16,245
54,234
27,209
3,244
233,102
147,244
110,124
62,176
94,147
247,194
199,144
7,114
116,255
137,237
80,199
210,88
183,207
238,251
178,107
110,148
109,234
88,29
167,201
235,74
152,204
35,111
23,19
73,166
6,226
190,234
98,113
82,91
170,224
222,112
120,243
99,30
91,104
58,20
34,155
179,123
103,49
45,153
47,244
19,107
1,79
88,222
122,39
208,48
86,244
57,142
134,146
43,164
177,170
113,197
13,233
49,15
248,25
230,67
153,67
182,107
129,122
122,44
221,74
217,1
241,251
247,29
1,44
41,114
49,234
243,17
192,63
106,6
172,239
246,176
36,29
31,1
58,255
197,219
177,228
40,180
119,244
231,39
209,250
234,163
48,247
189,166
125,223
83,170
126,211
3,139
249,122
137,55
13,61
226,92
181,98
75,157
83,237
188,226
3,75
122,130
21,57
45,41
121,61
173,108
187,255
76,80
71,162
57,132
86,133
155,72
3,248
238,162
230,0
32,203
24,83
20,176
213,131
191,219
107,156
35,119
223,167
81,200
45,175
111,227
128,225
180,159
193,32
158,142
207,90
167,148
2,124
126,113
215,89
97,79
140,179
170,136
22,29
186,199
162,7
127,211
69,73
69,91
108,228
55,191
18,114
187,192
94,33
11,247
147,18
46,30
102,208
115,130
241,114
102,204
90,49
126,127
23,229
58,239
71,134
244,31
124,117
0,52
24,73
144,238
77,222
150,139
190,32
168,46
131,105
60,111
72,225
237,231
238,215
121,145
2,199
3,83
39,125
134,177
33,137
52,204
140,118
111,192
82,4
237,237
179,227
125,237
133,105
253,185
51,78
208,155
138,86
47,151
73,130
243,193
244,174
145,207
32,30
219,197
75,184
112,207
116,177
256,35
111,158
167,218
92,109
39,21
95,66
122,77
64,160
213,133
178,41
179,110
242,102
68,206
36,97
219,31
186,16
148,131
103,1
250,184
151,66
141,195
141,229
83,82
191,159
198,225
179,253
78,104
211,165
105,50
5,96
62,31
132,44
3,130
56,106
197,57
128,120
196,187
37,200
254,9
182,72
213,19
51,205
111,30
41,200
92,75
243,90
97,83
143,225
236,173
89,192
190,128
151,199
106,95
39,30
14,164
55,4
118,224
198,52
19,181
251,123
253,41
181,217
70,216
186,211
45,132
55,69
231,67
34,196
84,18
243,117
175,169
139,254
60,9
134,29
103,146
155,78
33,239
121,22
181,16
106,206
28,193
73,155
200,109
143,16
175,186
232,245
221,13
35,44
77,197
59,38
64,45
72,249
12,126
66,124
98,142
239,189
125,197
206,180
251,234
22,40
207,210
225,210
111,16
94,4
62,82
39,253
184,245
34,136
168,216
96,148
5,29
38,190
214,114
18,12
58,1
256,198
145,54
50,227
60,193
58,11
17,58
162,74
247,191
232,41
125,173
8,88
107,85
19,239
95,104
58,130
235,167
224,88
79,57
229,215
112,99
105,220
19,10
11,121
209,45
212,123
13,32
101,150
26,2
249,247
111,236
139,89
228,224
207,205
53,187
59,1
16,190
221,163
51,185
254,148
123,37
217,65
37,34
66,3
54,239
214,96
102,136
251,243
5,249
76,99
80,230
201,95
162,221
46,152
23,194
156,34
51,169
140,168
70,24
81,237
174,203
172,182
210,5
135,161
179,190
43,231
18,223
93,182
225,189
167,144
170,219
78,39
77,172
175,11
105,97
118,254
210,7
183,142
38,103
53,35
129,96
160,118
118,15
29,162
256,235
95,212
141,114
249,151
24,116
0,199
43,106
181,229
98,239
160,193
38,211
166,63
157,221
32,234
239,5
20,242
233,189
245,210
92,53
43,136
129,229
91,15
2,154
148,31
84,84
114,186
256,153
39,47
226,230
74,113
64,238
248,152
27,59
52,63
131,218
25,48
183,58
34,238
232,97
25,117
162,123
49,227
200,199
248,9
23,25
236,159
113,222
6,173
226,183
61,222
10,222
83,107
127,50
141,85
124,54
218,64
14,241
22,26
69,140
79,141
29,201
217,105
250,119
208,82
176,10
45,114
225,188
100,78
182,19
147,234
209,14
200,180
1,47
59,196
169,248
121,153
87,61
248,140
152,226
93,142
228,250
146,219
245,36
227,217
202,12
252,103
186,132
43,48
39,190
118,226
197,214
199,237
94,44
77,26
77,111
229,108
104,139
191,145
14,227
61,85
23,180
120,29
1,161
10,52
15,206
70,154
185,37
105,134
0,38
29,214
227,125
46,74
213,106
211,253
241,10
67,221
175,201
12,218
58,212
251,222
221,128
67,126
137,205
8,87
46,246
250,240
208,233
153,16
181,164
119,15
149,40
207,186
172,242
129,75
239,176
30,255
82,154
155,156
203,125
136,66
16,178
118,227
127,61
89,237
179,125
214,77
11,115
79,253
201,208
80,162
158,109
233,171
116,68
13,219
154,154
96,198
83,83
148,7
144,100
69,100
107,88
75,129
29,193
43,148
243,59
218,112
128,164
201,127
83,223
158,106
168,38
17,163
195,133
223,124
201,20
98,33
129,115
75,193
231,49
103,238
133,245
67,234
75,4
256,63
183,117
216,58
141,53
11,60
51,64
164,111
75,231
23,83
104,110
180,83
99,159
218,102
191,126
143,186
242,199
198,122
120,26
144,29
183,155
208,111
0,119
143,205
145,86
245,97
169,187
91,102
245,113
202,62
103,17
127,44
240,11
131,109
210,123
125,23
118,157
53,3
15,10
222,113
6,63
216,218
98,170
131,189
219,48
161,120
249,131
194,106
9,44
122,112
53,14
249,8
89,115
120,135
78,20
38,174
163,21
155,217
192,104
170,99
213,83
109,109
60,29
62,48
137,234
163,78
167,138
155,113
140,42
57,35
55,1
133,109
154,176
68,35
156,125
122,57
242,222
130,152
206,230
176,84
85,150
54,80
11,212
58,161
185,201
239,38
52,70
63,140
15,156
23,248
94,236
17,116
57,235
64,235
67,49
192,106
172,73
57,232
246,121
23,254
169,44
209,200
144,112
50,231
79,50
139,228
125,78
27,239
51,124
199,138
104,37
50,14
44,236
176,79
109,161
233,217
134,44
64,165
70,219
210,6
51,246
157,244
74,221
195,128
82,211
13,144
65,60
63,173
249,6
177,144
253,204
3,95
0,226
249,139
120,203
159,224
88,160
4,130
29,226
155,130
158,136
32,239
49,215
168,193
111,15
26,116
199,31
121,216
42,126
159,218
158,38
175,44
100,58
113,166
125,182
6,215
26,215
131,128
27,10
177,92
240,133
239,122
23,82
175,177
212,206
35,68
134,144
179,76
188,11
92,182
112,58
149,119
249,166
224,254
11,86
176,15
233,184
256,225
73,143
43,100
62,240
182,46
155,165
192,10
104,192
211,115
199,126
236,161
15,156
93,4
82,57
190,204
163,175
177,214
68,155
102,227
110,24
138,71
5,142
254,4
79,40
241,200
234,82
48,122
62,82
59,210
66,134
237,193
160,72
109,164
159,41
227,197
208,75
201,171
65,245
242,136
128,107
140,78
84,140
131,12
191,239
61,248
74,159
169,138
32,58
214,144
171,244
172,54
54,122
133,80
63,69
238,103
22,248
48,247
33,29
114,58
235,198
24,110
71,178
124,194
70,254
156,88
5,99
22,210
114,172
154,41
40,151
9,116
18,78
40,31
79,45
8,100
45,153
119,185
63,222
59,142
238,72
86,177
88,199
140,103
23,150
153,243
100,191
188,136
208,59
191,17
147,57
202,76
158,104
127,242
244,125
129,178
208,200
165,107
127,55
153,114
235,143
46,63
252,235
213,62
30,9
2,148
37,236
227,248
6,112
11,113
92,39
193,170
14,244
174,250
156,210
106,183
101,86
14,234
179,232
119,244
184,13
247,96
50,223
234,219
250,42
95,56
173,213
14,46
200,149
127,55
251,88
160,141
212,58
50,17
25,184
73,220
3,86
101,33
173,63
121,179
139,181
9,36
5,131
67,94
140,128
17,75
202,204
222,185
55,50
121,47
172,251
236,31
174,98
94,156
19,139
124,222
143,80
189,155
96,131
202,87
51,221
202,7
218,255
250,60
80,184
167,209
111,127
26,170
57,173
216,112
202,247
77,240
101,26
36,216
167,18
232,171
86,11
79,137
145,201
129,130
196,49
156,210
118,80
68,189
205,151
6,199
163,122
32,256
210,202
80,185
78,95
64,95
1,70
217,113
37,77
191,238
79,163
18,136
9,222
165,175
60,136
28,194
233,229
141,252
66,237
241,42
153,255
7,6
191,128
173,22
177,55
206,63
41,56
202,80
225,94
118,85
250,47
117,252
35,96
199,126
153,134
196,110
38,151
125,253
128,60
2,239
8,32
200,10
209,37
172,52
86,188
27,46
87,97
73,34
254,214
38,87
243,93
114,114
139,24
129,53
9,158
156,17
70,151
100,241
134,48
180,159
240,46
14,114
162,90
109,244
20,209
7,87
46,123
151,130
56,139
22,114
251,26
195,73
164,202
238,189
151,235
227,29
65,51
10,126
244,137
209,237
52,154
218,240
181,24
104,126
71,167
70,69
166,6
90,23
45,241
56,69
195,3
40,76
138,157
57,151
222,14
123,103
227,147
53,221
237,202
115,110
194,125
13,233
84,7
156,207
155,27
41,112
56,33
26,5
6,21
35,200
244,39
46,60
64,58
217,79
236,29
224,43
40,6
83,85
243,198
3,207
51,247
201,164
209,182
247,45
214,228
2,146
155,201
162,136
2,66
1,35
92,88
36,67
42,228
252,161
21,104
19,157
2,151
49,109
208,29
55,102
155,219
12,211
205,137
165,157
255,50
33,198
109,150
26,143
45,41
167,253
40,240
216,194
195,164
125,68
251,227
94,137
196,32
163,68
168,46
168,47
136,91
172,219
111,250
203,49
177,203
198,40
163,146
59,125
177,49
248,210
55,99
158,189
95,73
244,57
66,27
75,174
156,201
226,160
96,83
25,82
67,213
149,16
217,202
80,17
114,202
155,6
232,231
165,162
157,32
230,231
224,166
23,60
137,50
167,89
204,169
53,105
157,111
163,105
199,152
212,74
220,199
158,109
256,246
92,207
164,94
167,240
206,130
164,154
105,18
180,220
249,180
148,7
102,146
155,19
236,77
229,152
80,46
87,149
83,173
148,233
116,241
80,213
112,235
207,49
192,202
127,106
201,233
36,233
31,43
243,200
57,96
185,174
173,232
226,139
65,169
24,195
194,151
107,171
42,211
16,241
43,241
163,147
140,92
223,57
141,75
39,71
162,121
103,66
69,88
182,195
44,236
220,100
7,129
60,39
50,199
229,183
21,100
217,218
28,197
207,174
20,212
152,164
72,136
239,78
28,206
144,32
131,59
124,45
243,37
209,256
170,94
141,6
193,178
62,26
210,196
131,248
20,125
168,230
172,237
119,70
35,161
20,165
248,73
69,9
21,6
163,115
211,17
226,187
249,249
245,53
188,178
20,5
44,242
211,12
9,46
161,179
149,104
41,31
150,180
86,19
79,240
63,122
75,85
24,14
168,10
86,197
169,86
157,65
145,37
163,134
218,150
189,192
226,155
100,232
163,162
180,34
235,18
216,246
153,22
144,49
25,181
143,179
231,149
161,143
152,252
210,192
140,136
208,10
1,85
37,235
0,146
61,158
198,10
113,58
189,251
246,112
109,219
29,32
253,9
186,53
2,38
119,216
21,25
252,52
254,94
52,223
193,167
115,220
74,20
154,173
9,158
21,85
26,5
159,229
244,16
54,203
235,217
76,167
248,136
83,47
27,82
90,54
202,58
24,228
94,49
145,225
180,201
133,151
209,138
44,116
72,150
81,133
68,243
252,142
24,119
80,246
38,173
219,31
243,169
87,120
170,244
158,39
223,245
15,86
79,134
63,36
62,136
45,160
100,111
33,77
127,60
59,119
190,29
29,69
47,177
117,125
219,29
144,44
137,57
182,245
77,68
241,68
38,197
13,43
112,113
145,43
47,22
182,81
55,128
219,105
197,207
220,204
51,134
209,2
199,114
48,193
104,171
171,216
212,157
115,248
207,52
224,220
5,157
150,96
52,191
29,108
157,127
77,115
217,248
246,98
244,239
102,140
28,53
168,61
222,89
233,224
196,12
191,138
178,48
144,152
116,116
120,198
194,108
195,73
69,107
220,233
78,231
104,121
133,251
55,175
219,22
183,53
210,51
147,166
220,92
140,53
38,137
9,212
60,35
238,149
249,84
117,233
98,50
41,21
66,123
185,15
236,81
184,255
75,89
42,116
71,171
114,243
214,98
210,224
95,74
119,78
105,47
181,195
154,91
161,0
66,237
231,13
254,150
124,206
39,186
50,194
145,100
2,137
44,251
20,108
115,232
210,46
86,51
256,158
129,133
129,28
125,179
171,225
154,212
34,48
189,151
78,219
201,118
110,216
42,10
80,54
240,13
88,165
138,227
167,144
223,213
215,174
103,55
81,146
231,81
173,21
8,103
192,230
111,103
8,235
166,107
207,89
161,82
153,3
84,162
167,63
107,86
38,58
157,137
201,54
9,137
210,238
16,24
184,241
6,165
14,229
93,95
3,46
137,217
233,170
171,181
149,147
71,218
155,114
126,20
77,62
118,202
16,31
95,48
207,3
253,129
36,188
94,214
4,200
109,75
147,117
121,10
64,163
111,67
191,219
81,192
60,98
23,24
94,137
115,97
29,138
172,197
114,121
177,58
59,13
52,93
254,5
131,62
51,42
3,111
125,6
184,27
160,7
250,92
206,179
7,11
120,256
57,199
48,190
159,75
30,188
14,106
108,26
116,189
68,244
44,54
87,224
213,146
190,140
62,80
25,90
165,44
238,115
113,211
104,150
120,216
225,189
20,65
137,43
175,194
128,219
210,154
69,247
146,4
247,19
225,161
36,233
150,143
33,181
142,158
44,242
198,174
198,98
146,73
109,60
61,38
120,78
253,26
34,248
26,256
208,128
31,156
118,84
126,3
12,108
127,182
142,108
206,150
206,109
236,79
194,248
154,161
61,185
189,89
140,46
82,20
206,79
171,151
233,226
13,91
124,123
60,19
156,178
180,91
250,205
156,120
15,123
13,81
240,223
214,191
178,160
188,135
172,9
113,102
117,150
162,60
87,205
13,97
224,227
15,215
16,94
254,147
10,137
205,18
38,152
64,255
82,70
154,115
82,95
20,73
141,85
129,170
169,112
115,116
74,191
167,200
244,2
161,112
169,184
3,230
71,89
90,94
131,74
228,187
46,126
243,45
129,146
22,97
138,215
235,99
41,94
122,40
139,255
246,181
245,174
137,23
153,239
249,106
26,92
72,60
209,30
241,163
216,113
193,160
193,224
165,179
115,85
87,156
256,6
32,113
187,83
168,123
44,115
172,89
14,130
99,37
241,30
161,231
221,182
175,113
252,163
152,213
64,172
196,136
140,191
60,54
108,55
129,118
39,85
154,90
80,90
68,89
49,221
25,206
156,91
222,66
129,87
7,163
228,252
188,100
162,105
171,235
148,20
223,214
164,244
100,242
3,147
166,191
182,198
234,245
43,193
75,88
146,220
193,117
217,191
139,63
43,119
186,85
69,250
88,82
68,175
23,109
244,116
19,163
162,165
143,121
239,2
224,245
219,189
60,24
236,242
90,96
104,238
149,100
152,193
153,207
39,142
212,172
153,170
187,126
180,75
183,140
93,187
240,215
83,225
4,74
208,221
37,180
160,162
51,6
100,24
30,194
92,56
105,33
221,41
158,9
169,110
130,170
31,52
119,7
255,19
87,153
88,90
201,22
208,254
231,251
164,46
125,97
93,194
112,56
227,53
56,46
141,213
217,111
190,85
120,215
129,105
187,13
235,190
52,246
120,197
256,251
145,184
17,193
33,127
169,29
131,93
9,215
59,109
254,52
225,194
174,84
126,188
6,79
194,199
74,171
90,174
118,154
188,168
180,220
17,31
40,35
68,240
166,88
114,63
103,99
155,238
114,212
29,166
16,33
228,150
68,219
83,199
40,215
142,9
154,115
62,17
194,73
98,245
162,178
1,112
18,233
89,217
78,230
176,106
91,17
155,241
160,30
81,230
41,188
31,78
211,145
179,135
197,210
102,53
92,147
148,43
129,200
7,205
128,77
42,111
200,19
70,150
144,193
166,70
12,107
167,178
88,253
216,41
35,179
97,99
68,35
115,95
80,247
162,172
172,120
172,89
11,188
113,251
139,164
48,218
231,64
120,195
247,95
235,80
111,100
101,137
204,84
24,203
224,199
116,13
8,154
120,83
77,130
244,230
186,56
179,34
98,14
105,237
18,49
183,1
109,248
119,209
230,93
182,87
197,238
245,73
96,136
48,58
169,196
233,234
234,201
41,130
120,148
103,161
138,7
151,203
237,194
132,63
69,49
170,102
100,105
245,20
160,162
28,89
134,134
218,60
145,250
87,255
187,195
39,73
112,229
197,217
14,190
115,39
16,201
47,20
45,165
140,165
13,248
227,116
42,110
194,74
147,8
76,41
42,26
94,59
3,170
202,241
237,182
151,45
67,22
85,50
0,112
251,17
3,122
252,214
64,190
138,190
158,139
84,79
34,32
254,229
164,140
168,15
38,69
59,241
198,216
158,164
144,47
67,16
28,27
149,151
23,177
113,101
240,126
59,98
162,128
33,131
61,158
228,45
49,249
213,19
232,93
66,159
85,241
25,190
150,16
49,44
176,207
209,146
187,229
66,65
200,154
52,162
130,204
157,47
188,209
157,21
83,245
231,232
212,215
236,138
60,146
201,9
234,137
110,5
158,246
192,156
226,87
117,255
247,182
10,180
193,236
7,139
67,251
181,220
22,247
32,230
192,98
253,120
197,19
92,164
62,46
153,179
167,197
35,14
188,201
77,145
108,184
44,161
189,255
61,87
216,149
15,96
10,209
78,232
132,19
219,130
7,48
140,19
52,151
83,230
135,1
126,29
69,120
68,135
1,227
198,109
254,244
200,158
228,10
2,180
214,112
188,4
236,166
188,118
157,69
153,31
218,156
200,134
45,5
133,151
84,197
35,168
30,137
238,158
88,222
225,43
128,84
80,166
10,149
64,62
187,32
59,223
50,54
105,199
127,160
127,207
117,228
19,36
32,46
136,175
143,13
98,120
143,30
238,134
191,57
101,141
179,234
132,22
117,163
238,147
206,26
63,17
60,95
192,121
249,8
149,190
158,39
145,145
243,152
199,87
60,243
128,37
94,75
203,167
139,87
202,108
101,226
32,231
48,173
120,49
99,237
8,224
134,103
174,16
81,216
206,62
142,108
200,220
84,123
209,147
42,79
245,123
77,197
105,147
240,43
202,46
138,90
181,116
123,68
184,38
255,174
135,155
1,115
252,129
35,129
153,77
135,132
157,85
100,36
211,87
128,246
188,169
92,210
97,103
30,256
92,212
54,104
151,78
30,239
128,131
152,125
122,70
238,85
256,188
218,10
72,24
109,95
90,163
224,128
18,126
46,125
175,55
253,56
117,214
89,21
228,96
149,93
242,97
32,227
187,30
209,224
194,241
195,204
66,130
44,207
131,57
165,187
252,63
163,212
46,207
163,181
130,199
185,117
249,246
80,96
244,191
177,5
174,86
193,245
176,54
122,161
94,24
5,101
216,11
250,185
183,130
170,43
15,189
180,162
120,123
46,246
25,218
72,195
70,62
139,56
185,187
100,145
163,229
133,30
77,238
243,168
134,93
84,149
145,222
49,22
199,167
180,159
186,42
110,72
181,254
113,90
134,91
140,201
226,208
205,86
124,134
244,42
232,209
205,132
124,199
251,64
97,216
151,87
220,130
38,87
58,170
152,38
37,37
239,23
76,176
174,114
99,126
163,77
181,96
74,104
2,238
79,150
80,111
198,75
78,185
2,160
217,174
148,163
126,30
18,58
88,230
62,168
153,234
235,192
221,61
104,168
6,148
151,155
66,251
196,108
29,159
135,102
236,238
227,44
8,184
147,176
6,2
81,78
117,186
86,228
120,189
207,155
164,99
240,207
1,69
122,213
153,125
255,245
131,136
19,63
132,158
181,210
99,77
148,129
230,222
250,174
90,92
143,42
247,148
97,89
93,133
230,117
195,60
96,241
140,246
233,227
127,148
200,150
153,79
165,159
64,76
132,155
246,199
251,84
237,121
90,117
19,11
50,86
132,137
40,117
230,156
16,101
204,149
85,229
128,250
43,256
157,156
240,1
165,248
153,174
88,230
64,50
194,193
66,143
147,71
76,159
197,39
209,186
44,26
158,182
39,70
148,255
92,231
185,177
27,192
34,88
142,204
33,191
23,20
41,150
218,198
170,59
226,141
196,248
44,187
225,203
234,106
255,29
68,221
40,207
5,247
167,218
233,137
50,64
252,57
27,46
244,36
16,56
186,8
130,229
230,87
154,85
53,210
38,142
93,203
141,52
255,124
195,160
228,148
31,42
57,49
217,22
247,97
125,254
80,177
162,142
161,158
215,156
97,147
84,43
67,191
93,107
204,34
58,17
223,42
35,204
23,147
255,68
156,180
226,49
186,47
113,166
226,181
168,133
141,128
137,139
26,115
176,239
74,179
220,196
61,5
208,185
197,98
11,4
27,205
213,34
5,44
245,209
94,10
244,79
55,155
242,39
33,0
97,203
86,213
115,122
216,116
17,60
130,119
77,134
107,93
249,207
80,186
126,57
223,85
93,120
92,256
15,135
66,61
80,111
66,151
35,150
168,124
226,44
208,180
95,7
113,86
95,50
7,83
211,8
170,197
82,127
160,118
142,185
182,226
121,6
40,23
112,177
119,73
9,116
173,219
243,113
117,165
157,150
253,49
253,139
153,147
156,115
30,253
22,171
235,71
102,67
121,251
202,100
49,151
178,76
177,35
158,162
8,169
27,228
118,12
202,131
149,164
10,78
207,133
133,182
229,79
209,201
24,236
149,230
195,202
124,206
174,233
225,10
230,152
22,35
254,186
13,59
249,148
223,61
255,6
250,32
218,193
163,56
204,246
122,10
11,9
97,194
245,154
33,169
156,256
61,23
15,102
182,212
177,130
234,236
120,106
192,154
44,139
25,3
153,172
250,126
43,165
38,82
9,175
146,235
212,156
223,198
148,185
250,17
162,73
137,241
219,238
152,43
99,72
206,225
64,0
198,69
54,43
156,116
177,246
195,185
151,120
83,254
243,10
142,229
28,27
75,3
232,230
188,243
192,2
210,190
207,188
230,34
38,30
195,93
235,113
78,135
83,71
190,188
20,174
203,34
107,231
129,244
120,46
89,202
161,17
182,217
79,223
119,199
15,144
36,121
179,102
141,85
170,193
78,114
128,121
164,121
77,123
243,182
123,17
206,30
90,14
116,25
52,251
78,152
128,190
59,25
229,198
166,236
196,17
61,137
120,44
143,69
135,249
249,184
254,234
29,99
191,33
163,248
130,114
207,241
172,42
187,169
217,78
74,53
248,187
213,53
21,54
171,3
121,190
22,168
63,143
210,115
248,24
63,227
195,137
235,243
196,181
228,221
56,76
215,11
167,242
214,201
119,191
84,60
206,90
167,131
175,194
162,43
120,104
187,141
53,4
106,185
33,136
114,110
183,56
80,92
227,127
90,31
226,204
204,145
136,105
188,126
161,156
35,4
23,88
21,52
216,173
90,205
234,188
215,137
22,13
249,121
44,57
136,59
213,162
92,96
190,127
243,205
6,10
3,51
128,162
61,132
169,57
65,254
42,1
115,191
75,197
239,147
189,219
133,246
218,201
199,143
15,25
173,203
227,110
58,22
106,48
27,4
14,90
92,43
22,71
142,252
47,15
193,53
46,243
95,6
208,83
38,49
161,181
10,130
126,22
61,100
12,210
195,14
236,145
88,204
124,78
16,146
215,160
217,156
54,215
154,83
119,110
63,221
29,140
192,215
209,38
132,82
112,218
242,138
79,161
137,200
179,136
73,208
31,167
2,139
126,202
15,27
140,107
221,185
196,239
204,138
49,225
216,113
215,227
156,190
212,54
103,199
246,227
166,146
215,80
1,103
63,72
2,150
232,152
177,8
201,15
185,161
33,173
193,189
230,200
138,50
203,154
126,14
228,121
9,2
231,107
163,53
119,172
147,140
31,148
121,15
84,215
166,183
126,124
159,119
236,246
107,165
58,43
178,19
168,194
248,214
47,153
251,236
252,110
136,97
35,111
183,132
14,227
49,41
206,36
133,98
119,225
193,207
221,230
46,216
246,85
236,253
236,89
11,143
99,12
237,4
199,196
82,56
253,137
131,84
104,117
65,81
128,138
123,34
179,58
110,64
119,197
165,254
198,210
5,99
248,256
49,232
39,217
217,157
16,142
100,73
40,113
203,187
207,221
88,176
29,163
205,175
114,170
169,243
97,78
129,216
75,187
109,123
137,168
101,25
187,146
91,68
60,192
29,99
208,82
15,130
240,41
164,214
107,94
60,122
251,213
139,246
97,145
137,12
77,188
17,65
50,228
33,84
16,18
102,13
189,7
199,242
236,129
98,160
225,111
199,248
29,68
111,18
129,50
228,184
28,174
161,69
199,148
187,193
241,126
124,119
131,72
150,59
145,99
206,99
7,34
75,212
54,47
7,203
182,137
256,181
194,231
167,49
184,28
16,42
227,241
61,118
108,85
119,190
66,230
243,136
81,242
160,176
22,116
106,45
226,176
210,219
76,231
117,9
94,41
247,138
160,18
86,251
34,47
119,59
172,20
73,22
124,196
38,166
151,226
241,101
41,227
47,194
93,171
194,209
54,12
2,155
59,204
65,227
150,177
209,136
48,90
42,170
120,147
4,201
62,125
108,48
108,43
138,123
76,188
17,178
20,73
142,238
170,41
248,155
249,169
195,225
194,18
184,34
106,213
101,159
103,16
162,176
130,80
147,34
53,100
1,249
101,116
155,133
91,235
200,240
7,141
63,148
68,201
212,111
77,169
130,83
245,86
124,75
185,96
152,108
170,53
116,145
255,86
22,33
158,241
181,109
84,66
43,48
16,74
15,195
255,247
183,199
224,40
166,132
103,67
227,159
3,98
128,61
200,77
92,152
218,10
54,49
187,155
0,198
198,192
27,16
250,142
215,253
135,127
80,235
245,58
172,70
165,136
118,222
149,112
254,154
214,191
33,134
12,176
8,250
109,106
75,190
96,19
189,229
256,52
157,142
255,159
107,65
203,137
186,149
73,29
141,86
17,102
141,193
148,82
20,240
13,242
147,215
228,177
70,109
3,182
181,78
208,175
68,42
103,220
148,103
26,35
256,41
135,73
229,252
53,28
171,229
189,168
51,5
150,128
73,205
168,20
139,126
112,221
97,102
2,111
256,255
75,102
30,54
2,119
51,99
193,73
148,129
12,128
59,77
55,189
205,33
153,88
227,112
222,165
58,225
173,252
143,243
150,145
106,99
50,249
202,39
145,87
232,236
104,161
7,83
211,196
13,176
182,172
157,140
30,48
76,47
183,103
94,55
167,73
173,200
43,239
213,20
4,167
125,232
65,217
173,127
46,48
163,180
53,40
256,74
23,251
133,154
94,217
194,249
169,26
216,40
37,113
142,255
161,22
166,21
57,46
175,59
217,18
51,238
83,224
83,23
63,79
53,210
96,47
222,123
106,91
177,8
4,103
172,151
221,172
151,231
193,13
57,244
119,79
152,194
175,234
254,32
86,249
134,194
198,144
143,102
196,170
29,130
81,213
45,216
189,77
149,37
83,122
236,191
24,38
214,25
230,64
27,243
190,158
237,147
228,160
55,98
142,122
141,200
77,120
87,173
234,68
64,231
248,232
120,80
212,206
23,134
205,211
13,26
191,120
103,158
140,64
221,100
120,70
238,15
116,134
189,228
199,75
62,69
234,154
144,239
44,138
47,104
82,136
183,23
34,7
69,256
250,63
35,251
134,1
234,165
188,158
69,204
181,112
45,66
44,105
105,199
111,180
57,131
64,139
59,228
11,121
61,39
175,0
151,162
33,121
48,17
144,151
54,117
40,13
199,165
192,24
162,105
213,51
176,185
115,93
184,43
246,231
163,113
194,196
19,135
41,77
175,38
225,221
245,246
254,222
185,52
204,242
113,197
22,192
152,50
235,195
218,239
141,57
168,40
252,231
223,143
161,12
100,184
159,155
206,204
68,23
234,66
64,62
30,22
64,145
46,25
116,22
157,7
42,159
89,41
2,24
181,189
150,66
135,6
111,138
177,172
158,53
207,78
130,252
201,81
133,28
32,249
205,30
65,193
86,19
115,232
50,210
133,6
161,168
145,217
224,239
6,202
18,11
94,225
169,76
152,114
194,111
137,231
76,171
249,13
100,40
50,165
63,73
13,165
180,246
137,175
242,177
102,235
126,182
82,95
10,214
229,102
216,124
90,169
245,250
153,80
11,78
174,88
177,230
52,252
99,117
93,108
68,154
24,75
39,152
158,238
41,89
154,219
44,117
117,119
24,57
100,22
166,19
175,203
109,189
192,79
253,186
12,164
228,159
72,18
40,137
62,129
43,234
177,242
136,67
65,51
71,74
110,142
49,204
238,129
179,203
250,19
180,70
93,65
23,204
175,249
125,99
84,109
68,212
202,103
110,222
89,207
141,133
28,102
188,218
103,179
122,4
20,203
97,91
31,3
222,85
71,90
58,251
59,84
57,81
253,178
241,112
207,85
180,27
198,214
123,189
243,199
50,189
244,140
16,32
136,105
164,49
143,13
36,150
132,141
113,26
79,20
104,18
96,184
205,53
3,114
209,106
138,244
18,162
227,231
221,201
225,188
108,52
119,134
249,38
113,101
222,204
32,161
199,60
9,2
169,187
141,129
81,8
51,256
46,210
194,155
176,137
70,85
173,172
184,191
102,64
91,83
95,216
220,187
155,140
106,2
134,109
196,169
30,80
40,71
251,45
70,84
73,21
140,102
1,236
167,256
217,65
249,47
188,180
75,250
15,68
189,208
85,58
14,170
180,147
147,232
101,146
180,56
198,153
108,219
79,121
58,126
155,132
93,142
4,255
219,122
89,47
9,139
123,218
6,144
83,113
196,203
88,0
198,32
74,22
225,142
158,33
70,183
100,36
154,3
137,114
240,186
227,56
120,157
219,155
231,63
238,145
224,188
98,234
160,5
52,199
229,227
136,112
141,197
221,25
226,207
57,173
125,47
73,88
11,60
160,171
72,86
41,212
43,155
151,237
90,190
200,54
86,193
228,214
162,132
98,58
96,20
98,134
215,249
109,178
76,251
130,30
234,7
59,105
215,121
223,163
236,168
141,192
177,222
76,104
167,212
90,75
31,132
235,45
147,224
143,197
63,153
130,61
252,21
38,50
188,187
103,220
183,48
254,2
153,42
193,158
32,234
100,237
25,229
44,43
167,83
205,219
134,210
11,97
34,189
172,181
145,94
25,29
216,253
2,120
72,113
243,106
36,76
14,59
48,104
174,107
78,201
102,172
114,37
44,11
98,181
186,83
175,130
161,76
84,102
215,116
134,236
13,169
130,81
12,59
80,222
53,122
11,180
22,129
158,44
139,85
45,116
235,254
146,211
117,52
135,23
79,169
231,51
80,66
232,96
202,194
36,166
82,72
127,217
87,218
61,202
58,168
107,22
180,135
236,254
185,180
168,255
200,116
174,27
204,227
249,4
193,179
219,172
170,125
77,192
167,19
1,80
94,158
165,19
84,233
21,97
92,158
28,254
100,105
82,86
244,219
223,235
141,170
113,183
224,73
225,0
221,185
112,32
230,218
63,228
142,49
91,209
199,242
244,138
116,85
74,232
169,75
24,4
91,7
64,72
207,15
158,214
94,98
188,154
31,1
26,69
184,26
252,78
241,113
59,71
210,32
106,78
123,160
118,107
120,184
2,96
199,0
139,92
128,127
187,54
110,191
20,129
47,9
77,250
7,62
10,29
97,9
19,144
79,72
180,163
85,176
103,211
75,132
41,211
173,236
140,46
14,229
166,141
175,236
118,53
119,11
188,166
3,23
81,9
88,132
98,251
74,73
206,175
165,76
1,184
228,136
199,165
58,69
176,26
58,167
197,25
33,106
135,39
96,75
151,20
200,172
239,239
105,12
228,0
223,147
252,223
70,92
34,162
9,167
51,68
11,110
1,29
166,181
47,84
149,55
62,171
256,105
55,245
256,117
99,244
99,61
155,0
211,19
128,52
153,206
15,239
47,245
73,19
241,20
20,153
28,110
96,118
243,136
86,106
55,237
211,141
125,247
53,168
191,115
70,21
118,199
87,157
210,98
185,66
195,150
3,46
100,15
242,160
147,43
17,147
64,2
109,166
245,85
141,154
4,178
88,103
107,101
144,170
54,99
205,132
70,12
54,192
184,77
107,134
7,136
208,47
123,165
199,212
230,19
121,23
107,64
29,189
149,75
27,80
31,98
58,37
218,97
189,201
51,153
220,231
107,78
38,82
21,110
9,183
194,91
207,64
143,31
186,232
137,159
224,47
248,255
30,129
235,96
3,58
251,29
86,56
78,229
203,19
88,168
186,204
142,77
95,141
146,12
183,0
117,3
227,172
153,36
158,87
128,178
134,95
186,189
180,207
241,232
16,158
101,86
240,203
121,232
203,181
126,94
166,1
61,202
7,250
69,245
232,235
5,61
133,12
219,170
35,114
48,220
100,145
224,224
182,134
79,55
234,224
226,2
87,192
145,179
141,139
176,13
106,2
118,4
119,108
222,139
28,69
201,235
26,231
136,57
91,141
201,238
155,11
7,215
98,79
129,226
166,88
174,103
31,11
163,73
233,107
36,205
63,253
208,90
173,215
92,122
157,87
50,161
78,10
55,67
73,125
18,25
15,172
123,254
189,231
12,108
118,153
116,142
104,165
7,233
39,146
200,101
179,199
187,31
49,185
13,177
172,34
71,84
223,103
103,198
58,43
199,234
252,111
2,35
149,227
92,29
175,249
56,242
117,180
226,47
13,152
238,139
0,139
59,82
157,187
152,7
243,164
43,202
64,49
122,36
139,7
27,215
200,140
163,10
30,161
87,85
242,205
115,6
226,57
198,62
178,92
237,205
74,87
244,206
142,86
227,135
191,10
112,157
43,187
145,99
235,181
78,71
139,112
60,79
243,175
87,29
149,160
83,232
84,233
187,17
28,156
101,165
143,128
81,108
132,198
33,238
238,179
159,143
151,137
87,47
