5.68724184624,7.0
5.71298171686,6.0
5.97801904297,6.0
6.15415718839,6.0
5.42693354262,6.0
6.05164894245,7.0
5.95136385739,5.0
4.96787108213,5.0
5.75985392204,6.0
5.32271203889,5.0
5.7722014852,6.0
5.70264431078,5.0
5.87169868115,6.0
5.60977534924,6.0
5.93420281324,8.0
5.81166733033,5.0
5.99274532139,7.0
5.39335213884,6.0
5.09498910385,5.0
5.10149790678,6.0
5.02677513249,6.0
5.51251892409,6.0
6.13779421808,7.0
6.11360708565,7.0
6.12226091575,7.0
5.95954295093,7.0
5.25616389026,5.0
4.87557543296,5.0
6.03996961534,6.0
5.32944217284,5.0
5.29130156007,5.0
5.52753044601,8.0
5.60560370517,6.0
5.90528600583,7.0
5.90114072255,6.0
5.05493854739,5.0
5.80363428879,5.0
6.12573862869,6.0
5.16885653487,5.0
5.72697099509,7.0
4.9446738898,5.0
5.51557002463,4.0
5.06705914749,6.0
5.79667264283,6.0
5.94999307428,6.0
5.20466680332,5.0
5.47869831945,5.0
5.64239571021,7.0
5.80565561644,6.0
6.15013703443,7.0
5.83046927151,6.0
5.93855259539,5.0
5.41564767436,5.0
6.01896662517,7.0
4.9880531984,5.0
5.54059627455,6.0
5.18423764445,5.0
5.81978002083,5.0
6.11999592134,6.0
6.02987849098,6.0
5.64239571021,7.0
5.5505871042,6.0
5.16728299121,6.0
5.13598781283,5.0
5.17987539453,5.0
5.05580853705,5.0
5.16664034982,5.0
5.52733476271,6.0
5.72139738063,5.0
5.64997659349,6.0
5.9146470231,8.0
5.47013418882,5.0
5.67235074095,5.0
5.59704047757,5.0
5.95201294226,6.0
5.48206015012,6.0
5.06850593926,5.0
5.37559940991,5.0
5.45106540369,6.0
5.24644434363,5.0
4.97641778057,5.0
5.29455431688,4.0
5.82165849982,6.0
5.42893064448,5.0
5.60079663999,6.0
5.74603289831,6.0
5.69673047105,6.0
5.46489061852,6.0
4.97798222935,5.0
5.89361372754,6.0
5.35945087742,6.0
6.05638968447,7.0
5.40053524758,5.0
5.61888131195,6.0
5.0097349153,5.0
5.59432369763,6.0
5.34166282921,6.0
5.68494661567,7.0
5.78540441161,7.0
5.96689288037,5.0
5.77229616376,6.0
5.07569749415,5.0
5.25738450255,5.0
5.90894401368,7.0
5.29045812505,5.0
5.07524935763,5.0
5.99407833404,7.0
4.74352862488,5.0
5.48500069755,6.0
5.29798060412,6.0
5.69558551343,7.0
5.76391140563,6.0
5.12186347151,5.0
5.16080753469,5.0
6.22029070544,6.0
5.23370562383,5.0
5.69254137629,5.0
4.87496518956,4.0
4.78275336917,5.0
5.24465109998,5.0
5.71215645646,5.0
5.73599119514,6.0
4.24015180178,3.0
5.59964526185,7.0
5.154319612,6.0
4.99097348686,5.0
5.81809685502,6.0
5.4685474219,5.0
5.4687938393,5.0
5.38004566823,5.0
5.83583324889,6.0
5.51221707099,5.0
5.09119879705,5.0
5.27243870324,4.0
5.18035020229,5.0
5.85295353723,6.0
5.87052783291,7.0
5.68684996452,7.0
5.51453090935,5.0
5.40247860924,5.0
6.23107654684,6.0
5.44469678047,5.0
5.8576772568,7.0
5.7414264189,5.0
5.52284350812,5.0
5.67456460493,6.0
5.4259815431,5.0
6.46099846628,6.0
5.27786197785,5.0
5.20794077946,5.0
5.50104664827,5.0
5.94175045718,6.0
5.74970643562,6.0
6.11639655087,7.0
6.12639565134,6.0
5.28536727744,5.0
5.50317672836,6.0
5.21617059192,5.0
5.10037235527,5.0
5.98588041402,8.0
5.86452469501,6.0
4.8271436475,5.0
6.09175680853,6.0
5.39486722481,6.0
5.26300810496,5.0
5.4743358572,5.0
5.83317371914,5.0
5.77417308952,6.0
5.2505365754,7.0
5.55778664222,6.0
5.01843437073,5.0
5.18777836891,6.0
6.04828559964,6.0
5.28851719444,6.0
6.18099545177,6.0
5.01262129104,5.0
5.18341436698,5.0
5.74796300114,5.0
6.03981148421,7.0
5.83062762585,6.0
5.97496138989,6.0
5.39139855564,5.0
6.01029485307,6.0
5.93884985451,6.0
5.17232239892,5.0
5.23981407673,5.0
5.71370510561,6.0
5.27956731127,5.0
6.08700941332,5.0
5.39195677217,6.0
5.40989594819,6.0
5.97956485842,7.0
5.87648192714,6.0
5.82002293382,5.0
4.92834366148,5.0
5.04156451158,4.0
4.84827922654,5.0
5.11692156556,7.0
5.84884114145,6.0
6.02093951011,6.0
5.71753944556,6.0
5.28536727744,5.0
5.76467588298,6.0
5.23101450337,6.0
5.65763302447,5.0
5.23159432422,5.0
5.05960632052,5.0
5.01823071885,6.0
5.71884760632,6.0
5.32731892912,6.0
5.73871757786,6.0
5.78588014584,5.0
5.59497572924,5.0
6.12226091575,7.0
5.74603289831,6.0
5.92131863826,5.0
5.31008807205,5.0
5.7722014852,6.0
5.34034379904,5.0
5.95201294226,6.0
5.51116485114,6.0
4.75961271902,6.0
5.44981807076,5.0
4.95832626743,6.0
5.88416964488,6.0
5.25853201079,5.0
5.09733301923,5.0
5.53466446616,6.0
5.81584737087,6.0
5.69408050038,5.0
5.16143202667,5.0
6.05407996394,6.0
5.99134940865,7.0
5.50428210439,6.0
5.16540481654,5.0
5.57693506315,5.0
5.63584896332,5.0
6.06132638873,6.0
5.13679068366,5.0
6.12746592162,6.0
5.20872144432,5.0
6.04673653642,7.0
5.96494038068,6.0
5.32271203889,5.0
5.46079634815,5.0
5.68726583769,5.0
5.41803492136,6.0
5.31053193488,4.0
6.02722404024,5.0
5.24384147695,5.0
5.89933650461,7.0
6.00276172959,7.0
5.98058397842,7.0
5.95033522412,7.0
5.43237789709,5.0
5.5252588225,6.0
5.5336906354,5.0
5.24384147695,5.0
4.68158349712,6.0
5.44992845227,5.0
5.90034134283,6.0
5.29078574408,5.0
5.62080345139,6.0
5.04334307173,5.0
5.33790315588,6.0
5.30536694368,6.0
5.5209280248,6.0
5.66724120564,6.0
5.79835489227,6.0
5.16606417928,5.0
5.94402300624,6.0
5.25948723679,5.0
5.15949653654,6.0
5.94732163288,7.0
5.46876523344,4.0
5.62801243102,6.0
5.76467588298,6.0
5.60483538615,7.0
5.14081529787,5.0
5.06500252067,5.0
5.17371954089,5.0
5.78513762195,5.0
5.27473398478,4.0
5.93947653205,6.0
5.52021178748,5.0
5.70124835678,6.0
5.64577647998,6.0
5.67428569247,5.0
4.64833069625,4.0
5.18672223946,5.0
5.37789672242,5.0
5.50680514381,6.0
5.28502798129,6.0
5.49183119196,6.0
5.43237789709,5.0
5.94164243299,6.0
5.69906271482,7.0
5.54421948584,5.0
5.48162291773,5.0
5.25478432479,3.0
5.49758556453,5.0
4.96451825151,6.0
5.66009282158,6.0
5.33052690946,5.0
5.27711663593,5.0
5.13292482094,6.0
5.66930260809,5.0
5.60196535722,7.0
6.21154835405,7.0
5.24617607922,5.0
6.06345481712,7.0
5.76289138109,6.0
5.74877669837,5.0
5.68773972179,6.0
4.93354620964,5.0
5.79327188626,7.0
4.78275336917,5.0
5.38985419657,5.0
5.91423193161,7.0
5.96005122712,6.0
5.87352856319,6.0
5.77989839838,6.0
5.78093560422,5.0
4.72097753368,3.0
5.33206135902,5.0
5.70628214913,7.0
5.17012489644,5.0
5.56967902877,6.0
6.06408811739,6.0
5.04898658905,5.0
6.01694413531,7.0
5.58143956646,6.0
5.62488819707,6.0
5.85118982728,6.0
5.0927506686,5.0
5.77724172932,4.0
5.82958680767,6.0
5.69665374322,8.0
5.3998461575,6.0
5.83949825768,6.0
5.18908017836,5.0
5.20162197332,5.0
5.15486544353,5.0
4.89279671404,5.0
5.75658574149,6.0
5.63066375329,5.0
4.75342430543,5.0
5.8428010507,6.0
6.09499471846,6.0
5.63584896332,5.0
5.17461782417,5.0
5.49537718465,5.0
6.06515725477,7.0
6.02663272167,7.0
5.7468307274,7.0
5.56213884351,6.0
5.78951543883,6.0
5.48613326026,5.0
5.07973483043,5.0
5.37118523333,5.0
6.02292201604,6.0
5.7903687857,6.0
5.51095733859,7.0
4.94096511768,5.0
5.8134365664,6.0
4.67595767399,5.0
4.82039209641,5.0
5.84980859995,5.0
5.23791923563,6.0
5.88181027851,7.0
5.17634110725,6.0
5.28430671379,5.0
5.4748696594,6.0
5.04121333705,5.0
4.78189083371,5.0
5.77319930471,6.0
5.0536759499,5.0
5.11136793164,6.0
5.2640407873,5.0
5.31628982587,6.0
5.91809051638,6.0
4.83263080195,5.0
5.49263018456,5.0
5.87681611893,6.0
5.85684160035,6.0
5.3220004362,5.0
5.41937026068,6.0
5.82046043192,5.0
5.63921752603,5.0
5.54832862977,4.0
5.82258437005,6.0
5.4162604716,6.0
5.15425773745,6.0
6.06954170724,7.0
5.4523450482,5.0
5.81870989847,6.0
5.37626187174,6.0
4.58905314976,4.0
5.88467177531,6.0
5.91518192807,6.0
5.70602950939,5.0
5.12014779083,6.0
5.16850218504,5.0
6.01500594212,6.0
5.39029963692,6.0
5.48085451911,6.0
4.81031084497,6.0
5.89785301027,6.0
5.69366587593,5.0
5.10381484225,5.0
6.09918057563,7.0
5.71525413005,6.0
5.59299589827,5.0
5.02760679491,5.0
5.23623486453,5.0
6.20943483933,5.0
5.27358671648,5.0
5.15589758823,6.0
5.3306761604,5.0
5.4259815431,5.0
5.11112512714,5.0
6.02093951011,6.0
5.07973483043,5.0
4.74421079421,5.0
5.99116976784,6.0
5.8510775325,6.0
5.15575970673,5.0
5.20363528722,5.0
5.3124761364,5.0
5.1166254046,5.0
5.68553941753,6.0
5.06706825741,5.0
5.18215716302,5.0
5.16664034982,5.0
5.25712602161,5.0
5.11167416015,5.0
5.67800446377,5.0
5.47408997882,6.0
5.78903533614,6.0
5.63325884285,6.0
5.24035503686,7.0
5.18955182182,5.0
5.31561692933,5.0
5.4612320824,5.0
6.32992944072,7.0
5.44743409261,6.0
5.76956782339,6.0
5.33028539065,5.0
5.16236016119,5.0
4.98341495485,5.0
5.60483538615,7.0
5.69847850974,6.0
5.51426563848,5.0
5.66599520391,6.0
4.97502085785,5.0
5.71753944556,6.0
5.38207197636,5.0
5.27742048023,5.0
5.44405824047,6.0
5.42217082062,5.0
4.63164900048,5.0
6.03730729326,7.0
5.71868915468,7.0
5.92490148644,5.0
5.92857783389,6.0
5.3692097669,6.0
5.37879203658,6.0
4.74352862488,5.0
6.11845592941,7.0
5.61410797954,5.0
5.89849826674,5.0
5.6596662421,6.0
5.29114042628,5.0
5.75984705617,5.0
5.94164243299,6.0
5.40163054454,6.0
5.73629030723,6.0
5.72030640189,6.0
4.45933874141,5.0
5.40092433288,4.0
5.22194271805,5.0
5.93200292439,7.0
5.43351917604,5.0
6.06023380606,7.0
4.94905213228,5.0
4.87379508219,4.0
5.63764190627,6.0
5.71892776768,6.0
5.79628280284,6.0
6.08891533317,7.0
5.33597769625,5.0
5.40675694914,6.0
6.00399679091,7.0
6.07085660247,6.0
5.97412534488,5.0
6.45997589864,8.0
5.47521266927,6.0
5.01089549388,4.0
5.38428358395,6.0
5.15486544353,5.0
5.69537860715,6.0
5.92701474714,7.0
5.22932651507,6.0
5.77556237158,7.0
5.13679068366,5.0
5.29811952074,5.0
5.38339219284,5.0
5.0858415714,5.0
5.11197052877,6.0
5.74751709686,7.0
6.31397580456,7.0
6.02574882221,6.0
4.96669600492,5.0
5.57362435126,5.0
5.69341076847,6.0
5.54861065235,6.0
4.68158349712,6.0
5.32271203889,5.0
6.00972021437,6.0
5.30529899805,5.0
5.71340420934,6.0
5.11000359116,5.0
5.88863132539,6.0
5.27939850999,5.0
6.00114104007,6.0
6.32992944072,7.0
5.53441829788,6.0
5.1749875029,5.0
5.08022678175,5.0
5.97241121874,5.0
4.99738186147,4.0
5.93552751068,6.0
5.38089963631,5.0
5.50567745401,5.0
5.53345956075,5.0
5.75985392204,6.0
5.20239907068,5.0
5.59641957785,5.0
6.20531102917,7.0
5.59299589827,5.0
5.60498581936,6.0
5.75627027032,6.0
5.39936787113,5.0
5.57500911949,6.0
5.7629153026,6.0
5.2627475836,5.0
5.67528559748,6.0
6.02387954754,6.0
6.25319407747,7.0
5.04823024097,5.0
5.25896293495,5.0
5.24200596465,5.0
5.9679252175,6.0
6.11057628577,7.0
6.09491001644,6.0
5.78838650585,7.0
5.87254917336,8.0
5.16487205216,5.0
5.86128575922,6.0
5.95333506613,6.0
5.56270677361,6.0
6.33264608557,7.0
5.03538936963,5.0
5.63825534573,6.0
5.2358838568,5.0
4.97353907769,5.0
5.0536759499,5.0
6.06408811739,6.0
5.64213857166,5.0
5.32803354822,5.0
6.01737540755,6.0
5.29140486813,5.0
5.79502916054,6.0
5.13783398816,6.0
4.88543280555,5.0
6.02292201604,6.0
6.44763847829,6.0
5.09961588521,5.0
5.05298214137,5.0
5.71094362376,5.0
5.33206135902,5.0
5.30829049315,5.0
6.0487946427,7.0
5.90989965156,7.0
4.96491871143,5.0
5.17910757513,5.0
6.07463222901,6.0
5.17405278809,6.0
5.62994764848,5.0
5.37118523333,5.0
5.37500551241,6.0
5.69212662876,5.0
5.92977175554,6.0
5.53302573391,6.0
5.26300810496,5.0
5.25948723679,5.0
5.18396344093,5.0
5.54350711975,7.0
5.23039591477,6.0
5.92791586357,7.0
6.18907972615,7.0
5.48298030802,5.0
5.42893064448,5.0
5.48457532986,5.0
5.46844139888,5.0
5.80002173035,5.0
5.07871680733,5.0
5.60457704984,6.0
5.15290062089,6.0
5.59607479366,6.0
5.53302573391,6.0
5.68773972179,6.0
5.79908471409,7.0
5.49612885794,6.0
6.11999994875,7.0
5.09552628398,5.0
5.90096390585,7.0
5.41655143029,6.0
6.34915715578,6.0
5.50317672836,6.0
5.54154090965,5.0
5.59704047757,5.0
5.3836016013,5.0
5.49091057043,5.0
5.95503576961,7.0
5.44288798269,5.0
5.02775834339,6.0
4.90399967178,5.0
5.2599188534,6.0
5.23486327174,5.0
5.51386661877,6.0
5.35686597252,6.0
5.8835739076,6.0
5.67528559748,6.0
5.29140486813,5.0
5.38985419657,5.0
5.07975938726,5.0
5.33568519692,5.0
5.27502208768,5.0
