5.38763677116,5.0
5.91204675015,6.0
5.68845247872,6.0
6.06074453809,6.0
5.46279561565,6.0
5.26671568369,6.0
5.65626186906,6.0
6.41283107177,7.0
5.45356827617,6.0
5.92450520279,6.0
6.41651128132,6.0
5.29609248495,5.0
6.20685769305,7.0
5.55297900216,5.0
4.5824312785,5.0
5.44151554388,6.0
5.70481130635,6.0
5.24143279021,5.0
5.3774837207,5.0
5.86249885916,3.0
6.11569882736,6.0
5.35207633364,5.0
5.83076967991,7.0
5.58137639206,5.0
5.65502557872,6.0
5.31794324339,6.0
5.66838700958,6.0
5.03706002395,5.0
5.6181593308,6.0
6.50827633975,7.0
5.16956177855,5.0
5.14712469969,6.0
6.62965705498,6.0
5.62128042635,6.0
5.70631903516,6.0
5.28529135564,5.0
5.88467082216,6.0
5.25497661427,5.0
4.69523334212,5.0
5.90071393032,5.0
5.65014353053,5.0
5.02365738485,5.0
4.5881449051,4.0
5.71527171783,6.0
6.94814045307,7.0
5.23258135875,6.0
6.72373549125,6.0
5.61751464735,5.0
5.39737651559,5.0
5.55484078037,5.0
5.65432227933,7.0
5.81430471574,5.0
6.51208137269,7.0
4.98078890249,6.0
6.45276206117,7.0
5.02572666988,5.0
5.32695237868,6.0
6.50109177016,5.0
5.59688628786,6.0
5.69641201511,6.0
6.04349796398,6.0
6.75156037228,7.0
5.62128042635,6.0
5.93859374914,7.0
5.12294201938,5.0
5.30541612423,5.0
6.12005536952,6.0
5.03626736496,5.0
4.40396530178,5.0
5.40795868232,7.0
4.94377337828,5.0
5.55733029472,5.0
5.62993388818,4.0
5.87581288722,6.0
5.3926462556,5.0
5.13599446022,5.0
5.23714783133,6.0
5.02572666988,5.0
5.32808313439,5.0
5.19455526992,5.0
4.99140039924,5.0
5.99298702829,6.0
6.51693381357,8.0
5.26943705052,5.0
5.9816368214,6.0
5.39598995276,5.0
4.99261430557,5.0
6.36855099292,6.0
6.04424941146,7.0
4.88776706678,5.0
5.37160579066,6.0
5.77124146769,5.0
6.32770916975,7.0
5.82186664855,5.0
5.19897778781,5.0
5.95113110116,8.0
5.26451832541,5.0
5.08626118886,5.0
6.4992310648,6.0
6.21393634159,6.0
5.28537791309,5.0
5.32687294298,5.0
4.9372572402,5.0
5.32883835492,5.0
5.89874287915,7.0
6.17493354955,6.0
4.85078644269,5.0
5.38196026911,5.0
6.23446389607,7.0
5.4905791638,6.0
5.42928067005,6.0
5.72428212905,6.0
5.04859684148,5.0
5.49237946075,6.0
5.52228943467,5.0
5.31794324339,6.0
6.6190369312,6.0
6.59531904855,4.0
5.47627188575,5.0
6.70126405527,6.0
6.40889930691,7.0
6.1087778613,6.0
6.89714973926,7.0
5.6016976829,6.0
5.45438704627,6.0
5.56150820333,6.0
5.31769975612,5.0
5.72255916795,6.0
4.95242470646,5.0
5.85342725694,6.0
5.89764639593,7.0
5.26935678989,4.0
5.37389585325,5.0
5.52112940591,5.0
6.92278617574,7.0
5.24143279021,5.0
5.36114439436,6.0
5.83076967991,7.0
5.20151752202,5.0
5.22332052879,5.0
5.81122726964,6.0
6.12429887386,7.0
5.74292173844,6.0
5.44626038308,6.0
5.04410952227,4.0
4.91363620214,3.0
5.40395815636,5.0
5.00596636349,5.0
5.23737522704,5.0
5.39104173602,6.0
6.52418559907,6.0
6.26939658675,6.0
4.55710857206,5.0
6.26760784711,7.0
5.57198718583,5.0
5.33196919279,5.0
4.95797577538,5.0
5.7779140947,5.0
6.59642544007,5.0
5.27441761733,6.0
5.40864943491,5.0
5.2518797574,5.0
5.81360445641,7.0
6.92278617574,7.0
5.10774455342,4.0
5.39168137181,5.0
6.29794010352,6.0
6.22890994706,6.0
4.34893950666,4.0
5.4520428461,5.0
5.42403371139,6.0
6.34405250325,6.0
5.59282974478,5.0
6.9745615255,7.0
6.73209699979,7.0
5.94108056368,6.0
5.29735791676,5.0
5.29313222059,5.0
6.25330072635,6.0
4.85893468466,3.0
5.87198348869,5.0
5.30004023159,5.0
5.59504526302,6.0
5.27915679447,6.0
5.03429667994,5.0
5.35763204529,6.0
5.96493761726,7.0
5.19378833045,5.0
5.51224576932,5.0
5.4704453516,5.0
5.58890331498,5.0
6.91083091033,7.0
5.22673503374,5.0
5.93337579912,7.0
5.46763455774,5.0
5.24695450785,6.0
4.97180543203,5.0
6.8093878484,6.0
5.45620794194,5.0
5.02383312891,5.0
5.08323836892,5.0
5.8030072558,6.0
5.0414635461,5.0
5.87488795569,5.0
5.08730992415,6.0
5.33720973589,5.0
5.13771159605,6.0
5.45950102326,6.0
5.88796997546,5.0
5.75645350073,5.0
5.44892716368,6.0
5.19472083731,5.0
6.71922677081,6.0
5.67811302081,4.0
5.75976277092,6.0
6.11388967476,6.0
7.50871542826,8.0
4.99824860047,5.0
5.79246656437,6.0
5.9649411714,5.0
5.66418630817,7.0
5.49706470391,6.0
6.28725495064,6.0
6.6190369312,6.0
5.2530010297,5.0
5.33126666509,5.0
5.59430419892,5.0
5.83640015875,6.0
4.60094597948,5.0
5.97253972259,6.0
5.22503526129,5.0
5.09310497803,5.0
5.61695941151,6.0
6.17493354955,6.0
5.31555757501,5.0
7.69835665402,5.0
5.29667056671,5.0
5.95637610435,6.0
6.28206936943,7.0
5.43968606319,6.0
5.64447388688,6.0
6.26699915903,7.0
6.01239499956,6.0
5.49598530755,5.0
4.90346016379,5.0
7.48898058939,7.0
5.18967337727,5.0
6.03743988778,6.0
6.05031920051,6.0
5.32891777084,5.0
5.35795325181,6.0
6.80747046448,7.0
5.97827456594,6.0
5.25311950476,5.0
5.19455526992,5.0
5.32620028388,5.0
6.18507367668,6.0
6.40148688444,8.0
6.24825158419,7.0
5.23433308706,5.0
5.43154681949,4.0
5.22182867582,6.0
5.35795325181,6.0
5.36890454577,5.0
5.28357234371,5.0
5.10861540469,5.0
5.66343243653,7.0
6.59402130991,6.0
6.67999382168,7.0
4.87049940518,5.0
6.67735143068,7.0
4.97589651066,5.0
6.20160037247,6.0
5.52257639074,6.0
5.23275725005,6.0
5.39632337167,5.0
4.94676080494,5.0
4.87027910319,5.0
5.54760587532,5.0
6.00268129853,6.0
5.84460001922,5.0
4.94612381371,5.0
5.35301301718,5.0
4.96597636092,6.0
6.01383412354,7.0
6.11121821139,6.0
4.66365902457,5.0
4.86517104101,4.0
5.88467082216,6.0
4.97180543203,5.0
6.06549942103,6.0
4.99538505146,4.0
5.61473590787,5.0
6.41256925843,6.0
5.07964577834,5.0
5.20312861507,5.0
5.25266328799,5.0
5.08648583597,5.0
6.55923227422,6.0
6.46415570612,7.0
5.40608152795,5.0
6.09102146784,6.0
5.80020958186,5.0
5.32393530427,6.0
5.39952560819,6.0
6.80747046448,7.0
7.05724480397,6.0
6.00272359301,6.0
5.8282781727,5.0
6.13585805646,7.0
7.56756343663,8.0
6.28596127551,6.0
5.60866216103,7.0
6.17384624976,7.0
6.15379913308,7.0
5.83237522375,6.0
5.3862414062,5.0
5.84857746507,6.0
5.36525147346,5.0
5.37404338817,5.0
5.29450711209,5.0
5.78884615007,6.0
5.99846824185,6.0
6.12005536952,6.0
5.10332029437,5.0
5.18967337727,5.0
5.15348215979,5.0
5.71343542422,5.0
5.3738190137,7.0
4.80267323446,5.0
6.06756711621,6.0
5.01679191545,5.0
5.09573822341,6.0
4.98957963501,5.0
5.79968478262,6.0
5.368532148,6.0
5.44068898061,6.0
5.31920634628,5.0
5.19448995318,5.0
5.69443853818,6.0
5.36106649549,5.0
5.66335002796,6.0
5.30916436089,5.0
5.54158155228,5.0
6.58816342141,7.0
5.77817456732,6.0
5.31667315442,5.0
5.17934121608,6.0
4.99846781088,5.0
5.37208150171,5.0
5.23374178261,6.0
4.79531522036,5.0
5.94501733875,6.0
5.17397484166,6.0
6.97630291778,8.0
5.4118302349,5.0
6.51309472199,5.0
5.07249827922,5.0
6.26352560856,6.0
5.49984099695,5.0
5.32805349269,5.0
5.20641801275,5.0
6.5581392077,6.0
5.3277866876,5.0
5.51539165696,5.0
5.910575131,6.0
4.99258272375,6.0
5.5306608695,5.0
5.39737651559,5.0
5.18659826002,6.0
5.19414264071,5.0
5.50209138988,6.0
5.85779329155,5.0
5.89359983379,6.0
5.65502557872,6.0
5.44892716368,6.0
7.14783499343,7.0
5.04914402029,5.0
5.48872567419,6.0
5.42319675284,4.0
6.06739293322,6.0
7.33278559926,6.0
5.55838303792,6.0
5.56783020858,6.0
5.28613120962,6.0
6.2993799188,6.0
4.80586689808,5.0
6.44772389982,6.0
6.39548538061,6.0
5.46483999318,6.0
6.56566944246,7.0
5.95709271521,6.0
6.63516394217,6.0
5.40795868232,7.0
5.57059392331,7.0
5.72700519916,6.0
5.3175207832,5.0
5.59895646585,6.0
5.95471080592,7.0
5.88518657573,6.0
5.78224721331,5.0
5.28797220541,5.0
6.0175478132,7.0
5.3397786977,5.0
5.32835639795,6.0
6.62815735232,5.0
5.29972189633,5.0
5.16914178037,5.0
5.18580118252,6.0
6.32693627688,6.0
4.89763560598,3.0
5.34084491669,5.0
5.95159787752,6.0
6.11011007992,6.0
5.54655730317,7.0
5.56289080224,5.0
6.4261633714,6.0
5.55937606464,5.0
6.07237216412,7.0
5.56262363458,5.0
4.82336394588,4.0
6.10759202695,6.0
5.27047106829,5.0
6.64294079983,7.0
5.73395464096,6.0
5.32143120913,6.0
6.10791038242,7.0
5.54158155228,5.0
5.50844540864,5.0
5.3774837207,5.0
6.45385247276,7.0
5.27000464961,5.0
6.12547899494,5.0
4.59550955832,5.0
5.37839791078,6.0
5.59700188891,4.0
5.39952560819,6.0
5.24108922202,5.0
5.7737970997,6.0
6.21850773852,7.0
5.33814868108,6.0
5.44021014984,5.0
6.80429198241,5.0
5.69307022061,6.0
5.7235304103,8.0
5.29813832564,5.0
5.31024880871,5.0
5.2403127892,5.0
5.11659388949,5.0
5.32680904091,5.0
4.98553167311,5.0
5.45855084075,5.0
6.76949756588,7.0
5.45699693746,6.0
5.29341871537,5.0
5.40827093653,5.0
6.1048795523,7.0
5.72807630342,6.0
6.48799486934,5.0
7.06477530877,8.0
6.3645122022,8.0
6.25667761703,6.0
4.75061134331,5.0
5.23069676092,5.0
5.53762909841,6.0
5.10957767104,6.0
4.9512275757,5.0
5.67610166534,6.0
5.70669205086,6.0
6.32273821319,7.0
5.11376570917,4.0
5.4256241967,5.0
4.96163067182,5.0
5.09878131356,5.0
5.71326908556,6.0
5.3561534788,6.0
5.36337146538,6.0
5.53814611598,6.0
5.27261054242,6.0
5.17558479818,5.0
5.47728161372,5.0
5.3021162916,5.0
5.02001497847,5.0
5.20838897066,5.0
6.55876478991,6.0
4.95858211358,5.0
5.55152895253,5.0
6.04723694234,5.0
6.543384795,6.0
6.1219061773,7.0
5.33181733561,5.0
6.47783865389,7.0
5.07522259746,6.0
4.99636254831,5.0
5.34224444769,5.0
5.40671543811,5.0
6.05296163257,6.0
5.3215610289,5.0
5.36106649549,5.0
4.67200454657,3.0
6.11028720777,6.0
5.56381349462,6.0
4.68376043735,5.0
5.00176709378,6.0
5.88735909853,7.0
5.25380301416,6.0
4.58508090394,4.0
4.95575583798,5.0
5.52357942559,6.0
5.46404288129,5.0
6.50644021632,7.0
5.29905754853,5.0
5.24529925967,6.0
5.14025478786,6.0
5.41207390371,5.0
5.34252201836,6.0
4.96883139826,5.0
5.07830689109,5.0
5.32620028388,5.0
4.88472637707,5.0
4.87027910319,5.0
5.59553160494,5.0
6.25489547017,6.0
5.0194486174,5.0
5.36177107788,5.0
5.48721997433,6.0
6.01420214233,7.0
5.77555638254,5.0
6.0109461248,6.0
5.94302359408,6.0
5.31705116777,4.0
5.37026920448,5.0
5.31542974562,6.0
6.28206936943,7.0
5.44892716368,6.0
4.75340827011,5.0
6.58671247082,7.0
5.50332869182,6.0
6.91083091033,7.0
7.09088326839,6.0
5.45739445574,5.0
5.6688755205,6.0
5.67879176493,5.0
5.31353786133,5.0
6.50720840675,6.0
5.58439108207,6.0
4.88116941261,5.0
5.48324633428,6.0
5.83497583985,6.0
5.65502557872,6.0
5.7131436074,5.0
5.22673503374,5.0
5.21534773442,5.0
6.0484324883,5.0
5.4340097793,5.0
6.69462615571,7.0
5.10301778258,5.0
5.47686395424,6.0
5.33840276737,5.0
5.67863982674,5.0
5.52990592513,6.0
4.50057272667,4.0
6.01863498364,6.0
5.28357234371,5.0
6.82163941773,6.0
5.21852974752,5.0
5.32143120913,6.0
6.15629725585,7.0
5.51539165696,5.0
4.80109551137,5.0
5.41306744138,6.0
5.57166105656,6.0
6.49351542942,6.0
5.66874168481,6.0
4.99928569814,6.0
6.8093878484,6.0
4.88167720767,5.0
5.7747637076,6.0
5.0059833362,5.0
5.64939836438,5.0
4.95575583798,5.0
6.25219923921,6.0
5.81530069626,6.0
5.57037266333,6.0
6.01537392904,6.0
5.30524478007,5.0
5.4171997459,6.0
5.37822495189,4.0
5.14227850065,6.0
5.22673503374,5.0
5.76635368811,6.0
4.74409367094,5.0
4.99709509237,5.0
6.14814233161,6.0
5.21094683034,6.0
5.45999009662,5.0
5.00478701448,5.0
6.09502832204,6.0
5.18356486594,5.0
5.37133148421,6.0
6.60448436878,8.0
5.4922311373,5.0
5.04566130693,6.0
5.56193028027,6.0
5.40864943491,5.0
5.57166105656,6.0
5.29670306114,5.0
5.46011151071,6.0
6.15879859477,6.0
5.48013154146,6.0
6.41283107177,7.0
4.62146045218,4.0
6.68772092113,7.0
5.79333601377,6.0
5.39093124542,6.0
5.40880598828,6.0
5.46252443741,5.0
5.0912413579,5.0
5.5139027093,5.0
5.19448995318,5.0
5.59785141443,5.0
6.52151917755,6.0
5.36781849733,5.0
5.25610724228,5.0
5.09668199442,6.0
5.99838931155,5.0
5.42521991862,6.0
5.63922977785,5.0
6.36592652848,6.0
4.71562362572,5.0
5.45259990091,5.0
5.21375784845,5.0
5.59637473421,5.0
5.64677877033,6.0
6.72461485206,8.0
5.59785141443,5.0
5.76333361047,7.0
5.57523883671,5.0
6.14321726323,5.0
