6.42839092981,7.0
5.14477268702,5.0
6.411478066,7.0
5.76236186869,5.0
5.37729064535,5.0
5.47438467893,5.0
5.26101155423,5.0
6.86074658793,6.0
4.64249869897,4.0
5.88791857524,7.0
6.76704364576,6.0
5.44387833955,5.0
5.64507412971,6.0
5.49082828428,6.0
5.72654030435,6.0
5.1913904271,5.0
5.76555732192,5.0
5.00882318281,5.0
5.55453235894,7.0
5.20304709601,6.0
5.92483428688,6.0
5.02058184821,5.0
5.08845053846,5.0
5.66375108075,5.0
5.71393895654,5.0
5.84438164441,7.0
5.75897948619,6.0
6.17647521164,6.0
5.14124983061,5.0
5.66568525564,6.0
5.64945674635,5.0
5.21204192631,5.0
5.94756169287,7.0
6.143961533,6.0
5.74288197777,6.0
5.47026700715,6.0
5.44632087904,6.0
4.8144861556,5.0
4.51605061839,5.0
6.12708816171,6.0
5.29750474086,5.0
5.26791984221,5.0
5.73430476883,6.0
5.64507412971,6.0
5.38427307676,6.0
5.54992696878,5.0
5.60429430184,5.0
7.68955867054,7.0
5.62284870925,5.0
5.51907710397,5.0
5.30661148074,4.0
5.79753944116,5.0
6.44899452422,7.0
5.43116517226,5.0
6.6662601646,6.0
5.58332601799,5.0
5.47819378564,5.0
5.54390524972,6.0
5.74188353366,5.0
5.70719579637,6.0
5.2171988072,6.0
5.8967364731,7.0
5.24368411773,5.0
5.8434810827,6.0
6.49657977441,6.0
7.7009591042,8.0
5.23102745571,5.0
7.1363760266,8.0
7.67898559477,6.0
5.25102272617,5.0
5.46563477168,7.0
5.3387946478,5.0
5.64650210575,6.0
6.46694161559,6.0
5.36101612344,5.0
5.91947091098,5.0
5.24338343931,4.0
6.13702400274,6.0
5.22216699803,5.0
5.72397295288,5.0
5.26481027078,5.0
4.99936298697,5.0
6.47682802882,7.0
5.05447327169,5.0
5.88483965523,5.0
5.29525884284,5.0
5.47683030002,5.0
5.89263732126,6.0
6.07251997882,6.0
6.01849513882,6.0
5.90897991873,4.0
6.21856167226,6.0
5.69354220058,6.0
5.77166928629,7.0
5.1379915239,5.0
5.42211050598,4.0
4.84950945909,5.0
6.02807722998,6.0
6.33872304765,7.0
5.91947091098,5.0
4.9950250051,3.0
5.42583504855,6.0
6.14467508609,6.0
5.26236292928,5.0
5.92547735197,6.0
5.52366739383,5.0
6.34388705183,7.0
6.04286382552,7.0
5.40364764373,5.0
6.58260396491,7.0
5.33289758175,5.0
5.59920601882,6.0
5.40771113325,5.0
7.02393188118,8.0
5.40879628168,5.0
5.86184846129,6.0
6.01297846441,7.0
5.72654030435,6.0
5.11638443004,5.0
5.70459271002,6.0
5.46662927563,5.0
5.70369106258,6.0
5.61602486834,4.0
5.20182498795,6.0
5.69537465355,7.0
6.4243300336,6.0
5.01411000821,6.0
5.50866986039,5.0
5.32378573482,6.0
5.75100684697,6.0
5.41819804899,5.0
5.07773322087,5.0
5.69793135432,6.0
6.34209153365,6.0
5.38391135683,5.0
5.24024205387,6.0
5.49017658445,4.0
5.68773433628,5.0
6.03013132912,5.0
5.31391709561,5.0
5.99597615597,6.0
6.43818386395,7.0
6.00698649378,6.0
5.25403774968,5.0
5.17263982181,5.0
6.07874413882,6.0
5.02473496255,6.0
5.54609141623,6.0
6.31696241031,7.0
6.43998698314,6.0
5.3111204224,5.0
6.0718597144,7.0
5.30588077601,5.0
5.96217978779,5.0
5.83555435117,5.0
5.42103158842,5.0
4.85450727023,6.0
5.89429384424,6.0
5.3598916197,5.0
5.43079261012,5.0
5.23990051964,6.0
5.3470403533,6.0
6.33754866207,7.0
5.15002516924,5.0
5.2372199838,5.0
5.42641061313,5.0
6.62290479709,7.0
5.39972644945,5.0
5.41225255137,5.0
6.32252330486,7.0
5.97327363752,6.0
5.04381215097,5.0
5.32095461222,6.0
5.07773322087,5.0
4.64434346242,6.0
5.35823417691,5.0
6.1714273354,6.0
5.6034083995,6.0
5.37495211002,5.0
5.33044911091,6.0
5.44189413912,6.0
4.94881192444,6.0
5.2708843139,6.0
5.75531519407,6.0
6.16788993576,6.0
5.46178305152,5.0
5.1696194797,5.0
5.6926213439,6.0
5.99944474083,6.0
5.19395019269,5.0
5.22413062715,5.0
6.97939888039,7.0
5.68300270506,5.0
5.32378291954,5.0
5.71027980316,5.0
5.99195759148,5.0
5.40773880037,4.0
6.18785356161,7.0
5.76686339957,6.0
5.48406202318,5.0
5.35760504819,6.0
6.34604281335,7.0
4.70741445832,5.0
5.24161510666,5.0
6.44030998516,8.0
6.11563737899,6.0
6.13433414245,7.0
5.57339666213,4.0
6.72301600812,7.0
5.38770468309,5.0
6.05295243402,6.0
5.22811183699,6.0
6.28985778383,6.0
5.71363618798,6.0
5.53840039261,7.0
6.28301939541,6.0
6.01550020191,7.0
5.20714617293,5.0
4.97840760402,5.0
5.64478554537,5.0
5.80595728724,5.0
5.32376586823,5.0
6.11129867529,6.0
6.31442385182,7.0
5.57945793811,6.0
6.28412853428,7.0
5.39313745364,5.0
5.50671131533,6.0
5.50671131533,6.0
5.19320494301,5.0
5.76328030641,7.0
6.43735278949,6.0
5.36144032813,5.0
6.24443246835,6.0
5.59661903924,6.0
4.98896025398,5.0
5.12655607884,6.0
6.21560927072,7.0
5.2660358791,6.0
6.14554267483,6.0
6.06641628842,6.0
5.30482161884,5.0
6.09549264966,7.0
5.57374218403,7.0
5.14211760655,4.0
4.74877061242,6.0
5.21183347749,5.0
6.84816018717,7.0
5.46150058956,6.0
5.19681971772,5.0
5.16045435641,5.0
6.72654593831,6.0
5.18819552377,5.0
5.43161181385,6.0
6.52816482445,6.0
4.94869565914,5.0
5.81795507996,6.0
5.44666220638,6.0
5.15224318988,5.0
5.72963328551,6.0
6.19326788339,7.0
6.14918565538,6.0
5.84570239171,6.0
6.42208382158,6.0
5.51241611069,6.0
5.12913940136,6.0
5.54809820165,5.0
5.11427722719,5.0
5.84303787965,6.0
5.2171988072,6.0
7.03304406676,7.0
6.28720478771,6.0
6.40641341933,6.0
5.44519898663,5.0
4.85815502418,5.0
5.56304956263,5.0
5.18214428535,5.0
6.65742231796,6.0
5.50646503381,5.0
5.99848715103,7.0
5.86528197732,6.0
5.79276514651,6.0
5.94768257793,6.0
6.33872304765,7.0
5.30364628509,6.0
6.12056528813,5.0
5.21384603096,6.0
6.00096852652,7.0
5.01048257607,5.0
5.52511685931,5.0
5.44592851467,5.0
6.84816018717,7.0
6.93133654685,7.0
6.33156397633,6.0
6.68954953861,7.0
6.03167664619,6.0
5.91061181261,6.0
5.55139712257,7.0
6.74859569673,6.0
5.29686800039,6.0
6.17016894991,6.0
6.55871126809,7.0
5.23124857137,5.0
6.33672041055,7.0
5.78461462013,6.0
5.29640158588,5.0
5.80368451639,6.0
5.5578219585,5.0
6.05932788397,6.0
5.36080640417,5.0
5.19699029434,5.0
5.82923130856,5.0
5.68300270506,5.0
5.3626903059,6.0
5.34642827352,5.0
6.71394758681,6.0
5.58827829681,6.0
5.47610438132,6.0
5.64839921041,5.0
5.24610845667,5.0
5.73466580428,6.0
5.96033329006,6.0
6.19720132321,6.0
6.28879657008,7.0
5.33718994484,5.0
5.32689060143,5.0
5.4484265707,4.0
5.35721755072,5.0
5.72557383504,6.0
5.92667514477,6.0
5.84186557692,7.0
4.91872133117,5.0
6.59980426259,7.0
6.37997210321,7.0
5.4227805892,6.0
5.90991032652,5.0
6.33179347911,7.0
6.00440165663,7.0
6.64222208077,6.0
5.68126535679,6.0
6.84042211698,7.0
4.99925996113,4.0
6.22761338159,6.0
4.84599916417,5.0
5.38841628707,6.0
5.88735745671,6.0
5.4677848354,5.0
6.63668151763,7.0
5.79195039699,6.0
5.79768098758,4.0
5.30129733452,7.0
5.35178935502,6.0
6.17817466345,5.0
5.87733666664,6.0
5.81240889444,6.0
6.29515350978,5.0
5.58905078595,6.0
5.2914080994,5.0
5.47925297875,7.0
6.59227989943,6.0
5.03643859842,5.0
5.2794310419,6.0
5.32532340593,6.0
4.88797309694,5.0
5.98512961761,5.0
5.98673716941,6.0
6.59560964515,7.0
5.3265035237,6.0
5.7745897763,6.0
5.71830175988,7.0
5.21825510791,5.0
4.85045700603,5.0
5.42199034243,6.0
4.90717990893,6.0
5.51810407251,5.0
5.19330818121,6.0
6.25230882108,8.0
5.20624651,5.0
4.88493304799,5.0
5.46335907673,5.0
5.75712202962,5.0
5.25229915956,6.0
7.71498553826,6.0
6.10979717402,7.0
5.32605799465,5.0
5.47083805482,6.0
6.00892029763,7.0
6.33872304765,7.0
6.59331373367,7.0
5.05391505852,5.0
5.40816417039,5.0
5.71455727397,7.0
5.44592851467,5.0
5.46851427506,5.0
5.61359059378,6.0
6.22029054429,7.0
5.22410797804,6.0
5.80920591694,5.0
6.24414020769,6.0
5.88476126199,5.0
5.72386979988,5.0
6.22030328902,6.0
5.95843899484,6.0
5.26237232617,5.0
5.71132491693,6.0
4.87470248769,5.0
6.0965340198,8.0
5.36872568625,5.0
5.37238325806,6.0
5.70719579637,6.0
5.20714617293,5.0
6.03325121175,6.0
5.32461834067,6.0
5.27232352825,6.0
4.89990299852,5.0
6.98633389516,8.0
5.31352475842,5.0
6.14166791263,6.0
6.42260422,6.0
5.90697615515,5.0
6.03634629404,5.0
6.12708816171,6.0
5.99634441558,6.0
5.32689060143,5.0
5.38285573705,6.0
5.46110302988,6.0
6.21619747239,6.0
6.81541123675,7.0
6.39214273486,5.0
5.44111975918,6.0
5.92261122602,8.0
6.3490069529,6.0
4.94033521467,6.0
5.13092581377,5.0
5.13872332501,5.0
7.07515787306,7.0
5.22023991494,5.0
5.73430476883,6.0
5.23302233794,6.0
5.31288614595,5.0
6.47986892203,6.0
5.32014480784,5.0
5.60358778213,6.0
6.63638047238,6.0
5.03178553598,4.0
5.78113158861,6.0
7.03055141876,7.0
4.97073898317,5.0
4.86662177737,5.0
5.23395999056,5.0
6.22384240339,5.0
4.99998490717,4.0
5.23365855091,6.0
5.43947095373,6.0
5.6963828329,7.0
6.41518157624,6.0
5.66204571018,6.0
6.30577283476,7.0
5.29763593291,6.0
6.41696840071,6.0
5.33816973582,5.0
5.34362207045,5.0
5.52344814415,6.0
5.72216013971,7.0
5.03403931442,4.0
4.84119873881,5.0
5.62556029194,6.0
5.36756668507,5.0
5.68533819768,6.0
5.40012887315,5.0
5.17780904242,5.0
5.59025257907,6.0
7.38660235911,7.0
5.93154199206,6.0
5.19090988059,5.0
5.32168386017,5.0
5.60620188317,6.0
5.1297679805,5.0
5.88487889967,6.0
6.05872739673,6.0
5.73346065439,6.0
6.91010087485,7.0
5.3379187466,6.0
5.19273332021,5.0
6.143961533,6.0
5.56452622451,6.0
5.83911608552,6.0
5.15071483333,7.0
5.88906857208,6.0
5.08765214854,5.0
6.1218803902,5.0
5.69596818967,5.0
5.92017413697,5.0
5.69138944349,5.0
5.06764187404,5.0
5.52257212202,6.0
6.19711670419,7.0
5.67572602429,5.0
5.62005372132,5.0
5.89263732126,6.0
7.25626909447,7.0
5.32444394297,5.0
5.03190750459,5.0
5.85100288694,6.0
6.21006240917,6.0
4.8714754594,4.0
6.61946556579,6.0
5.30390797776,6.0
5.40051678341,5.0
5.78117874831,5.0
5.81350141812,6.0
5.48934508255,5.0
5.4448915219,4.0
5.17004949183,6.0
5.25233886463,6.0
5.15143367528,5.0
5.52089138021,5.0
5.36918131144,6.0
4.98724933837,5.0
6.34604281335,7.0
5.41966740795,7.0
5.55512589226,6.0
5.31434197412,5.0
5.69249449519,6.0
5.30249366345,5.0
5.34277978477,5.0
5.55012777629,6.0
4.9887953954,5.0
5.19349714938,6.0
5.61979663873,6.0
5.02954186632,5.0
6.28887333839,5.0
5.61150769194,5.0
5.11837062135,5.0
6.0821469415,6.0
5.27498896464,5.0
5.28976061579,5.0
5.31809003031,6.0
5.25193664095,5.0
5.4953831247,6.0
5.25972289749,5.0
5.71543877281,5.0
5.8997229497,5.0
5.78196711817,5.0
5.40883443548,5.0
6.22757321313,7.0
7.6049607715,8.0
6.51779926262,6.0
6.94893443647,7.0
6.34777299831,6.0
6.61990143226,6.0
6.17482307108,7.0
5.56277436186,5.0
5.46435414357,7.0
5.35867703697,5.0
4.92547300941,5.0
5.36575624452,6.0
5.6725261153,6.0
5.54088652244,5.0
5.03699290602,5.0
5.7583187719,5.0
5.17140752197,5.0
5.83656594098,5.0
5.52344814415,6.0
6.32709644712,7.0
5.33744688697,5.0
5.89922969876,6.0
5.31713503716,5.0
6.08678168723,6.0
5.03007673296,5.0
5.64839921041,5.0
5.04210701272,5.0
5.73346065439,6.0
5.84570239171,6.0
6.20138569007,6.0
5.26746352004,6.0
6.38258491618,6.0
5.56841556218,5.0
5.86370309613,6.0
5.4464880802,5.0
5.80595728724,5.0
5.06298787156,5.0
5.22686863205,6.0
5.22617548264,6.0
5.00990724714,4.0
5.20353790677,6.0
5.65042881856,6.0
6.19720132321,6.0
5.5682569089,6.0
5.71455727397,7.0
5.52097206702,6.0
5.21919082255,5.0
6.95455022217,7.0
5.88634603174,6.0
6.13702400274,6.0
6.3846937099,5.0
6.25416278438,6.0
6.455628004,6.0
6.07895068035,6.0
4.95086345214,5.0
5.75481736182,6.0
5.33439193009,5.0
5.69134159546,6.0
5.26161883644,5.0
5.68568513557,7.0
5.47688756977,6.0
5.34424384821,5.0
5.55607047192,6.0
4.81914961771,6.0
6.88515943242,6.0
6.05702282077,7.0
4.883937714,5.0
6.3490069529,6.0
5.92483428688,6.0
5.60144632324,6.0
5.56284304319,5.0
5.48256068846,6.0
5.19903885338,5.0
5.74134087529,6.0
5.69138944349,5.0
5.16894553415,5.0
6.16003797,6.0
5.37964216402,5.0
5.62076337089,5.0
5.41297239255,6.0
5.32595486572,6.0
5.55785545785,5.0
5.32998123375,5.0
5.56277436186,5.0
6.40652440151,6.0
5.92794959962,5.0
5.48495179744,5.0
5.34755414959,5.0
5.5566113487,5.0
5.64275057258,5.0
5.40616286723,5.0
5.87793436727,5.0
5.35192712189,5.0
6.09734661032,7.0
