4.72587161337,5.0
5.69824601961,4.0
6.03348205907,7.0
5.18326832554,5.0
6.31699436059,6.0
4.97492717662,5.0
5.19805746251,5.0
5.79172414562,6.0
5.04573710729,5.0
5.41727949583,6.0
5.2822114627,5.0
5.29979387097,6.0
6.1783095571,6.0
4.65318372142,5.0
6.09181189696,5.0
6.65341450997,6.0
5.72974120949,5.0
5.47174235839,5.0
5.21809327265,6.0
4.9811321935,5.0
6.70958761379,7.0
6.06051726197,6.0
6.44939744389,6.0
6.20521261203,8.0
7.02909420174,7.0
5.07861132174,5.0
5.33426155737,6.0
5.42681382756,5.0
6.34151705862,7.0
5.58539118808,5.0
5.72539567389,7.0
6.23417829261,6.0
5.84142524201,4.0
4.82714325517,5.0
5.61066635037,6.0
5.59711496867,6.0
5.87985012099,5.0
5.94056285852,6.0
6.10614214396,6.0
6.04385425996,6.0
6.20425359422,7.0
4.89151343557,5.0
5.99980738421,6.0
5.40687689201,6.0
6.08739028087,6.0
4.99980241326,5.0
4.53143110609,5.0
6.34631876419,6.0
5.53045751045,6.0
6.19688346102,7.0
5.6274695707,6.0
5.73712867571,6.0
5.02428468043,5.0
5.09642253817,4.0
5.15390708593,5.0
5.99584090228,6.0
5.55834275391,6.0
5.35435614436,6.0
5.35485320578,5.0
5.95741354764,6.0
6.08996976468,6.0
6.15633023317,6.0
4.87812848825,5.0
5.24913700047,6.0
5.94843896172,7.0
6.64503226077,6.0
4.57632433793,5.0
5.77277841703,6.0
5.60659044298,6.0
6.22045675835,7.0
5.20414574383,5.0
6.53129824672,6.0
5.68588662322,5.0
5.61679202055,7.0
5.10113408915,5.0
5.60769064349,5.0
5.18209784935,5.0
5.52436411613,6.0
6.28998992289,7.0
5.61948623024,7.0
5.33426155737,6.0
5.36147658021,5.0
5.99329799589,6.0
6.09181189696,5.0
5.34124931971,5.0
6.59429741457,7.0
6.25291974398,7.0
6.41129003251,7.0
5.12883822173,5.0
5.5163210455,6.0
5.97685094456,6.0
5.27110948824,5.0
6.31088595013,7.0
5.03862449395,5.0
5.23654462241,4.0
4.96735940558,5.0
5.51071591342,6.0
4.78402245155,5.0
5.59455197676,5.0
5.17897717102,5.0
5.44723831081,6.0
5.56871440575,6.0
6.21162309159,6.0
5.47093948353,5.0
6.48619978488,6.0
5.12166378417,4.0
6.38997988424,7.0
5.64279566276,6.0
5.31403692411,5.0
5.95183008626,5.0
5.65965518133,6.0
6.30286536736,7.0
4.70974896123,4.0
5.21969405134,6.0
5.89407791457,6.0
6.07907449899,6.0
4.92143014272,5.0
5.73755113987,5.0
4.96954001395,5.0
5.29407276676,5.0
5.47447425462,6.0
5.89527911337,6.0
5.25618302884,5.0
5.64767098716,6.0
5.88645987623,6.0
6.09796631466,6.0
4.7612859532,5.0
6.17738198307,5.0
4.80306556227,3.0
6.71169123143,7.0
5.22033547979,5.0
5.18333796305,6.0
5.50204279918,6.0
4.96540475822,5.0
6.04676626172,6.0
5.30952645024,5.0
5.30676275225,5.0
6.7073380225,7.0
5.05414071788,5.0
4.92505755707,5.0
5.29986800964,5.0
5.22814090628,5.0
6.21822744388,7.0
4.77834128717,5.0
4.92284696718,6.0
6.23486423469,6.0
4.9013411549,5.0
4.98626767307,5.0
6.11511392301,6.0
5.99471708292,6.0
5.41153483444,7.0
6.18263969188,6.0
5.23915125704,5.0
5.28183743436,6.0
5.97426190079,6.0
6.18428846343,5.0
5.1585308953,5.0
5.65246071878,6.0
6.23869476733,7.0
6.20235444593,6.0
5.41224421284,5.0
5.85111941143,6.0
5.5441864712,5.0
5.38273847666,5.0
4.91783354449,5.0
4.862569445,5.0
6.07245433106,6.0
6.37540581691,6.0
5.55359805417,6.0
5.67354348424,6.0
6.02719216115,6.0
5.49299087595,6.0
4.99419534616,5.0
4.81622403036,5.0
6.24478037158,6.0
5.03800413373,5.0
4.58626152097,4.0
5.50198366246,5.0
6.15999723899,6.0
6.05952738553,7.0
5.03547848324,6.0
6.5630350642,7.0
5.13476390468,6.0
4.99741855232,5.0
4.60730275103,6.0
5.07862059974,5.0
5.02011372114,5.0
4.57488761675,5.0
5.08285629748,5.0
5.25618302884,5.0
5.59630865851,6.0
5.21906673061,5.0
6.41827254722,6.0
6.78533666259,7.0
5.16812283972,5.0
6.81441269393,6.0
5.5290885153,6.0
6.62292927508,7.0
6.41545584923,7.0
6.23344868514,6.0
5.67149334342,5.0
5.21906673061,5.0
5.73371853716,6.0
5.96838568101,7.0
4.74811824999,5.0
6.13563006762,6.0
5.28798540895,5.0
6.26644415202,7.0
5.66382913421,6.0
5.97456960588,6.0
5.6484964848,6.0
7.17207969623,7.0
4.79683625805,5.0
6.10880442394,7.0
5.3537663122,5.0
5.9190412027,8.0
6.47991371893,7.0
6.07699731739,6.0
5.38422582046,6.0
5.25898706494,5.0
6.15027494488,6.0
6.24271334942,7.0
4.94484206578,5.0
6.28263422051,6.0
4.76755005845,5.0
5.76387636326,5.0
5.77934026514,6.0
6.50443341909,7.0
6.61989227866,6.0
5.27835864714,5.0
6.28449876578,5.0
5.05927841446,5.0
5.56709824071,5.0
6.26063635191,7.0
5.58463029009,6.0
5.01188707117,5.0
6.34294787514,6.0
6.11733391781,5.0
4.78585448963,6.0
6.30731369483,6.0
4.88032528563,5.0
4.97301056115,3.0
5.87008676148,7.0
5.59524596167,5.0
4.77726748592,4.0
4.96735940558,5.0
5.09793999501,5.0
6.47946472501,7.0
5.41172450646,5.0
5.47657929145,6.0
4.72274294905,4.0
5.92038018199,6.0
6.08539833926,5.0
6.65165920563,7.0
5.92953758871,6.0
4.93927865876,5.0
6.11085648555,7.0
6.16807059502,7.0
5.33508861946,5.0
5.49951151797,6.0
6.18307954332,6.0
5.9392785072,6.0
5.42900431865,6.0
5.19237259897,5.0
5.42132464484,5.0
5.69537551868,6.0
6.53136715325,6.0
6.11911065619,6.0
5.87877634001,6.0
5.65051623483,5.0
5.36607775844,6.0
5.66834725752,6.0
6.48421999871,6.0
5.903557531,6.0
6.00451854363,6.0
5.11429192634,6.0
4.78334979232,5.0
6.46780739618,6.0
6.15633023317,6.0
5.31548392011,6.0
5.7836668625,7.0
6.7073380225,7.0
5.59349445211,6.0
4.97332176416,5.0
6.12812631937,7.0
5.40143196827,4.0
5.44582488679,5.0
5.0174002304,5.0
5.36775687995,5.0
5.87008676148,7.0
5.34026790117,5.0
5.04562988371,5.0
5.50708191645,5.0
5.24649952296,5.0
6.41658954481,6.0
5.61958327412,6.0
6.24470245338,7.0
5.63576896492,5.0
4.7054269054,5.0
5.5410167314,5.0
4.98650231539,5.0
4.77648163844,4.0
6.87550481763,6.0
4.88117238074,5.0
4.910485877,5.0
5.37307143368,6.0
5.36198107189,5.0
5.21418981576,5.0
6.50251667997,7.0
5.04078229561,5.0
5.93413599263,5.0
5.32845641229,5.0
4.89151343557,5.0
4.78442310486,5.0
5.96169237874,6.0
5.97854759601,6.0
4.72177847883,5.0
6.05844403238,6.0
5.73111955732,5.0
4.56916880511,5.0
4.88658115548,6.0
5.75260206049,6.0
6.11624098296,6.0
6.04385425996,6.0
5.69205610677,6.0
5.02428468043,5.0
4.74038120294,5.0
5.91239433944,6.0
5.14705283286,5.0
5.53536393329,5.0
6.91807162596,8.0
4.87520668611,5.0
5.99385430979,6.0
5.70573935364,5.0
5.5195565669,5.0
6.07330176085,6.0
6.50251667997,7.0
5.5163210455,6.0
5.68650728015,7.0
5.79308062383,6.0
5.30397804618,5.0
4.98475075136,5.0
5.70205868432,5.0
5.58782365658,5.0
6.28590828005,5.0
5.77919512256,6.0
5.60487314456,5.0
5.42748493176,6.0
5.78225214025,5.0
5.4004162938,6.0
5.93082749249,5.0
5.34139317122,5.0
6.62445509324,8.0
5.2407635951,5.0
5.94812082075,7.0
5.13282254293,5.0
6.47983994437,6.0
5.63161868572,6.0
5.59186683367,5.0
5.67055465412,6.0
5.12980741886,5.0
5.37722659621,5.0
6.20678933774,7.0
5.02754574065,5.0
5.12808930863,5.0
5.63239847224,6.0
5.39996300827,5.0
4.80895103824,5.0
5.59084404427,5.0
6.40341671262,7.0
5.8144984682,6.0
5.50028195271,5.0
5.47554893836,5.0
5.21123972882,5.0
5.48400685352,6.0
4.92435823255,5.0
5.18657263863,5.0
4.87295990692,5.0
5.15759224694,5.0
7.14807334785,8.0
5.02614417691,4.0
5.59265259874,6.0
6.19629851208,6.0
5.36160057226,5.0
4.79518604933,5.0
5.51638196974,6.0
5.10954529919,5.0
5.73941218112,6.0
4.63099470289,5.0
5.65370721637,5.0
6.00352817624,5.0
6.04076329071,6.0
6.26646236733,6.0
6.14055273327,6.0
6.51164614796,7.0
6.41302336094,7.0
4.69170205037,4.0
5.72009732956,7.0
5.34004135196,5.0
5.3578412328,5.0
6.66376197354,8.0
5.08667705785,5.0
6.05671879963,5.0
5.81376162309,5.0
5.07757536579,6.0
6.12115664515,6.0
4.77660009617,5.0
5.49132939469,4.0
5.10864741528,5.0
5.21217050001,5.0
5.92038018199,6.0
6.42622218976,7.0
5.69205610677,6.0
5.50506389734,6.0
6.18755916923,6.0
5.60499553517,6.0
5.09775358508,6.0
5.73638744227,6.0
6.23035210752,6.0
5.42925298201,5.0
5.89551358946,6.0
6.31670826018,6.0
5.09775358508,6.0
5.57918236481,5.0
5.60699575195,5.0
5.43366932423,5.0
5.67529718267,6.0
5.41224421284,5.0
5.81473855325,6.0
5.86889171949,5.0
6.28983722807,6.0
4.84694749203,5.0
6.02531984753,6.0
5.32059846087,5.0
4.53755244666,3.0
7.01473883705,6.0
6.58499967553,8.0
5.58042006029,6.0
5.81645422534,6.0
5.34008661094,5.0
5.64767098716,6.0
5.29897190763,6.0
5.50886211742,6.0
6.13183516725,7.0
4.94543347799,5.0
5.24606585554,5.0
5.59386893082,6.0
6.36060122665,6.0
5.48400685352,6.0
5.88093982469,6.0
4.41412786497,5.0
5.32281682659,5.0
5.4067279173,5.0
5.8144984682,6.0
5.65250026601,5.0
5.5502445292,6.0
5.97685094456,6.0
5.35035168955,5.0
5.33943004043,5.0
4.81964411699,5.0
5.75448955602,5.0
5.00766853913,5.0
5.24235820987,6.0
5.26439047551,4.0
5.94851430469,5.0
5.34441033444,6.0
5.13230951597,6.0
5.86180755607,6.0
4.96395881233,5.0
4.90950820327,4.0
5.45149784416,5.0
5.41804161792,5.0
5.88821304199,6.0
5.59228008223,6.0
5.19696169336,5.0
5.4171804399,5.0
5.50886211742,6.0
5.15917473685,5.0
5.03059479993,5.0
5.76869686401,6.0
5.44008599447,5.0
5.58442372399,6.0
6.74790888297,7.0
5.39358542249,5.0
6.01586414883,7.0
6.13569263194,6.0
5.5410167314,5.0
6.47060279315,6.0
5.37434140152,5.0
4.74188387297,4.0
5.66339052165,6.0
5.22318541675,5.0
5.10718952624,5.0
4.98708467551,6.0
5.66382913421,6.0
5.37248931332,5.0
5.96402735033,7.0
6.45656946543,6.0
5.54849403941,5.0
5.14514994516,5.0
5.64529995559,6.0
5.46721843138,6.0
5.67005125123,5.0
5.41636446948,4.0
5.27035534236,5.0
6.27712821928,6.0
5.27305561337,5.0
4.80747687389,5.0
5.31222920779,5.0
5.93944083608,6.0
5.69698944815,6.0
4.84598017616,5.0
5.6891365279,4.0
5.59259582814,6.0
5.80523817336,5.0
5.40049038501,5.0
5.36344163923,6.0
6.45056383118,6.0
5.81688006244,7.0
5.72381352498,6.0
5.07862059974,5.0
5.4067279173,5.0
4.82802931633,5.0
5.35852075641,5.0
5.17460807177,5.0
5.69505843552,6.0
5.72111444182,6.0
5.08667705785,5.0
5.16385803238,5.0
5.75626272223,7.0
5.27663148607,5.0
4.99460989984,5.0
4.72764602683,5.0
6.17757265405,6.0
5.55349263968,6.0
4.65145353526,5.0
5.15524822672,6.0
6.11032749753,6.0
4.4387503236,5.0
5.67224241063,6.0
5.43575346414,5.0
6.62863075818,7.0
5.21200077436,5.0
5.81367221556,6.0
6.20678933774,7.0
5.32308573873,6.0
5.02329373776,5.0
4.94828783634,5.0
5.18061066193,5.0
5.32281116683,5.0
5.45510819255,6.0
4.95183319512,5.0
5.36160057226,5.0
5.69041232041,5.0
6.11623126165,6.0
5.17384910107,5.0
5.25865065259,5.0
5.15390708593,5.0
4.76682979324,5.0
5.59843175966,5.0
6.74542526237,6.0
5.70593585816,5.0
5.08311948666,5.0
6.92823875763,8.0
5.422374905,6.0
6.41834730296,6.0
6.395178908,6.0
6.66191182697,7.0
5.61066635037,6.0
5.55209726228,6.0
5.6647774127,7.0
6.16395327415,6.0
6.20179535411,6.0
5.30354939219,5.0
5.68523508661,5.0
4.6519787382,4.0
5.6391452297,6.0
5.32503368221,5.0
5.53826029161,5.0
6.51429306683,5.0
5.1617301619,6.0
6.12508101788,6.0
5.73606444196,6.0
5.23617740438,5.0
6.41271231911,7.0
6.41681637451,7.0
6.05227619711,6.0
5.41663696507,6.0
4.72177847883,5.0
5.56554166249,5.0
5.0132447572,3.0
5.11372461809,5.0
5.53653101287,6.0
5.32183653578,5.0
4.94678126955,5.0
6.32904897172,6.0
4.9688997918,5.0
5.91273076712,6.0
6.81008645698,7.0
4.7124135164,4.0
4.9811321935,5.0
5.49088899917,3.0
5.85587617631,6.0
5.10718952624,5.0
5.39862953509,6.0
4.84665794441,5.0
5.0490088672,5.0
5.61935298459,5.0
5.91475586947,6.0
5.20963729943,5.0
4.47859036481,5.0
6.28998992289,7.0
6.28187783191,6.0
4.8928189045,5.0
5.19805746251,5.0
6.49412909367,7.0
6.86602410055,6.0
4.99460989984,5.0
5.80652632937,6.0
5.63161868572,6.0
6.74538048948,7.0
6.04838121285,5.0
6.05697129513,6.0
6.50017106984,8.0
5.36513857321,5.0
5.90088321767,6.0
6.38788327549,6.0
5.00238606196,5.0
5.90922356988,6.0
6.33315091397,6.0
5.33508861946,5.0
5.18904887046,5.0
5.48192509859,6.0
5.45706050363,5.0
5.73371853716,6.0
5.70934982821,6.0
5.27292139901,5.0
6.42745109275,6.0
6.73986418167,6.0
