5.37288084341,5.0
5.32601304873,5.0
5.34913347099,5.0
6.34522437615,6.0
5.31147314112,6.0
5.90836251148,4.0
5.15537003763,5.0
5.33224041188,5.0
6.00355714658,6.0
5.02395439287,5.0
5.93343211769,6.0
5.90908452469,5.0
6.03025945468,6.0
5.27209083297,6.0
6.27562663631,6.0
5.55044695338,5.0
5.37952041745,5.0
5.34547311681,4.0
5.58309227371,6.0
5.19117231776,5.0
5.7270617218,6.0
5.98635077832,6.0
5.62124999838,7.0
5.18056687128,5.0
5.59739551866,5.0
4.7591342702,5.0
5.05999282738,5.0
5.52613886499,6.0
4.06712807084,4.0
5.34045554559,5.0
5.77843623204,6.0
5.4057894415,5.0
5.29423068286,5.0
5.86009690337,6.0
5.03859786587,3.0
5.83126559424,5.0
5.35404220127,5.0
5.62707251129,6.0
5.35303937091,6.0
5.19135316473,5.0
5.54831643627,5.0
4.93847771894,4.0
6.1322330677,6.0
5.26459242596,6.0
5.05512996368,5.0
5.44306136247,5.0
5.82009948568,6.0
5.86009690337,6.0
5.05999282738,5.0
6.19034902901,5.0
5.37918704851,6.0
6.258759952,5.0
5.68494284726,5.0
6.20234039814,6.0
5.47697770375,6.0
5.58082643543,5.0
5.41523055637,5.0
5.57395487032,7.0
4.74960484043,4.0
5.34780577232,5.0
5.20671863253,5.0
5.35932840252,6.0
5.38769159591,5.0
6.33345419985,7.0
5.20807810171,6.0
5.82009948568,6.0
5.47933336136,5.0
6.01826979313,6.0
5.25355609031,5.0
5.15834181155,4.0
5.2443474996,5.0
5.83774336692,5.0
4.90519043669,5.0
6.20426366861,7.0
5.86624706796,5.0
5.87749297745,7.0
5.76886417737,7.0
5.92213833216,7.0
5.22260463944,5.0
5.87555631886,6.0
6.05348745131,5.0
5.23008730681,6.0
6.40665125966,7.0
5.30596601758,5.0
5.49270831294,5.0
5.74895107726,6.0
5.6878465217,5.0
5.52042866886,6.0
6.09340754665,6.0
5.63735232455,5.0
5.10900942955,6.0
5.44026996773,5.0
5.29232250632,5.0
5.72745981971,6.0
5.74019237473,6.0
6.41382207348,8.0
5.99865983064,5.0
6.0816047589,6.0
5.77684419738,6.0
5.89679179702,6.0
5.23872580048,5.0
5.69033924706,6.0
5.4057894415,5.0
5.22176177074,5.0
5.56982430771,5.0
5.44954311238,6.0
5.61722666877,6.0
5.89799415595,5.0
5.33476566371,6.0
5.75267607474,6.0
5.650158459,5.0
4.8221934953,5.0
5.90908452469,5.0
5.70776880347,5.0
5.47470591226,5.0
5.25352143018,5.0
5.13016867295,6.0
6.06355943209,6.0
5.1360859692,5.0
5.89658917311,6.0
5.60243854776,5.0
4.95503127325,5.0
5.55068962845,5.0
5.88250264964,6.0
4.64932834204,4.0
6.29711486543,7.0
6.5101468888,6.0
5.16271844152,6.0
5.56876059034,7.0
5.45525906672,5.0
5.54268327729,6.0
6.02949556834,7.0
5.18890069858,5.0
5.34292370385,5.0
5.91826338104,6.0
4.96571316302,5.0
5.79204004746,5.0
4.83084649835,5.0
2.85205604179,3.0
5.78821614152,6.0
4.77528897758,5.0
6.21448629996,6.0
5.87334929737,6.0
4.84937927108,5.0
5.645582876,6.0
5.47292797732,5.0
5.63897428668,7.0
5.97334089653,5.0
5.56741727649,5.0
5.84651520558,6.0
5.31885520012,5.0
6.5659527287,8.0
6.42191650098,8.0
6.37806911197,6.0
5.42563564192,6.0
4.85061890006,5.0
6.13829011112,6.0
5.53059647226,6.0
5.67019027564,5.0
5.07931378528,5.0
5.12585099846,5.0
5.32751996823,5.0
5.38576737276,6.0
5.80848153988,6.0
5.95938034002,7.0
6.11126085805,7.0
5.42196112779,6.0
6.0816047589,6.0
5.88217969387,6.0
5.75261132599,7.0
5.04858238928,5.0
6.66214309188,7.0
5.44623413036,5.0
5.47406574036,6.0
5.1534478892,5.0
6.37042831537,6.0
4.98537031194,5.0
6.50858885253,7.0
5.15173293483,5.0
5.79122767204,7.0
6.14923058067,7.0
5.03227801535,5.0
5.86865041089,7.0
4.99665382531,5.0
6.07844521318,5.0
5.67559632734,5.0
5.40944910073,6.0
5.55708144103,6.0
5.57716150376,6.0
5.7379282341,6.0
6.36564598188,7.0
5.16124624664,5.0
5.13307078682,5.0
5.11532979132,4.0
5.04681295909,6.0
5.36260417594,5.0
5.34824642121,5.0
5.25650542388,6.0
6.34851069085,6.0
6.44333535643,7.0
5.37645632368,5.0
5.43453593643,5.0
4.74410459475,5.0
5.47398887402,5.0
5.52485310692,6.0
5.21949524466,5.0
5.33181210175,5.0
5.61076699233,6.0
5.16692776559,5.0
6.1477735355,7.0
5.52442209218,6.0
4.974183724,5.0
5.13070067164,6.0
5.73966068735,5.0
5.6110562138,6.0
5.43934199406,5.0
5.46984968334,6.0
4.78643563698,4.0
5.19576922028,5.0
5.72152815062,5.0
6.17130709298,6.0
5.23756129878,6.0
5.15033863766,5.0
6.38471775276,7.0
4.652145195,5.0
5.40851044591,5.0
6.18105653634,6.0
6.54658475138,7.0
5.86043650153,7.0
5.42761397788,6.0
4.97406694557,5.0
4.89514900369,4.0
5.38280801396,5.0
5.22391423214,6.0
4.83084649835,5.0
5.3781097003,6.0
5.84011806395,7.0
5.26411774887,5.0
5.07857767058,5.0
5.32969662008,5.0
6.24599348645,7.0
5.54811859879,5.0
5.22653919997,6.0
5.72073329434,4.0
4.62167132098,5.0
5.2083183017,5.0
5.50000820346,6.0
5.73646327234,5.0
5.20675665414,5.0
5.06669327294,5.0
5.14705623399,6.0
5.36023559059,5.0
5.38529972664,6.0
5.70117491019,5.0
5.34181260919,6.0
4.76363426547,5.0
5.36036188154,6.0
5.21658431588,6.0
5.19769665952,5.0
5.71639863806,5.0
6.04261111778,8.0
5.83949369406,7.0
5.79666934515,5.0
5.67459952285,6.0
5.36167669685,6.0
5.67986634728,7.0
5.99603233899,7.0
5.20428672592,5.0
5.70331258099,5.0
5.42764050316,6.0
6.04850603496,7.0
4.99667052459,5.0
5.45887613798,5.0
5.0612052514,5.0
4.9325750492,5.0
4.30334462228,5.0
5.61076699233,6.0
5.85786548593,5.0
5.7251948367,5.0
5.12831356388,6.0
6.13556512131,7.0
6.03148162055,6.0
5.87954381906,6.0
6.18497694606,7.0
5.46330916125,5.0
6.02324320821,8.0
4.68433127566,5.0
6.18118376568,6.0
5.42857221111,6.0
6.04791046026,6.0
5.64675929418,5.0
5.30861105807,5.0
5.77625052671,6.0
5.20610148153,5.0
5.15791649928,5.0
5.6141437871,6.0
5.26193729423,5.0
6.01183984071,7.0
5.31146506467,6.0
5.20328259659,5.0
5.67266693311,5.0
5.84234275636,6.0
4.78945321367,5.0
5.65656855485,5.0
5.27209083297,6.0
5.98751862073,6.0
5.31228812816,5.0
5.07440755609,6.0
5.85100642966,6.0
6.31908853485,6.0
5.94077820281,5.0
5.71860947016,6.0
5.52826154835,6.0
4.98167168565,5.0
6.06717982283,7.0
5.42826470974,6.0
5.45392514935,6.0
5.36381572339,6.0
5.0707162773,5.0
6.04129101704,6.0
5.44291360752,7.0
5.82261639442,6.0
5.2666405068,5.0
4.97406694557,5.0
4.67657705247,3.0
5.42027582379,5.0
5.13250723022,6.0
5.05259294949,5.0
5.64099506075,5.0
5.28102239419,4.0
5.45887613798,5.0
5.1900337994,5.0
6.26439822728,6.0
5.36597806273,5.0
5.25483530378,5.0
5.1359392451,6.0
5.38699714335,5.0
5.05003913117,6.0
4.79596371626,5.0
5.5820919269,5.0
5.5313287378,5.0
5.58272700437,6.0
6.20386133083,6.0
5.8418181383,4.0
5.58840253091,5.0
5.580178531,6.0
5.21753419427,6.0
5.79204004746,5.0
5.54316030239,7.0
4.78656900569,4.0
5.58737425495,6.0
6.38985963068,6.0
5.45067814385,6.0
6.31612249649,6.0
5.25927999765,5.0
6.38471775276,7.0
5.48913901587,5.0
5.3344888362,5.0
5.24021516848,5.0
6.39080134841,7.0
5.41185613203,7.0
5.58383897098,6.0
5.69017961805,5.0
4.75103216604,5.0
5.55699589868,6.0
5.43143330279,5.0
5.93590562538,6.0
4.61815502544,5.0
5.44985665523,5.0
6.65133253793,6.0
5.29129663155,5.0
5.90364261898,5.0
4.99836504716,5.0
5.16801349068,5.0
5.25617389936,5.0
4.8311122098,5.0
5.03927983103,5.0
5.69954345613,7.0
5.08132555578,6.0
5.54006473295,3.0
6.2357901573,7.0
5.17696008843,5.0
5.27694205943,5.0
5.43656265829,4.0
5.0804203741,5.0
4.62142842192,3.0
5.08715058947,5.0
5.47406574036,6.0
5.43200820517,5.0
5.68465789268,5.0
6.10025620097,5.0
5.46040116347,6.0
6.54658475138,7.0
5.32969662008,5.0
5.43911333555,6.0
5.26908945631,6.0
4.75626243718,5.0
4.87362246976,3.0
6.33763082472,6.0
5.41066312508,5.0
5.95270966435,6.0
5.19117231776,5.0
4.8309378837,5.0
6.28676294298,7.0
6.0765333151,6.0
6.15790097371,7.0
5.85073063712,7.0
5.25906344659,5.0
5.42764050316,6.0
6.02657306973,6.0
5.51777682128,6.0
5.89658917311,6.0
5.84011806395,7.0
5.1389335026,5.0
5.5939035677,6.0
5.07456757068,5.0
5.35997414522,5.0
5.6110562138,6.0
5.31736683837,5.0
5.47164434913,5.0
5.14095477412,5.0
5.05259294949,5.0
5.63735232455,5.0
5.61941314882,5.0
5.42887057662,6.0
5.41325050414,6.0
5.59726681668,6.0
5.20536590511,5.0
6.41233662376,7.0
6.11188919733,8.0
6.06946248193,7.0
6.13179675088,8.0
4.8053539658,4.0
5.44460683599,6.0
6.42593522503,7.0
5.49876114982,6.0
5.09269491561,5.0
6.47255065621,7.0
5.01895244226,5.0
6.20069583822,6.0
5.01105857229,5.0
5.84195200253,6.0
4.92425343213,5.0
4.76363426547,5.0
6.24599348645,7.0
5.30701308525,5.0
6.1602636204,7.0
6.13427619701,6.0
5.46288256063,7.0
5.06819391599,5.0
5.96072669386,7.0
5.75996481796,5.0
6.18894385813,6.0
6.24510151629,6.0
5.54759171613,6.0
5.22295492025,5.0
5.17849116907,5.0
5.52914585598,5.0
5.88051763233,6.0
5.80197088228,7.0
5.42764050316,6.0
5.20675665414,5.0
5.05306052161,5.0
6.36187275167,7.0
5.76538793353,6.0
5.51483521362,6.0
5.64616066274,5.0
5.94346811532,8.0
5.14761674306,5.0
5.39521391081,5.0
4.99158187629,4.0
5.49513725519,6.0
5.6979124781,6.0
5.38416243231,5.0
5.62991567942,5.0
5.62402413084,6.0
5.44116739313,5.0
6.43912161226,7.0
6.36114738394,7.0
5.71015040198,5.0
4.62643885566,4.0
5.06669327294,5.0
5.41020958382,6.0
5.35043898344,6.0
5.80653040305,6.0
6.23382627868,6.0
6.00998036944,5.0
6.06025052726,6.0
6.10235657898,8.0
5.42168583983,5.0
5.6860329271,6.0
5.53057959815,6.0
5.12732170898,6.0
5.89580124163,5.0
5.31911172581,5.0
5.29686323879,6.0
5.21353133717,6.0
5.5571433304,6.0
6.50701848877,7.0
5.2392908527,5.0
5.04858238928,5.0
5.57482005808,5.0
5.44036146695,6.0
5.55367157222,7.0
5.06879121262,5.0
5.35093369839,5.0
5.01311704024,5.0
6.47614407192,6.0
6.13747103183,6.0
5.45542935363,6.0
5.0795269905,6.0
6.47614407192,6.0
5.86103283146,6.0
5.28903597959,6.0
5.9458389835,5.0
6.22418524802,6.0
5.6110562138,6.0
6.04028233984,6.0
6.18105653634,6.0
6.05880432302,6.0
5.1507280314,5.0
5.66939907072,5.0
5.53648807764,5.0
5.1900337994,5.0
5.78418965685,6.0
5.01382715024,4.0
4.95659440764,5.0
5.92723556964,6.0
5.87954936898,6.0
5.98781800627,6.0
5.42761397788,6.0
5.39945666451,5.0
5.37155814909,6.0
4.9145621858,5.0
5.24994724369,6.0
4.96305466273,5.0
5.72525135589,5.0
6.09069209557,6.0
5.75267607474,6.0
6.35569380259,6.0
5.50920097349,5.0
5.54863922123,6.0
5.92597970656,6.0
5.60936293614,5.0
4.36676313288,4.0
5.98999342523,6.0
6.03224905134,7.0
5.69389668264,6.0
5.62863850126,6.0
5.46712707885,6.0
5.2007523564,5.0
5.07931378528,5.0
4.99613371363,6.0
6.03291250546,6.0
5.20536590511,5.0
5.48219219865,4.0
6.03025945468,6.0
6.49480966452,7.0
5.51935361214,6.0
5.78771542894,5.0
5.5534922917,6.0
5.87181448859,6.0
4.85911126046,5.0
6.07511768595,5.0
5.07097593655,3.0
5.27873009942,5.0
5.96072669386,7.0
6.02960352682,7.0
6.39666717333,6.0
5.93668531348,5.0
5.46950927761,5.0
6.57355503773,6.0
5.90254958009,6.0
5.78375423339,6.0
5.55934320503,6.0
6.19696545541,7.0
6.31751717245,7.0
5.84681048753,7.0
4.9389648646,5.0
4.843375296,5.0
6.00392374512,6.0
5.47646411017,6.0
5.4240972884,5.0
5.80363683594,6.0
5.47271610635,6.0
5.50217926221,6.0
5.88051763233,6.0
4.87131623156,5.0
5.42724024459,6.0
5.95081562886,7.0
6.14416896934,5.0
6.31576061309,7.0
4.78185944194,4.0
4.946141241,5.0
5.54960771897,6.0
5.81184620067,7.0
5.16519449329,5.0
4.96711346254,5.0
5.26175560334,6.0
6.00764284531,6.0
5.25043649011,5.0
5.21066860231,6.0
6.29250598682,7.0
5.35902356986,6.0
6.20385041877,7.0
5.84906040353,5.0
5.43621666621,5.0
6.13419466121,6.0
6.04028233984,6.0
6.30354812273,7.0
5.64869553418,6.0
5.26968984434,5.0
5.55044695338,5.0
5.70620692546,6.0
5.592990756,5.0
5.93112491054,6.0
5.12817420718,5.0
5.79385273171,5.0
5.23664873072,5.0
5.38113934851,6.0
5.79270051728,6.0
5.10035605237,5.0
5.73738075495,5.0
5.23969012423,5.0
4.80175634589,6.0
6.24611198919,6.0
6.11322096293,8.0
4.64990514946,5.0
6.0107821136,6.0
5.26683943695,4.0
6.30116563901,7.0
6.01286179539,6.0
5.86902757073,6.0
5.78054326341,5.0
5.09820447937,5.0
5.82449205875,5.0
5.31607954554,6.0
5.64896404677,6.0
5.41969009395,5.0
