5.32166225491,5.0
5.89395508946,7.0
5.25142285856,5.0
5.85850863333,6.0
5.3526903628,5.0
5.74136284874,7.0
5.55850215677,4.0
5.39072816515,5.0
6.0176117184,6.0
6.58132935015,7.0
5.25867192747,5.0
5.70194090312,6.0
5.89348497769,6.0
6.78880606051,6.0
4.91198106758,3.0
5.95195689059,7.0
5.2622156162,5.0
5.61662158689,7.0
5.2747157936,5.0
5.51102052682,6.0
5.53700803832,6.0
5.1538858575,5.0
5.17959747066,5.0
5.52178902695,7.0
5.34114118668,5.0
5.37600041597,5.0
5.55753835717,5.0
6.40914642562,5.0
5.77307057311,6.0
5.41881456404,6.0
6.61693702877,6.0
5.36238744888,5.0
6.35813788485,6.0
5.93510609213,6.0
5.24500453473,5.0
6.53632641475,7.0
5.31684336432,5.0
5.39021623155,5.0
5.37132430085,6.0
4.98220904301,4.0
5.82857054902,6.0
5.08246157285,6.0
5.38609735069,5.0
5.31532122328,5.0
5.9298616845,6.0
5.24502566192,5.0
5.47495666929,5.0
5.30376162094,5.0
5.23355239995,5.0
7.0105023143,8.0
5.56739997009,6.0
6.63366662766,8.0
5.77372481649,6.0
5.73727763469,7.0
6.34996503587,6.0
5.18678643698,5.0
6.01700333948,6.0
5.11925697614,5.0
5.24544601787,6.0
6.11373785118,6.0
5.11348552196,5.0
6.19666367101,6.0
5.61606871354,6.0
5.53235541066,4.0
5.59722445221,6.0
5.22690434813,5.0
6.40618384469,6.0
5.59098901531,4.0
5.7751531862,6.0
5.99067993151,6.0
7.3118039594,6.0
6.02060078759,7.0
5.84189469659,7.0
6.38723145874,7.0
5.33035731203,5.0
5.36236879604,6.0
5.90324634501,6.0
5.45076745191,5.0
6.14382841672,6.0
5.33222968056,5.0
6.19625369083,7.0
5.74187371847,6.0
5.33189233822,5.0
5.45661933502,5.0
5.93691713823,6.0
5.50408758273,6.0
5.77811499067,6.0
5.17793495662,5.0
5.53700803832,6.0
5.30210227731,5.0
5.4620871587,6.0
5.02192446801,4.0
5.29506851378,5.0
5.89475055349,7.0
5.58721812429,5.0
5.28956860262,6.0
5.45843913344,5.0
5.61980340813,5.0
5.29795227022,5.0
5.97119201259,6.0
5.33966498359,5.0
5.39362748281,6.0
6.12002114278,7.0
5.44038372464,6.0
6.11329055071,6.0
6.82078878803,6.0
5.4234004761,6.0
6.23819938823,7.0
6.69848955434,8.0
5.47104600885,5.0
5.2276802615,5.0
5.47150039061,6.0
5.41282718968,5.0
6.0400480431,6.0
6.5922203822,6.0
5.25553185455,5.0
5.5381932838,5.0
5.90285552202,6.0
5.30435130165,6.0
5.54197868114,5.0
5.65486422301,6.0
5.47206855323,4.0
5.96709792147,6.0
5.76043324861,6.0
6.0481951757,6.0
6.74219014668,7.0
5.18614616358,5.0
6.00854095655,7.0
5.29966256129,5.0
5.03527135881,5.0
5.71924261611,6.0
5.30117178426,6.0
6.10327756335,6.0
5.62437897717,5.0
8.81544278339,5.0
5.51358599277,5.0
6.38797244379,7.0
5.31727150848,5.0
5.41199479744,5.0
5.58189137007,5.0
5.83844916605,6.0
6.09628883673,6.0
6.11329055071,6.0
5.28905084633,5.0
5.35236194553,5.0
5.9673400587,6.0
5.57458663744,5.0
5.48804868394,5.0
5.36771480365,6.0
5.47699996068,6.0
5.06411932235,5.0
5.50943115413,6.0
5.44322804629,6.0
6.40830496219,6.0
5.18365745492,5.0
5.2789603827,5.0
6.7501618543,6.0
5.5106982226,5.0
5.20112478004,5.0
5.39879559735,5.0
6.49833499047,7.0
5.85520579675,5.0
5.53700803832,6.0
5.11393287384,6.0
5.34312275241,5.0
5.35340809067,5.0
6.04557390666,5.0
5.66562023771,7.0
5.50517885688,6.0
5.97665939213,6.0
5.59482166329,5.0
5.60164147725,5.0
5.06932094848,5.0
5.54396219597,6.0
5.53786765975,5.0
5.51069263208,5.0
5.38769113148,5.0
5.38330564141,6.0
5.3776409616,6.0
6.36771825833,6.0
6.39485814834,7.0
6.23148006167,7.0
5.75492287417,5.0
5.3015444026,6.0
5.17875145424,5.0
5.44402662707,6.0
5.57779526537,5.0
5.42835426651,5.0
6.66741911169,6.0
6.09897889203,6.0
5.16170426817,5.0
4.96351059545,4.0
5.58620754781,4.0
6.11318506775,7.0
5.29715566082,6.0
5.87594363107,7.0
5.43403324186,7.0
5.58125709491,5.0
5.8818587872,6.0
5.07711349224,3.0
4.97892963769,5.0
5.7557045818,6.0
5.25570775411,5.0
5.25442272375,5.0
5.71924261611,6.0
5.28108911563,5.0
5.13034637797,5.0
6.40830496219,6.0
5.46485273601,6.0
5.23424658239,5.0
5.74136284874,7.0
5.30343947669,6.0
5.83473492547,7.0
5.95611764426,6.0
5.59042111559,5.0
5.35867881148,5.0
5.82007451214,5.0
5.19493683442,6.0
5.34501009352,7.0
5.23266072343,6.0
5.23679545886,6.0
5.53857784916,5.0
5.42346944501,6.0
5.28905084633,5.0
5.57141544824,6.0
5.32048687261,6.0
6.06493579668,7.0
4.97597008648,5.0
6.89631243318,6.0
4.31773951823,4.0
5.74280453786,6.0
6.06288267672,5.0
6.81651263677,7.0
5.18770887703,6.0
5.63916609599,5.0
5.25200456561,6.0
5.90430399587,6.0
5.2291283834,5.0
5.14350223722,5.0
5.71200351997,4.0
5.8378283212,6.0
5.20830508189,6.0
5.51346477771,5.0
7.0137007005,6.0
5.2146045669,5.0
5.13357673382,4.0
6.46664449782,6.0
5.32341088755,6.0
5.24544601787,6.0
5.57180648987,4.0
5.26015432019,5.0
6.0191545883,8.0
4.82883899086,3.0
5.49956959011,5.0
5.98130624495,7.0
6.82531867102,6.0
5.77166945528,6.0
5.52337221302,5.0
5.25253375136,5.0
6.01506757904,7.0
5.94053620908,6.0
5.38769113148,5.0
5.74625526253,6.0
6.42076111682,5.0
5.17761492003,5.0
6.14572711016,6.0
6.35943469291,5.0
5.7238046459,6.0
4.81074151931,4.0
6.30933032729,6.0
5.57037514886,5.0
5.12729501753,6.0
5.16570942002,5.0
5.07550194187,6.0
5.79233372344,5.0
5.04996055998,6.0
6.15462242569,6.0
5.97494024128,6.0
5.19654151116,5.0
5.04122998137,6.0
6.31532685305,6.0
5.02362879222,5.0
5.74921179789,5.0
5.21508073814,6.0
5.64726266241,6.0
5.28597553837,5.0
5.25297152805,6.0
5.16090118247,5.0
5.31590999246,5.0
6.19532339094,6.0
5.4467426034,5.0
5.36146783242,5.0
5.3783516651,6.0
5.54754764864,6.0
6.63591511547,7.0
5.0812875385,5.0
5.58833317319,6.0
6.31911067697,7.0
5.48914619445,5.0
6.24027125931,6.0
5.94108104368,6.0
5.45919714553,6.0
5.34588515003,6.0
5.7557045818,6.0
5.33022551371,5.0
5.58565968605,6.0
5.16169146767,5.0
5.02754659163,5.0
5.31317772474,6.0
5.46924355443,5.0
6.03183853973,6.0
5.60443042415,6.0
6.60171640367,7.0
5.7609232299,5.0
5.5877193426,6.0
5.86888924548,5.0
5.90727017837,6.0
5.55668374039,6.0
5.5618987935,5.0
5.56628808712,7.0
6.44039751104,6.0
5.24985779281,5.0
5.62840570292,6.0
5.52351913839,5.0
5.00686534655,5.0
5.81172622484,6.0
5.52459415522,4.0
6.12087142883,7.0
6.06809546687,5.0
5.34512681387,5.0
5.25688820469,7.0
5.27861578126,5.0
5.47495666929,5.0
6.09448144772,7.0
5.65288132018,7.0
6.74680118728,7.0
6.24150942967,6.0
6.92069280359,5.0
5.20883566703,5.0
5.35234376668,4.0
5.36712749499,6.0
5.56295940984,6.0
6.09915996394,6.0
5.2744078102,5.0
5.50943115413,6.0
6.14093292104,7.0
6.32085686239,7.0
6.54327622375,6.0
4.8492645741,5.0
5.89590709724,6.0
5.67390981333,6.0
5.54185031327,5.0
5.49968676814,6.0
5.634424113,6.0
5.55695855485,5.0
5.51000587794,5.0
6.00272149659,6.0
5.48914619445,5.0
5.62161295357,5.0
6.7965025018,8.0
5.9454293962,6.0
5.32082716906,5.0
6.03556456862,6.0
5.39299154357,6.0
5.20081265048,6.0
5.53195377853,5.0
6.11073385705,7.0
6.03435895299,5.0
5.43647570107,6.0
5.10583872205,5.0
5.52599002188,5.0
6.07092048665,6.0
4.96011965037,3.0
5.92513810854,6.0
6.85537754844,8.0
5.26693225466,5.0
5.68003396304,6.0
5.43702937441,5.0
5.22036429188,6.0
5.19075609262,6.0
5.68223252144,6.0
6.02228389407,6.0
5.19681799221,5.0
5.37482641957,5.0
5.15203731068,6.0
6.29688405079,6.0
6.25657305505,6.0
6.7278469757,6.0
5.30343947669,6.0
5.25585668754,5.0
5.37604620054,6.0
6.07560532941,6.0
5.56671941141,6.0
5.6340702519,5.0
5.10560603697,5.0
6.25848875569,7.0
5.89614999984,6.0
6.48924833786,6.0
5.80852494638,5.0
5.61606871354,6.0
5.10258710731,5.0
6.32447375487,7.0
5.28582642862,5.0
5.56295940984,6.0
5.46226754075,5.0
5.50987464036,5.0
5.18180757027,5.0
5.54606327308,5.0
6.26432317484,4.0
5.37194278207,5.0
5.28690328859,6.0
5.32137265332,4.0
6.11597251119,6.0
5.24624517435,6.0
5.35539089718,6.0
5.7105270358,6.0
5.55871844817,5.0
6.8532900533,7.0
5.22365306684,5.0
5.78696025651,6.0
5.83253098323,7.0
5.25452098762,6.0
5.74503931601,5.0
5.3526903628,5.0
5.23443304297,5.0
5.13238919682,5.0
5.53031908035,5.0
5.80252846668,6.0
5.41159773933,4.0
5.29406288557,6.0
5.54688275853,5.0
5.1734950839,4.0
6.5136773722,7.0
5.65288132018,7.0
6.54230918226,6.0
5.41232584739,6.0
5.28615668679,5.0
5.89619846184,5.0
5.90344759084,6.0
6.18118411597,6.0
6.08509453344,6.0
5.72731258272,6.0
6.06620769708,7.0
6.32085686239,7.0
5.40467520636,5.0
6.09993887795,7.0
5.59515202623,6.0
6.32288974573,6.0
5.14139083459,5.0
5.94539762741,6.0
5.15542205133,5.0
5.32911708472,5.0
5.18613567981,5.0
5.25163650515,5.0
5.58399525317,5.0
5.68783288583,5.0
5.73530410671,5.0
5.35046119302,6.0
5.86900493731,5.0
5.52720557545,5.0
5.62870488799,6.0
5.29763231411,5.0
5.44052509215,5.0
5.35858931015,6.0
5.33410309023,4.0
5.51204337908,5.0
5.14891606076,6.0
5.22308332126,5.0
5.5768963921,6.0
5.54185031327,5.0
6.4297041462,7.0
5.39286261096,5.0
4.96548736024,5.0
5.74503931601,5.0
6.18571751418,7.0
6.18284051206,6.0
5.08246157285,6.0
5.52066891449,5.0
5.79987399544,5.0
6.74680118728,7.0
5.36367578997,6.0
5.51514550956,6.0
5.44360344115,5.0
5.2622156162,5.0
5.90727017837,6.0
5.91035142013,6.0
5.45689305354,6.0
5.28572758083,5.0
5.31146013874,5.0
5.32021999405,5.0
5.39033661623,5.0
5.1580311314,5.0
5.84553625262,5.0
5.66861643752,4.0
5.65579241153,6.0
5.42883262088,6.0
5.97672660369,6.0
5.09872209745,5.0
6.09286231343,5.0
5.22365306684,5.0
5.22236257293,6.0
5.87097121894,6.0
5.9085870652,6.0
5.27905655256,4.0
5.40465910228,5.0
5.2798618105,5.0
5.36860412442,5.0
5.53611898472,5.0
5.32777137267,5.0
6.25952154757,6.0
5.97262627289,5.0
5.47672551316,5.0
5.0160466599,5.0
5.561347702,6.0
6.08293935378,7.0
5.5929763886,6.0
5.21011272404,6.0
5.4620871587,6.0
6.25719779107,5.0
5.79552930325,7.0
5.52518509858,5.0
5.32541241051,7.0
5.68641298815,6.0
5.29806272344,5.0
5.30866949672,5.0
6.26545517232,5.0
5.69633613337,6.0
6.08969801767,6.0
5.43647570107,6.0
5.53362198858,6.0
6.5153247612,6.0
5.32171728389,5.0
6.38891132711,5.0
5.88800857364,7.0
6.04677342787,8.0
4.94602805071,3.0
6.21953633041,7.0
6.02901163414,6.0
5.79775311042,7.0
6.44825958305,6.0
5.03852757118,5.0
5.58665203772,5.0
5.45036924095,6.0
6.77319273877,7.0
5.24544601787,6.0
5.30649365062,5.0
5.76697821226,7.0
6.54327622375,6.0
5.38769113148,5.0
6.07296860169,6.0
6.67726924394,7.0
6.28254589776,7.0
5.25734916886,5.0
5.40465910228,5.0
6.64125322039,7.0
5.70903890454,6.0
6.03409767451,6.0
5.59181004853,6.0
5.55283307894,5.0
5.71273856998,6.0
5.62634880063,6.0
5.70708222473,4.0
5.88442834933,5.0
6.06716643058,6.0
6.24027125931,6.0
5.23255851728,6.0
5.39501815526,5.0
5.43818170314,6.0
6.13374327176,7.0
5.28572758083,5.0
5.48911657375,6.0
5.29069588408,5.0
5.64437536991,6.0
5.46056218648,6.0
5.38063527094,5.0
6.3646185708,6.0
5.45689305354,6.0
5.41308551193,6.0
5.98404547814,5.0
5.2901104089,6.0
5.63906948846,6.0
6.51180741455,7.0
5.97427276935,6.0
5.05278942384,5.0
5.86079506395,5.0
5.97936254232,6.0
5.09513821612,5.0
5.14328309451,5.0
6.38910093794,7.0
6.12087142883,7.0
5.48345925157,6.0
5.65118836591,5.0
5.96231380356,6.0
5.20354418553,5.0
5.29866040265,5.0
6.28823196547,7.0
5.30595193656,6.0
5.51892144112,7.0
5.1385657793,6.0
5.54315444362,6.0
5.26720713528,6.0
5.13346221779,6.0
6.77319273877,7.0
5.69635348381,6.0
5.53644338783,6.0
5.4467426034,5.0
5.25388720842,5.0
5.12832662528,4.0
5.39286261096,5.0
6.68455547896,7.0
6.09242596069,6.0
5.43924919412,6.0
5.53111514301,6.0
5.33494582367,5.0
6.16073345878,7.0
5.36484284982,5.0
5.31668996453,6.0
5.83162961722,5.0
5.0930554352,5.0
5.19468717645,6.0
5.38330564141,6.0
6.82471113934,7.0
5.48466409119,5.0
5.327993734,5.0
7.13774112591,8.0
5.18714187905,5.0
5.23020150443,5.0
5.19431443462,5.0
5.79031158977,6.0
6.42926790922,5.0
5.44731674106,6.0
5.3001568486,6.0
5.60032698194,6.0
5.99980752554,7.0
6.50673081309,7.0
5.58234956987,6.0
6.72815789933,7.0
5.50771379469,6.0
5.43024883462,5.0
