   	      	                      fitness                      	              size             
   	      	---------------------------------------------------	-------------------------------
gen	nevals	avg        	max        	min    	std        	avg    	max	min	std    
0  	1000  	1.81089e+68	1.80165e+71	63694.1	5.69451e+69	13.08  	80 	3  	13.3282
1  	907   	1.74389e+32	1.74389e+35	58217.3	5.51191e+33	11.212 	68 	2  	10.6873
2  	913   	2.42917e+34	2.42917e+37	58227.7	7.67788e+35	12.813 	69 	2  	11.3706
3  	926   	8.49021e+24	8.48995e+27	53861.3	2.68341e+26	14.864 	74 	2  	12.1598
4  	923   	1.07211e+26	1.07092e+29	31216  	3.38486e+27	16.078 	84 	2  	12.6323
5  	912   	2.27284e+26	1.26144e+29	31216  	4.64119e+27	16.843 	63 	2  	11.9701
6  	909   	1.01107e+35	1.01107e+38	31214.9	3.19567e+36	18.727 	64 	2  	12.1032
7  	922   	2.723e+26  	1.26111e+29	31214.9	5.65186e+27	21.175 	63 	2  	12.7453
8  	891   	6.74561e+28	6.69199e+31	31214.8	2.11516e+30	24.997 	100	2  	14.3322
9  	914   	5.20765e+27	5.16938e+30	31214.8	1.6339e+29 	28.23  	98 	2  	15.7053
10 	937   	1.7996e+31 	1.7983e+34 	31180.4	5.68389e+32	30.531 	92 	2  	17.644 
11 	909   	1.09459e+43	5.47294e+45	31214.9	2.44512e+44	32.867 	97 	2  	18.2408
12 	909   	2.59335e+43	2.59335e+46	31216  	8.19678e+44	35.66  	125	2  	18.9401
13 	904   	1.32791e+24	1.32124e+27	31213.5	4.17606e+25	35.956 	90 	2  	17.8563
14 	923   	9.62286e+29	9.62286e+32	31033.7	3.04149e+31	35.286 	104	2  	18.0735
15 	918   	7.21434e+22	3.28331e+25	30351.5	1.30899e+24	34.708 	101	2  	17.4267
16 	911   	1.5744e+24 	1.57013e+27	29601  	4.96271e+25	37.583 	105	2  	17.9735
17 	918   	3.03281e+21	1.9466e+24 	18999.7	7.04174e+22	37.075 	94 	2  	17.8573
18 	908   	6.32911e+21	5.3088e+24 	18990.1	1.70833e+23	37.122 	115	2  	17.9632
19 	901   	1.2233e+21 	9.04177e+23	18967.3	3.02961e+22	36.977 	102	2  	18.1247
20 	898   	1.65601e+17	7.36715e+19	18977.6	2.82404e+18	38.448 	126	2  	19.9681
21 	910   	1.06656e+17	6.7318e+19 	18957.5	2.407e+18  	43.417 	131	2  	22.722 
22 	912   	8.17363e+23	8.17363e+26	18977.6	2.58344e+25	47.061 	115	2  	22.7297
23 	883   	1.79366e+22	1.79365e+25	18945  	5.66917e+23	46.466 	116	2  	21.4967
24 	928   	7.29368e+24	7.29254e+27	18957.9	2.30495e+26	45.189 	116	2  	20.6165
25 	914   	3.74528e+17	3.20278e+20	18957.9	1.0265e+19 	44.469 	125	2  	19.7572
26 	889   	8.93974e+21	8.31769e+24	18935.1	2.63611e+23	42.996 	104	2  	19.5354
27 	915   	1.02333e+21	1.02313e+24	18935.1	3.23381e+22	40.366 	112	2  	19.8234
28 	912   	1.64922e+19	1.63581e+22	18935.1	5.1703e+20 	39.76  	135	2  	19.5797
29 	927   	8.4438e+20 	6.9318e+23 	18935.2	2.24196e+22	39.873 	95 	2  	19.7185
30 	902   	1.28637e+21	1.28629e+24	18769.9	4.06559e+22	42.166 	107	2  	20.8327
31 	911   	1.18707e+17	8.77e+19   	18769.9	2.93682e+18	43.082 	127	2  	20.0659
32 	919   	1.38787e+21	6.94178e+23	18364.2	3.10027e+22	45.555 	133	2  	18.9183
33 	903   	2.30724e+23	2.29442e+26	18348.9	7.25204e+24	46.767 	109	2  	18.8941
34 	900   	1.43143e+21	6.94143e+23	18348.9	3.10245e+22	43.637 	115	2  	19.8681
35 	930   	1.10863e+17	6.18156e+19	17868  	2.48914e+18	40.707 	107	2  	19.7445
36 	903   	1.84883e+14	3.4555e+16 	17868  	2.33224e+15	39.28  	102	2  	19.1929
37 	906   	1.49439e+14	3.27566e+16	17868  	2.06945e+15	39.114 	92 	2  	18.3843
38 	926   	8.79167e+18	8.79159e+21	17868  	2.77875e+20	39.825 	110	2  	17.8237
39 	913   	3.31541e+21	3.31541e+24	17691.6	1.0479e+23 	42.638 	116	2  	18.2495
40 	927   	1.47672e+14	3.26588e+16	17821.5	1.93223e+15	44.299 	133	2  	19.0263
41 	912   	2.27419e+14	4.95914e+16	17799.9	2.7274e+15 	45.311 	119	2  	18.2875
42 	903   	3.25317e+17	3.25138e+20	17799.9	1.02766e+19	44.068 	104	2  	19.2799
43 	904   	2.1092e+19 	2.10917e+22	17792.8	6.66644e+20	45.022 	114	2  	20.0054
44 	910   	1.9185e+14 	3.27105e+16	17683.8	2.28397e+15	44.911 	126	2  	20.3872
45 	892   	1.18658e+18	1.13856e+21	17479.4	3.6012e+19 	46.208 	117	2  	21.5155
46 	900   	4.03586e+24	4.03586e+27	17299.3	1.27561e+26	48.779 	129	2  	23.7317
47 	910   	1.11016e+14	3.47945e+16	16944.3	1.77538e+15	50.846 	123	2  	23.0387
48 	898   	5.90937e+15	5.81703e+18	16608.2	1.83862e+17	52.495 	147	2  	21.8762
49 	923   	4.33009e+21	4.32585e+24	16608.2	1.36727e+23	53.493 	148	2  	21.3469
50 	898   	1.352e+29  	1.352e+32  	16335.6	4.27327e+30	55.207 	122	2  	20.4044
51 	923   	1.00022e+14	3.39314e+16	16335.6	1.75391e+15	58.669 	133	2  	19.8556
52 	922   	2.23437e+16	2.23179e+19	15967.6	7.05401e+17	62.538 	142	2  	19.8681
53 	910   	1.03471e+13	2.078e+15  	15967.6	1.31171e+14	65.219 	140	3  	18.6926
54 	920   	1.42111e+13	7.05489e+15	15958.2	2.49907e+14	65.236 	142	2  	19.6258
55 	929   	6.69731e+12	1.69454e+15	15958.2	1.05491e+14	65.239 	136	2  	20.3603
56 	924   	3.6386e+13 	2.15779e+16	15958.2	7.30848e+14	69.268 	148	2  	21.0711
57 	915   	4.09321e+12	1.67336e+15	15789.4	7.75056e+13	72.141 	154	2  	23.5935
58 	896   	1.98749e+16	1.98681e+19	15693.1	6.2797e+17 	77.264 	190	2  	27.1242
59 	901   	3.41101e+13	2.95307e+16	15693.1	9.36949e+14	78.329 	160	2  	26.216 
60 	913   	4.76481e+12	1.45815e+15	15518.1	7.99922e+13	77.408 	176	2  	25.0902
61 	911   	2.92144e+12	1.45821e+15	15488.5	6.51197e+13	75.396 	164	2  	24.1293
62 	911   	2.65609e+15	2.62983e+18	15488.5	8.31229e+16	78.164 	165	2  	23.3968
63 	917   	3.20749e+12	1.45815e+15	15488.5	6.53193e+13	82.02  	155	2  	24.2731
64 	938   	2.34077e+14	1.89395e+17	15408.7	6.13833e+15	84.809 	193	2  	25.3082
65 	926   	1.41523e+14	9.67759e+16	15313.7	3.34796e+15	92.268 	185	2  	24.211 
66 	920   	1.32844e+14	1.312e+17  	15313.7	4.14703e+15	96.084 	164	2  	23.9597
67 	908   	3.53298e+15	3.48978e+18	15227.9	1.10308e+17	101.29 	181	3  	22.8165
68 	928   	4.49804e+13	4.31246e+16	15227.9	1.36385e+15	105.102	174	2  	23.1702
69 	890   	2.67514e+15	2.62983e+18	15226  	8.31306e+16	106.933	188	2  	22.1933
70 	903   	1.19569e+16	6.73539e+18	15167.2	2.42554e+17	107.506	174	2  	23.2578
71 	916   	4.1687e+15 	2.63096e+18	15167.1	9.32799e+16	110.018	176	2  	24.5766
72 	928   	3.95609e+14	1.1627e+17 	15166.9	6.50109e+15	112.701	180	2  	25.4   
73 	913   	7.5761e+15 	7.24446e+18	15152.5	2.29043e+17	112.403	180	2  	25.2009
74 	927   	3.34651e+16	3.29963e+19	15144.1	1.04294e+18	111.023	171	2  	24.4574
75 	914   	1.23475e+18	1.23393e+21	15016.7	3.90007e+19	110.431	242	2  	26.7364
76 	904   	6.97322e+15	6.73628e+18	14972.3	2.12969e+17	112.702	189	2  	25.0623
77 	916   	3.56326e+16	3.53023e+19	14873  	1.11582e+18	116.318	198	2  	23.9978
78 	907   	9.59079e+16	6.26287e+19	14873  	2.23653e+18	117.887	207	2  	23.2013
79 	921   	2.32784e+14	1.89395e+17	14722.3	6.13824e+15	116.087	204	2  	27.3137
80 	915   	1.13541e+15	1.13497e+18	14722.3	3.58731e+16	114.892	194	2  	25.2239
81 	879   	7.35127e+12	3.85602e+15	14719.6	1.38627e+14	113.481	190	2  	26.9457
82 	913   	6.82737e+13	6.471e+16  	14719.6	2.04627e+15	112.876	220	2  	26.352 
83 	908   	2.34398e+14	1.16268e+17	14722.3	5.19452e+15	111.636	191	2  	25.4254
84 	910   	3.31154e+16	3.2996e+19 	14720.3	1.0429e+18 	107.721	185	2  	25.185 
85 	898   	1.63782e+14	1.16246e+17	14539  	3.91886e+15	106.886	189	2  	23.9554
86 	890   	7.4833e+15 	7.13443e+18	14645.3	2.25576e+17	105.548	193	2  	23.2178
87 	904   	1.24535e+15	6.62185e+17	14614.5	2.30557e+16	104.941	196	2  	22.4808
88 	908   	1.45091e+16	1.42639e+19	14539.2	4.50861e+17	106.49 	193	2  	23.4972
89 	919   	1.52717e+14	1.16285e+17	14540  	3.82043e+15	108.972	199	2  	26.47  
90 	921   	2.9706e+19 	2.96727e+22	14540  	9.37862e+20	113.004	197	2  	29.1897
91 	901   	2.27018e+14	1.16285e+17	14465  	5.01046e+15	120.977	195	2  	29.0039
92 	926   	1.37066e+16	1.34716e+19	14538.9	4.25819e+17	125.975	209	2  	30.0427
93 	932   	4.8218e+14 	1.1627e+17 	14536.6	7.04502e+15	129.119	209	2  	29.7591
94 	917   	1.92214e+15	7.78452e+17	14536.6	3.55669e+16	133.699	211	2  	27.0877
95 	896   	5.98428e+14	4.73473e+17	14536.3	1.54072e+16	135.547	208	2  	28.0246
96 	914   	5.80318e+14	3.45115e+17	14492.7	1.20751e+16	141.432	303	2  	28.1245
97 	897   	3.67437e+14	1.16268e+17	14492.7	5.9413e+15 	145.423	225	3  	27.0493
98 	902   	2.65364e+15	8.33942e+17	14492.7	4.04996e+16	147.413	216	2  	25.2961
99 	926   	1.3948e+15 	1.31487e+18	14476.3	4.16076e+16	148.265	217	2  	23.1437
100	906   	3.75138e+20	3.75136e+23	14449.8	1.18569e+22	147.219	229	2  	26.9676
101	909   	8.10591e+15	7.95582e+18	14410.3	2.51482e+17	148.163	239	2  	30.4577
102	928   	8.02007e+14	7.78452e+17	14410.3	2.46062e+16	149.425	268	2  	29.9239
103	936   	8.81432e+16	8.72948e+19	14367  	2.75922e+18	150.133	234	2  	29.498 
104	921   	4.62703e+13	3.48293e+16	14367  	1.12214e+15	149.903	253	2  	32.5786
105	920   	8.37886e+14	8.33942e+17	14338.5	2.63584e+16	150.638	260	2  	34.0492
106	911   	2.23649e+14	1.1627e+17 	14330.2	4.34876e+15	154.686	264	2  	36.3753
107	898   	1.45529e+14	8.62847e+16	14308  	3.06894e+15	162.581	232	2  	34.1482
108	923   	1.88843e+13	1.05656e+16	14308  	3.92966e+14	166.619	245	2  	36.6801
109	922   	5.59403e+13	4.31492e+16	14307.1	1.38082e+15	170.414	267	2  	31.32  
110	920   	1.04083e+16	1.0102e+19 	14289.6	3.19333e+17	173.364	320	3  	31.6728
111	916   	1.51001e+15	1.40482e+18	14289.6	4.45002e+16	177.202	230	2  	32.1273
112	896   	3.75408e+14	1.16268e+17	14276.1	5.96191e+15	182.788	253	3  	27.6051
113	911   	2.34579e+14	1.16268e+17	14235.5	5.19457e+15	185.142	275	2  	27.2522
114	903   	4.30669e+16	3.29982e+19	14235.5	1.08627e+18	184.497	350	2  	27.0315
115	884   	5.81756e+14	1.55191e+17	14235.5	8.28076e+15	182.46 	349	2  	27.5865
116	910   	4.1021e+17 	4.10091e+20	14207.6	1.29617e+19	181.206	235	2  	27.2203
117	907   	4.44905e+17	4.01737e+20	14207.6	1.27431e+19	181.715	242	2  	27.1234
118	902   	6.68517e+13	6.47073e+16	14197.1	2.04576e+15	182.585	245	2  	24.5933
119	915   	1.02539e+16	1.0102e+19 	14181  	3.19301e+17	183.46 	349	2  	27.0847
120	909   	4.10646e+17	4.10118e+20	14174.9	1.29626e+19	183.639	236	2  	26.404 
121	908   	7.28263e+14	6.62185e+17	14094.4	2.10295e+16	184.891	251	4  	26.3336
122	912   	1.0672e+15 	6.62185e+17	14125.7	2.24629e+16	186.879	261	4  	22.9224
123	892   	7.79507e+14	6.62185e+17	14058.1	2.12462e+16	185.923	250	3  	29.6834
124	917   	8.94885e+14	6.62185e+17	14058.1	2.21761e+16	185.362	250	2  	27.1479
125	914   	3.69254e+14	1.29426e+17	14058.1	6.60832e+15	184.308	252	3  	26.5844
126	912   	1.07941e+16	1.0064e+19 	14058.1	3.18764e+17	183.378	386	2  	30.1917
127	916   	1.25227e+15	6.62185e+17	14058.1	2.22902e+16	184.722	243	2  	32.6476
128	886   	2.17369e+17	2.13089e+20	14012.7	6.73611e+18	186.551	245	4  	30.5535
129	933   	1.06598e+16	1.01021e+19	14012.7	3.19418e+17	186.76 	256	2  	30.4697
130	902   	4.83282e+18	4.02869e+21	14054.7	1.2982e+20 	186.327	259	4  	29.9676
131	899   	4.13275e+14	1.16289e+17	14053.7	6.57369e+15	184.7  	255	2  	33.0972
132	908   	4.50574e+20	4.50574e+23	14042.8	1.42413e+22	185.421	259	2  	31.8128
133	895   	2.24532e+18	2.2444e+21 	14042.8	7.09387e+19	186.818	271	2  	28.1378
134	919   	3.31952e+16	3.29982e+19	14014.6	1.04298e+18	189.713	267	3  	27.8096
135	915   	2.34404e+20	2.34393e+23	13993.7	7.40846e+21	189.015	258	2  	27.4918
136	898   	6.5213e+14 	2.86392e+17	14014  	1.08336e+16	186.797	260	2  	28.4136
137	900   	3.42831e+16	3.29982e+19	14014  	1.04327e+18	184.592	250	2  	26.7214
138	912   	7.85408e+14	6.62185e+17	14005.5	2.12463e+16	183.807	256	2  	23.642 
139	922   	1.80262e+13	6.44228e+15	14005.5	2.55841e+14	182.645	254	2  	24.465 
140	917   	4.50575e+20	4.50574e+23	13988.9	1.42413e+22	182.525	261	2  	23.5334
141	902   	1.19419e+14	1.16268e+17	13978.2	3.67539e+15	182.177	263	4  	24.5712
142	933   	6.88446e+13	6.47073e+16	13965.8	2.04811e+15	182.784	236	3  	23.3376
143	906   	6.98974e+14	3.2531e+17 	13965.8	1.18662e+16	182.608	238	2  	24.5165
144	918   	3.85797e+18	3.85726e+21	13964.2	1.21916e+20	183.262	246	2  	27.3747
145	915   	1.72608e+17	1.72603e+20	13905.2	5.45547e+18	182.991	248	2  	26.1268
146	917   	7.18013e+15	6.74152e+18	13905.2	2.13164e+17	184.585	265	4  	24.6172
147	907   	2.34662e+20	2.34661e+23	13879.6	7.41693e+21	183.797	252	2  	27.011 
148	924   	5.75809e+14	3.48784e+17	13879.6	1.18696e+16	185.051	272	2  	28.3065
149	878   	1.76167e+20	1.75752e+23	13879.6	5.55498e+21	187.66 	259	2  	29.3332
150	929   	9.38014e+13	4.33877e+16	13879.2	1.9403e+15 	190.499	274	3  	27.6957
151	910   	5.48481e+15	5.30368e+18	13876.7	1.67668e+17	193.649	294	3  	30.0945
152	921   	1.20869e+16	1.16342e+19	13804.2	3.67764e+17	198.081	284	2  	30.5004
153	922   	2.60682e+14	1.16268e+17	13804.2	4.9338e+15 	203.257	271	35 	26.7618
154	898   	5.77045e+15	5.30389e+18	13655.9	1.67759e+17	203.923	406	2  	29.0003
155	899   	1.10508e+15	6.62185e+17	13655.9	2.19453e+16	203.446	268	2  	24.5906
156	926   	2.36694e+14	1.16268e+17	13655.9	5.1946e+15 	201.22 	278	2  	27.5517
157	881   	1.59828e+14	1.16268e+17	13655.9	3.91839e+15	199.281	262	2  	28.5041
158	915   	1.15313e+20	1.1527e+23 	13490.4	3.64333e+21	199.402	263	2  	25.0662
159	893   	1.84495e+14	9.43319e+16	13501.3	3.54838e+15	197.792	252	2  	26.5214
160	917   	3.28989e+16	3.28988e+19	13629  	1.03983e+18	195.909	254	2  	26.3199
161	908   	4.50575e+20	4.50574e+23	13597.3	1.42413e+22	193.902	262	2  	28.7394
162	901   	3.30452e+16	3.28576e+19	13587.8	1.03853e+18	193.386	255	2  	26.5004
163	909   	1.60119e+16	1.04987e+19	13585.5	3.71639e+17	190.252	243	2  	26.5546
164	898   	8.19269e+14	2.11037e+17	13515.2	1.09503e+16	190.156	249	4  	25.2447
165	919   	1.70471e+13	7.35415e+15	13522.2	3.22906e+14	190.212	252	2  	26.5297
166	938   	4.50574e+20	4.50574e+23	13522.2	1.42413e+22	191.626	253	2  	22.0281
167	908   	3.66121e+14	2.10965e+17	13522.1	7.48391e+15	191.03 	249	2  	27.0333
168	897   	3.73106e+14	2.10961e+17	13448.7	7.72962e+15	193.041	249	4  	20.0101
169	925   	2.68548e+16	2.68496e+19	13448.7	8.48635e+17	191.378	244	2  	26.8014
170	882   	2.0567e+14 	1.16268e+17	13448.7	4.14759e+15	192.433	246	2  	24.7793
171	914   	3.4897e+14 	2.10848e+17	13412.6	7.95829e+15	192.073	245	2  	26.5535
172	928   	3.30186e+16	3.28576e+19	13416.3	1.03853e+18	190.649	258	2  	29.2639
173	910   	7.53476e+14	6.62185e+17	13416.3	2.10159e+16	189.224	247	4  	28.2406
174	914   	1.001e+17  	3.29982e+19	13383.8	1.80475e+18	186.784	248	2  	29.4609
175	905   	3.29387e+14	2.10965e+17	13383.8	7.61042e+15	187.185	247	2  	33.2518
176	927   	2.62163e+16	2.58975e+19	13383.1	8.18561e+17	193.056	268	2  	29.2752
177	908   	1.40515e+15	1.22967e+18	13382  	3.89918e+16	198.032	277	2  	31.1038
178	920   	6.8206e+14 	2.10965e+17	13353.5	1.0981e+16 	202.837	320	2  	29.0153
179	913   	1.30261e+14	6.471e+16  	13317.2	2.89097e+15	206.368	254	4  	21.3321
180	909   	6.97496e+13	6.46983e+16	13229  	2.04826e+15	207.432	274	3  	24.2534
181	912   	1.05435e+19	1.04789e+22	13218.4	3.31206e+20	207.682	293	2  	25.9362
182	894   	1.05476e+17	8.25919e+19	13218.4	2.70661e+18	208.022	273	2  	26.8615
183	924   	1.10176e+16	1.07823e+19	13217.7	3.40827e+17	206.803	265	4  	27.7546
184	901   	8.02521e+15	7.95546e+18	13201  	2.51454e+17	206.68 	259	2  	25.5237
185	900   	6.82318e+13	6.471e+16  	13201  	2.04628e+15	205.944	262	2  	23.0372
186	903   	2.48094e+14	1.16268e+17	13199.1	4.67268e+15	202.023	266	2  	28.7233
187	880   	6.54075e+13	6.471e+16  	13199.1	2.04529e+15	201.981	271	2  	27.2391
188	900   	2.20118e+16	2.18166e+19	13185.9	6.8956e+17 	202.585	266	2  	24.8818
189	912   	1.93306e+12	1.50737e+15	13185.9	4.84041e+13	202.178	280	2  	28.3499
190	898   	2.28226e+16	2.27028e+19	13185.9	7.17573e+17	202.721	268	2  	23.1218
191	933   	1.94119e+14	6.471e+16  	13176  	3.48371e+15	202.409	270	2  	30.4369
192	897   	3.54151e+16	2.27028e+19	13175.7	8.18446e+17	204.514	255	2  	25.3539
193	895   	2.41043e+16	2.27028e+19	13173.2	7.18026e+17	205.51 	428	2  	28.1976
194	904   	4.90415e+14	2.32547e+17	13172.1	8.32481e+15	208.89 	271	3  	26.4843
195	914   	3.52088e+14	1.16297e+17	13172.1	6.35925e+15	212.373	283	2  	29.3588
196	912   	2.46394e+14	1.16268e+17	13166.1	4.67252e+15	214.451	278	2  	29.3802
197	920   	4.43231e+19	3.38456e+22	13166.1	1.11952e+21	214.676	289	2  	29.5844
198	909   	1.80359e+21	9.01813e+23	13165.9	4.02892e+22	212.541	287	2  	27.5926
199	915   	1.12815e+26	1.12815e+29	13165  	3.56573e+27	211.061	282	2  	27.9632
200	902   	8.44837e+14	6.62203e+17	13165  	2.13426e+16	209.925	279	2  	27.5028
201	921   	3.28586e+20	3.28586e+23	13162.1	1.03856e+22	210.351	273	2  	23.8631
202	915   	3.34298e+16	3.28587e+19	13165  	1.03857e+18	210.673	268	2  	25.6502
203	892   	3.23874e+14	1.29411e+17	13164.3	5.4041e+15 	212.332	262	2  	23.831 
204	919   	2.30816e+19	2.30812e+22	13155.4	7.29528e+20	214.35 	268	2  	26.0953
205	919   	5.08301e+16	4.94373e+19	13155.4	1.5628e+18 	217.281	270	2  	22.6023
206	885   	4.32303e+14	3.1562e+17 	13155.4	1.06277e+16	216.893	285	2  	27.5241
207	912   	1.81692e+14	1.16275e+17	13155.4	4.20414e+15	217.202	286	2  	25.7229
208	910   	2.4835e+14 	1.29419e+17	13155.4	5.49623e+15	217.747	278	2  	25.8308
209	914   	1.30103e+16	1.24783e+19	13155.4	3.94611e+17	217.896	284	2  	27.7704
210	913   	1.40244e+14	1.29419e+17	13155.4	4.10328e+15	215.665	272	2  	30.0888
211	895   	2.96495e+14	2.31111e+17	13155.1	7.58366e+15	216.484	271	4  	27.5098
212	925   	8.13702e+21	8.13702e+24	13153.3	2.57186e+23	219.373	368	2  	26.5585
213	887   	2.19561e+14	6.4713e+16 	13152.1	3.6034e+15 	219.208	288	2  	30.8087
214	915   	1.07391e+17	7.43003e+19	13140.5	2.56684e+18	220.57 	284	2  	26.9471
215	946   	8.07422e+15	7.89148e+18	13140.5	2.49455e+17	219.012	314	2  	27.4092
216	925   	1.04993e+21	1.04993e+24	13140.5	3.3185e+22 	217.303	299	4  	27.3792
217	904   	1.08492e+16	1.07836e+19	13140.5	3.40841e+17	218.346	301	4  	24.0737
218	881   	3.38469e+19	3.38466e+22	13140.5	1.06979e+21	218.538	268	2  	24.9953
219	894   	6.63215e+16	3.2706e+19 	13140.5	1.46131e+18	215.173	304	2  	28.7912
220	909   	8.45925e+15	8.318e+18  	13131.7	2.62929e+17	215.837	262	2  	25.9046
221	905   	3.01435e+16	2.9507e+19 	13104.8	9.32783e+17	212.057	275	2  	31.4538
222	908   	3.45999e+20	3.45974e+23	13104.8	1.09352e+22	210.796	284	2  	30.2896
223	897   	7.17676e+14	4.16996e+17	13104.8	1.43038e+16	209.535	287	2  	30.4633
224	934   	1.09736e+16	1.07905e+19	13104.8	3.41074e+17	208.409	289	2  	28.4964
225	926   	9.35077e+15	7.89075e+18	13104.8	2.52509e+17	208.75 	322	4  	31.7988
226	921   	3.3867e+19 	3.38455e+22	13076.1	1.06975e+21	210.748	341	2  	33.2442
227	905   	1.1678e+14 	1.16271e+17	13076.1	3.67496e+15	217.983	313	2  	31.8154
228	911   	1.04817e+19	1.04814e+22	13074  	3.31286e+20	224.133	308	2  	29.7989
229	897   	1.94972e+17	1.94565e+20	13074  	6.14961e+18	228.585	300	2  	32.8614
230	912   	1.59192e+14	8.41151e+16	13074  	3.35717e+15	232.758	309	2  	33.6702
231	914   	7.76122e+15	7.13223e+18	13074  	2.25698e+17	239.152	315	6  	31.7716
232	907   	1.85144e+14	1.16271e+17	13053.4	4.20448e+15	242.272	320	2  	35.751 
233	906   	3.46052e+20	3.4604e+23 	13025.6	1.09373e+22	239.945	302	2  	34.2735
234	924   	3.40301e+20	3.403e+23  	13025.6	1.07559e+22	234.859	312	2  	39.1525
235	897   	9.60889e+14	6.62203e+17	13022.9	2.16521e+16	231.446	308	2  	34.3814
236	926   	6.48697e+14	5.13117e+17	13022.9	1.66283e+16	229.763	304	2  	30.6176
237	891   	3.76032e+16	3.73684e+19	13022.9	1.18111e+18	230.09 	304	4  	26.716 
238	907   	3.49851e+14	2.32539e+17	12984.4	8.21411e+15	232.125	311	2  	35.7437
239	911   	1.2855e+16 	1.24757e+19	12984.4	3.94357e+17	240.218	331	2  	37.3175
240	904   	3.23047e+14	1.2944e+17 	12984.4	5.87305e+15	249.91 	335	2  	34.626 
241	922   	3.04853e+22	3.04853e+25	12984  	9.63549e+23	257.035	311	2  	34.7509
242	920   	2.43404e+14	2.3153e+17 	12962.4	7.32592e+15	260.644	328	2  	33.7291
243	902   	3.76238e+14	1.16348e+17	12928.4	6.3748e+15 	264.61 	319	2  	26.5301
244	910   	1.08133e+19	1.04839e+22	12928.4	3.31486e+20	263.896	365	2  	28.9987
245	927   	3.25214e+14	2.84127e+17	12928.4	9.04785e+15	263.217	377	2  	25.4359
246	898   	1.32799e+17	1.3173e+20 	12928.3	4.16362e+18	261.067	332	4  	29.9889
247	928   	1.79846e+19	1.61142e+22	12920  	5.12624e+20	261.432	320	4  	27.3922
248	892   	9.01788e+20	9.0178e+23 	12810.5	2.85025e+22	262.302	325	2  	32.0604
249	915   	7.46775e+16	7.43003e+19	12829.3	2.3484e+18 	263.542	304	2  	30.6144
250	921   	3.38627e+19	3.38455e+22	12828.9	1.06975e+21	266.791	317	2  	27.7202
251	921   	1.61199e+19	1.61142e+22	12828.9	5.0932e+20 	267.395	303	2  	33.0218
252	899   	8.63276e+15	7.89234e+18	12817.2	2.49631e+17	270.035	309	2  	26.7676
253	916   	2.5424e+14 	1.44304e+17	12817.2	5.17803e+15	269.783	338	2  	29.1652
254	884   	1.82989e+14	1.67072e+17	12789.8	5.28895e+15	267.944	328	2  	31.0943
255	921   	3.4604e+20 	3.4604e+23 	12789.8	1.09373e+22	267.062	327	2  	28.7486
256	928   	3.60794e+14	2.3258e+17 	12789  	8.22066e+15	267.651	333	2  	29.2549
257	915   	1.33584e+15	7.78474e+17	12789.8	2.66175e+16	266.366	326	2  	31.3672
258	908   	4.66644e+16	4.51313e+19	12788  	1.42673e+18	265.491	327	4  	24.0061
259	924   	4.22156e+14	1.68736e+17	12780.1	7.45058e+15	263.958	330	4  	25.9175
260	935   	3.28863e+16	3.2706e+19 	12780  	1.03374e+18	259.832	331	2  	29.2573
261	884   	2.25175e+19	2.22582e+22	12780  	7.03555e+20	259.668	328	3  	27.7824
262	918   	3.47186e+20	3.47185e+23	12707.2	1.09734e+22	259.313	319	2  	31.5639
263	910   	6.60613e+17	6.47408e+20	12707.2	2.0466e+19 	259.958	306	2  	27.326 
264	902   	9.22432e+20	9.0178e+23 	12759.7	2.85056e+22	259.935	365	9  	24.6742
265	925   	4.20129e+15	4.01092e+18	12697.7	1.26837e+17	258.837	307	2  	30.162 
266	921   	3.33722e+16	3.2706e+19 	12697.7	1.03376e+18	257.031	338	2  	32.2194
267	914   	4.41639e+14	1.8792e+17 	12697.4	7.42576e+15	257.791	315	2  	28.2263
268	901   	4.57348e+16	4.51918e+19	12693.8	1.42839e+18	257.918	303	2  	30.6575
269	909   	4.65566e+16	3.2706e+19 	12691.9	1.10632e+18	259.141	321	2  	34.3395
270	893   	4.51994e+16	4.51917e+19	12684.5	1.42837e+18	263.098	320	2  	28.6179
271	916   	3.46025e+14	1.53357e+17	12616.6	6.52589e+15	264.212	320	2  	28.5527
272	903   	1.17879e+15	4.16996e+17	12517.2	1.69787e+16	263.843	329	2  	29.7819
273	907   	3.8732e+14 	1.81421e+17	12517.2	6.87719e+15	263.865	328	2  	27.9183
274	921   	3.03239e+16	1.6982e+19 	12517.2	6.65998e+17	265.21 	330	2  	26.9788
275	910   	4.80136e+16	4.77337e+19	12517.2	1.50872e+18	265.297	334	2  	27.033 
276	914   	7.01222e+17	6.9957e+20 	12517  	2.21112e+19	265.81 	360	4  	26.8447
277	920   	7.95975e+16	4.11202e+19	12516.4	1.66978e+18	265.796	360	2  	30.6936
278	920   	2.92805e+14	2.87561e+17	12516.4	9.08936e+15	266.753	316	4  	32.7511
279	900   	1.52242e+14	1.16271e+17	12512  	3.72003e+15	267.027	336	2  	27.0117
280	916   	8.92309e+14	6.62203e+17	12505.5	2.15218e+16	264.969	358	3  	29.4896
281	900   	1.75258e+16	1.6982e+19 	12505.5	5.36822e+17	264.015	368	4  	27.5796
282	925   	1.58323e+15	8.60792e+17	12483.6	3.0554e+16 	262.01 	341	3  	29.2   
283	883   	1.87319e+20	1.53472e+23	12483.6	4.96631e+21	261.539	340	2  	29.3428
284	914   	7.85204e+14	6.62203e+17	12483.6	2.12469e+16	259.845	312	3  	28.571 
285	906   	9.01793e+20	9.0178e+23 	12486.2	2.85025e+22	258.374	320	2  	29.1218
286	910   	1.66511e+14	7.52825e+16	12484.3	3.36882e+15	257.886	325	4  	29.6075
287	912   	2.99556e+16	2.97334e+19	12447.7	9.39789e+17	258.836	326	2  	29.7371
288	912   	8.36882e+17	7.87955e+20	12406.2	2.49499e+19	258.978	342	2  	28.4937
289	915   	2.57554e+18	2.5666e+21 	12442.6	8.11226e+19	258.809	314	4  	27.6545
290	920   	8.98725e+16	8.35823e+19	12442.6	2.64799e+18	256.192	379	2  	38.8456
291	900   	1.04884e+19	1.0482e+22 	12379.4	3.31305e+20	260.89 	312	2  	26.9558
292	914   	2.4527e+14 	1.16271e+17	12379.4	4.72601e+15	261.198	323	2  	30.5478
293	910   	7.99914e+16	4.6936e+19 	12379.4	1.81075e+18	261.008	333	2  	33.7969
294	927   	5.84986e+16	5.82118e+19	12379.4	1.8399e+18 	261.582	320	2  	30.9838
295	927   	1.90047e+20	1.53492e+23	12376.8	4.98597e+21	263.284	360	4  	32.443 
296	925   	1.51197e+15	7.56882e+17	12376.4	3.18574e+16	261.914	337	2  	34.8963
297	914   	7.81197e+17	7.81149e+20	12376.4	2.46898e+19	262.002	344	2  	28.0533
298	928   	1.09872e+15	3.31425e+17	12376.4	1.7117e+16 	262.845	337	4  	29.6484
299	927   	1.58467e+17	5.82905e+19	12371.7	2.90434e+18	264.152	350	4  	29.7395
300	921   	5.95273e+16	5.81421e+19	12371.7	1.83789e+18	263.154	338	2  	33.8594
301	931   	1.2365e+18 	1.23643e+21	12362.5	3.90799e+19	263.956	519	3  	31.3394
302	910   	3.53798e+15	1.55918e+18	12323.8	5.70639e+16	264.656	337	5  	23.1235
303	922   	5.02639e+19	4.9116e+22 	12354.9	1.55275e+21	258.004	313	2  	37.0759
304	914   	3.65537e+19	3.6553e+22 	12354.9	1.15533e+21	259.038	304	2  	29.5806
305	899   	9.01815e+20	9.0178e+23 	12354.9	2.85025e+22	258.793	331	2  	31.7573
306	915   	1.00406e+18	1.00242e+21	12353.4	3.16833e+19	258.461	324	2  	29.5544
307	925   	1.67037e+17	5.89955e+19	12353.1	3.04332e+18	259.471	320	2  	29.9621
308	907   	5.93485e+16	5.89982e+19	12353.1	1.86477e+18	259.744	320	4  	30.8995
309	892   	7.74141e+17	6.9957e+20 	12351.6	2.21949e+19	260.506	316	2  	30.5212
310	884   	4.54935e+16	3.28972e+19	12351.6	1.11169e+18	261.257	325	4  	31.8587
311	903   	1.71175e+16	1.69835e+19	12350.7	5.36801e+17	261.615	340	2  	31.699 
312	906   	7.94372e+16	3.28972e+19	12350.7	1.49426e+18	262.505	365	2  	31.3101
313	887   	2.05742e+16	1.24821e+19	12345.4	4.67634e+17	264.378	338	3  	30.0495
314	923   	9.10382e+12	3.35762e+15	12320.7	1.64654e+14	265.923	319	2  	28.8156
315	895   	3.1011e+19 	3.10106e+22	12320.7	9.80151e+20	265.318	347	2  	33.1029
316	905   	1.40551e+16	1.24836e+19	12299  	3.95075e+17	265.995	455	2  	27.1119
317	912   	2.65493e+18	2.56672e+21	12299  	8.11463e+19	263.551	347	2  	37.9155
318	920   	5.49965e+16	3.28972e+19	12299  	1.23975e+18	266.781	327	2  	27.6817
319	914   	9.73164e+15	8.81623e+18	12299  	2.79507e+17	267.418	328	4  	31.1132
320	901   	4.10816e+19	4.02155e+22	12299  	1.27136e+21	268.547	351	2  	31.0508
321	897   	8.02123e+17	7.15763e+20	12243.3	2.27659e+19	269.219	334	2  	33.2115
322	904   	1.28343e+16	1.24821e+19	12229.9	3.94616e+17	272.399	361	4  	35.9597
323	913   	1.78779e+14	1.16232e+17	12229.9	3.99723e+15	278.546	361	2  	33.6451
324	913   	6.97906e+16	4.82525e+19	12229.9	1.66776e+18	281.508	364	2  	33.554 
325	938   	5.94788e+15	5.81796e+18	12229.8	1.83921e+17	281.981	336	4  	29.1086
326	916   	1.0025e+18 	1.00228e+21	12228.3	3.16792e+19	281.462	371	2  	30.3197
327	901   	1.53535e+20	1.53492e+23	12223.8	4.85143e+21	279.037	338	2  	31.5242
328	883   	1.105e+15  	9.3874e+17 	12223.8	2.98185e+16	279.144	343	4  	26.0174
329	923   	3.32095e+16	3.28999e+19	12211.2	1.03987e+18	279.661	346	5  	25.6026
330	914   	5.78863e+14	2.84125e+17	12211.2	1.02751e+16	281.067	336	2  	29.4958
331	899   	9.54875e+16	6.1282e+19 	12222.1	2.21453e+18	282.212	344	2  	28.2977
332	938   	1.47691e+16	1.42643e+19	12159.9	4.50996e+17	283.776	344	2  	27.68  
333	912   	2.07371e+22	2.06958e+25	12159.9	6.54133e+23	284.855	347	2  	29.9146
334	912   	1.53493e+20	1.53492e+23	12159.9	4.85143e+21	286.675	341	2  	30.6528
335	902   	2.90617e+14	1.50595e+17	12159.9	6.00348e+15	288.455	362	2  	28.9165
336	902   	3.61349e+17	3.60416e+20	12128.6	1.13917e+19	288.602	417	6  	27.8072
337	923   	8.51461e+14	2.84117e+17	12128.6	1.17403e+16	286.149	350	2  	35.7842
338	917   	1.00682e+18	1.00675e+21	12128.6	3.18203e+19	285.07 	347	2  	35.5628
339	906   	5.50276e+17	5.35509e+20	12128.6	1.69314e+19	286.748	334	3  	33.8233
340	898   	8.14596e+16	4.11192e+19	12119  	1.58178e+18	288.104	390	3  	29.7949
341	885   	1.87396e+20	1.53492e+23	12119  	4.96727e+21	288.861	338	2  	30.2017
342	902   	9.45061e+13	7.52883e+16	12118.2	2.42483e+15	290.153	341	2  	29.3569
343	914   	4.29121e+16	4.26764e+19	12117.6	1.34888e+18	293.316	374	2  	28.8398
344	910   	7.75125e+16	6.13469e+19	12117.6	2.00123e+18	293.821	348	2  	34.6172
345	908   	6.19612e+16	6.15339e+19	12116.3	1.94491e+18	299.727	371	2  	26.2901
346	943   	3.39771e+19	3.38859e+22	12116.1	1.07103e+21	296.33 	378	2  	39.3802
347	897   	7.44898e+16	6.15339e+19	12070  	1.98387e+18	299.044	363	2  	31.7494
348	926   	2.63549e+18	2.57385e+21	12065.4	8.13728e+19	299.579	370	2  	31.421 
349	897   	2.57457e+18	2.57384e+21	12065.4	8.13513e+19	296.292	347	2  	33.96  
350	890   	1.95217e+14	1.16271e+17	12065.4	4.20926e+15	296.608	381	2  	26.4508
351	917   	5.19614e+14	3.62875e+17	12055.8	1.18912e+16	295.537	345	2  	32.6895
352	925   	2.25366e+16	2.13978e+19	11991.9	6.77213e+17	295.838	357	3  	36.0339
353	908   	1.98742e+13	1.44038e+16	11991.9	4.6738e+14 	299.197	368	2  	27.9124
354	915   	6.41129e+14	3.48831e+17	12023.2	1.42823e+16	298.971	378	2  	33.4486
355	908   	4.66756e+19	4.50244e+22	12023.2	1.42397e+21	303.007	374	2  	24.6958
356	911   	3.73384e+14	1.29413e+17	12000.9	5.71152e+15	302.14 	374	2  	33.68  
357	915   	7.13202e+17	7.12549e+20	11958  	2.25215e+19	302.634	368	2  	30.9136
358	912   	5.65227e+17	5.34558e+20	11958  	1.69207e+19	303.499	370	2  	31.1785
359	921   	2.99371e+16	1.74517e+19	11958  	6.20795e+17	304.123	371	2  	31.7159
360	909   	1.08247e+18	1.08132e+21	11898.4	3.41772e+19	304.25 	416	3  	31.072 
361	894   	4.2944e+16 	4.26764e+19	11898.4	1.34887e+18	306.019	372	2  	31.8765
362	931   	9.01759e+20	9.01757e+23	11898.4	2.85018e+22	307.554	372	4  	32.9197
363	907   	2.49678e+19	2.49676e+22	11898.4	7.8915e+20 	308.97 	364	2  	32.0896
364	915   	1.07058e+17	4.26764e+19	11896.2	1.95261e+18	308.753	364	2  	32.6351
365	914   	6.32342e+23	6.32342e+26	11896.1	1.99864e+25	308.17 	387	2  	33.8656
366	899   	5.38158e+19	5.15717e+22	11896.2	1.63145e+21	308.844	380	2  	32.1021
367	900   	1.34675e+16	1.16339e+19	11896.2	3.70295e+17	307.608	376	4  	27.294 
368	892   	2.97828e+14	7.52883e+16	11862.9	4.45444e+15	304.73 	614	4  	35.1434
369	865   	3.56532e+20	3.46025e+23	11862.9	1.09415e+22	304.667	376	4  	28.2447
370	911   	1.69632e+16	1.57267e+19	11841.9	4.97366e+17	302.87 	376	2  	33.6675
371	904   	2.64229e+14	1.35994e+17	11841.6	5.10581e+15	304.112	618	2  	38.027 
372	893   	3.04059e+19	3.03897e+22	11841.6	9.60526e+20	305.1  	381	3  	36.6781
373	890   	2.62027e+16	1.69835e+19	11823.4	6.04633e+17	307.607	381	2  	34.6961
374	923   	1.36764e+17	7.43099e+19	11823.4	3.04791e+18	311.268	402	4  	28.3645
375	914   	1.60934e+16	1.55409e+19	11823.3	4.91292e+17	311.426	402	2  	31.2261
376	910   	3.18223e+14	2.31515e+17	11823.3	7.61022e+15	310.786	405	2  	37.7572
377	895   	1.25071e+15	9.42731e+17	11823.2	3.06952e+16	311.101	413	4  	43.1566
378	912   	4.46264e+19	4.36002e+22	11819.1	1.3784e+21 	315.973	470	2  	39.4101
379	920   	1.31247e+15	1.01667e+18	11801.9	3.24567e+16	322.402	405	2  	42.2157
380	905   	1.00698e+18	1.00682e+21	11818.3	3.18226e+19	329.773	416	2  	49.1603
381	920   	2.58916e+18	2.5875e+21 	11800  	8.17829e+19	342.817	421	2  	51.6301
382	903   	6.17256e+14	1.36715e+17	11770.8	8.13387e+15	356.376	426	12 	39.3704
383	917   	3.59674e+18	2.58842e+21	11770.8	8.77697e+19	362.742	426	10 	38.1023
384	892   	8.05242e+14	4.41408e+17	11769.1	1.67941e+16	365.955	426	8  	33.4231
385	931   	4.29356e+16	2.14223e+19	11707.6	9.57073e+17	367.423	442	2  	35.837 
386	903   	1.0452e+16 	1.03128e+19	11707.6	3.25967e+17	369.829	424	2  	30.316 
387	899   	1.01787e+14	9.51193e+16	11670.4	3.01258e+15	370.864	430	2  	33.657 
388	915   	4.38193e+14	3.52432e+17	11707.6	1.13401e+16	371.067	422	2  	34.1565
389	918   	2.98947e+14	2.88844e+17	11706.1	9.13314e+15	371.824	436	2  	28.4682
390	928   	7.90209e+20	7.88941e+23	11706.1	2.4936e+22 	370.306	427	2  	34.421 
391	935   	4.53603e+16	4.47165e+19	11680.6	1.4134e+18 	369.207	431	5  	33.0862
392	921   	2.54374e+16	1.90472e+19	11680.6	6.23319e+17	369.047	422	51 	31.0088
393	922   	1.33891e+18	1.33839e+21	11680.6	4.23025e+19	368.939	430	2  	27.0032
394	906   	7.08176e+17	6.89442e+20	11668.3	2.17976e+19	363.71 	425	2  	34.0907
395	898   	5.27901e+14	2.85402e+17	11668.3	1.00005e+16	362.325	467	2  	34.8423
396	906   	1.2357e+16 	1.22824e+19	11668.3	3.88212e+17	360.608	440	2  	31.2586
397	915   	1.16977e+15	3.50349e+17	11658.6	1.8487e+16 	359.458	422	2  	34.4436
398	911   	3.28444e+12	3.09209e+15	11658.6	9.77513e+13	361.215	421	52 	26.8204
399	887   	3.90818e+18	2.57736e+21	11658.6	9.16358e+19	359.863	629	2  	38.1788
400	894   	1.6026e+15 	1.21839e+18	11641.9	3.91945e+16	363.401	431	2  	27.0443
401	911   	3.94032e+17	2.51779e+20	11641.9	8.46534e+18	360.389	429	2  	35.3553
402	913   	9.74265e+15	4.99261e+18	11641.9	2.0579e+17 	358.533	628	6  	35.065 
403	931   	1.02401e+14	9.5117e+16 	11641.9	3.00914e+15	359.058	410	53 	25.1607
404	928   	7.35673e+17	7.3425e+20 	11641.9	2.32074e+19	356.786	426	4  	31.7561
405	894   	2.05043e+15	1.55575e+18	11588.9	5.02141e+16	358.403	429	17 	25.2843
406	902   	1.09235e+15	1.0167e+18 	11641.5	3.22208e+16	357.449	429	3  	34.383 
407	920   	6.69704e+16	4.47049e+19	11626.7	1.5193e+18 	357.966	430	2  	34.6613
408	899   	2.97842e+14	2.87999e+17	11608.9	9.10392e+15	359.201	430	2  	30.974 
409	893   	1.53641e+20	1.53629e+23	11608.9	4.85573e+21	361.193	443	2  	32.9627
410	910   	2.19199e+16	2.14223e+19	11608.9	6.7715e+17 	363.984	435	2  	27.6092
411	904   	1.30761e+15	5.70428e+17	11608.9	2.30766e+16	364.082	472	4  	31.5762
412	898   	4.3364e+14 	4.03432e+17	11608.9	1.27679e+16	365.34 	435	2  	35.6068
413	911   	1.93512e+16	1.89968e+19	11571  	6.00512e+17	367.456	654	2  	31.382 
414	903   	5.81101e+17	5.80779e+20	11571  	1.83566e+19	370.273	441	41 	25.9334
415	913   	1.86596e+16	1.83807e+19	11558.9	5.80969e+17	369.512	426	2  	34.402 
416	922   	4.86868e+16	4.85193e+19	11558.9	1.53355e+18	373.248	437	8  	27.0308
417	924   	6.82086e+13	6.49813e+16	11558.9	2.05489e+15	374.144	431	2  	30.6591
418	931   	1.39804e+16	8.46544e+18	11558.9	3.10671e+17	375.395	435	26 	32.1252
419	900   	2.537e+16  	2.46431e+19	11558.9	7.79086e+17	376.173	465	5  	33.8076
420	927   	2.15656e+16	2.14927e+19	11556.6	6.79321e+17	377.84 	465	2  	33.2172
421	914   	2.79247e+16	1.89968e+19	11556.6	6.57357e+17	377.029	470	3  	36.9066
422	919   	1.94245e+16	1.90196e+19	11518.6	6.01192e+17	380.721	451	53 	25.5629
423	906   	1.2563e+17 	1.06475e+20	11518.9	3.41821e+18	379.183	466	2  	34.6077
424	936   	1.10078e+19	1.10076e+22	11517.5	3.47917e+20	381.804	461	7  	25.5709
425	908   	1.96044e+16	1.90032e+19	11517.5	6.00888e+17	380.617	467	2  	31.4996
426	918   	3.61551e+16	3.54803e+19	11517.5	1.12149e+18	379.337	487	2  	31.6315
427	899   	2.01548e+20	2.01548e+23	11495.7	6.37032e+21	381.017	465	2  	26.9736
428	923   	1.26345e+17	1.06442e+20	11516.2	3.41693e+18	380.103	447	2  	28.6016
429	912   	3.80597e+14	2.85323e+17	11513.4	9.50305e+15	379.348	429	5  	29.8183
430	910   	1.34894e+18	1.32983e+21	11513.4	4.20357e+19	376.954	450	2  	36.1608
431	894   	3.47015e+20	3.46965e+23	11513.4	1.09665e+22	375.195	452	4  	39.384 
432	893   	6.73174e+17	6.73052e+20	11492.5	2.12731e+19	376.046	433	2  	33.5378
433	913   	2.58439e+16	2.47839e+19	11491.2	7.83522e+17	375.541	441	2  	32.283 
434	902   	4.45263e+14	2.38573e+17	11491.2	8.90444e+15	377.339	441	50 	27.3173
435	892   	1.81948e+12	8.73853e+14	11480.9	3.13935e+13	378.448	450	11 	29.6071
436	931   	1.85917e+16	8.82611e+18	11480.9	3.46862e+17	381.264	464	50 	28.1664
437	906   	5.8232e+16 	4.14364e+19	11483.4	1.40121e+18	380.488	452	2  	37.6331
438	881   	5.34535e+19	5.34535e+22	11475.3	1.6895e+21 	385.614	453	2  	34.8845
439	920   	9.19184e+15	4.99261e+18	11457.9	2.05633e+17	388.964	458	65 	29.9574
440	923   	2.26025e+18	2.20256e+21	11457.9	6.96266e+19	390.336	453	2  	33.9511
441	904   	2.24834e+15	2.2409e+18 	11457.9	7.08278e+16	391.831	459	2  	32.2327
442	916   	1.6109e+14 	9.51218e+16	11457.9	3.63971e+15	390.979	450	2  	37.0118
443	903   	1.26268e+17	7.6825e+19 	11457.9	2.88591e+18	393.452	445	54 	27.2621
444	932   	2.22274e+16	2.14933e+19	11454.8	6.79565e+17	394.22 	461	2  	31.8267
445	889   	7.09044e+14	4.04977e+17	11454.8	1.36642e+16	393.538	484	6  	31.7932
446	920   	6.91088e+15	3.13797e+18	11454.8	1.32003e+17	393.593	513	2  	34.6871
447	878   	4.01234e+14	2.85375e+17	11453.5	9.51317e+15	394.148	467	2  	34.1019
448	928   	3.28986e+14	9.52722e+16	11453.4	5.17615e+15	393.435	464	13 	37.5234
449	915   	7.88959e+20	7.8895e+23 	11453.4	2.49363e+22	394.46 	473	2  	38.7761
450	922   	1.56706e+14	7.54227e+16	11441.3	3.37265e+15	393.669	479	50 	34.0751
451	912   	8.65662e+17	8.64705e+20	11434.4	2.73307e+19	392.102	479	2  	35.1803
452	905   	1.57749e+16	1.57481e+19	11434.4	4.97749e+17	389.696	477	2  	39.4204
453	934   	2.81607e+16	1.90031e+19	11434.4	6.57781e+17	388.378	460	2  	38.5987
454	913   	2.58866e+18	2.58754e+21	11433.8	8.17844e+19	391.082	468	2  	32.5917
455	902   	2.15228e+16	2.14933e+19	11339  	6.79338e+17	390.603	459	2  	38.9466
456	925   	1.46598e+14	1.29977e+17	11339  	4.13739e+15	391.422	477	2  	36.1181
457	907   	4.15932e+14	3.50563e+17	11339  	1.12669e+16	391.715	467	2  	33.3942
458	908   	3.69896e+20	3.69896e+23	11339  	1.16913e+22	391.342	480	2  	39.0991
459	920   	2.36165e+16	2.34023e+19	11315.9	7.39695e+17	390.935	476	2  	39.0055
460	896   	4.05452e+19	4.05449e+22	11315.9	1.2815e+21 	391.129	500	4  	36.4241
461	922   	1.68042e+14	9.55348e+16	11315.9	3.65669e+15	389.164	477	2  	37.1477
462	913   	1.05222e+19	1.05212e+22	11256.8	3.32542e+20	389.163	458	2  	31.3834
463	909   	6.05926e+11	2.26307e+14	11256.8	9.41294e+12	387.581	480	47 	32.5336
464	933   	7.93445e+15	7.92519e+18	11238.5	2.50491e+17	386.722	457	48 	31.6111
465	922   	9.99073e+13	9.52863e+16	11246.1	3.01343e+15	387.281	465	7  	30.3206
466	899   	1.16683e+22	1.16683e+25	11246.1	3.68801e+23	385.646	452	2  	31.0507
467	900   	4.75651e+19	4.75645e+22	11238.5	1.50337e+21	385.908	452	2  	31.077 
468	937   	2.29455e+16	2.1534e+19 	11229.3	6.81017e+17	384.929	465	2  	36.1071
469	918   	7.71727e+14	5.71909e+17	11229.3	1.85697e+16	386.824	469	2  	29.7656
470	905   	1.09931e+19	1.09928e+22	11195.6	3.47448e+20	389.587	471	2  	22.8138
471	911   	3.63791e+16	3.57242e+19	11195.6	1.12926e+18	389.39 	471	2  	36.548 
472	918   	3.51649e+15	3.41879e+18	11195.6	1.08096e+17	392.079	474	4  	28.3083
473	926   	6.48712e+17	6.09487e+20	11175.3	1.92822e+19	393.206	471	2  	30.9688
474	916   	2.76503e+14	1.29441e+17	11175.3	5.16563e+15	393.475	479	3  	38.7948
475	907   	2.98752e+16	2.4643e+19 	11175.3	7.94525e+17	398.118	503	38 	29.9879
476	902   	7.14364e+19	7.13814e+22	11175.3	2.25615e+21	400.073	501	2  	42.1631
477	901   	3.85633e+20	3.84329e+23	11154.9	1.21475e+22	406.355	527	12 	40.0864
478	918   	7.53974e+14	6.69911e+17	11154.9	2.12754e+16	414.045	527	41 	41.3922
479	904   	3.8414e+18 	3.79839e+21	11151  	1.20061e+20	424.92 	522	2  	46.7232
480	910   	4.40681e+14	3.52903e+17	11150.3	1.13594e+16	436.43 	522	2  	47.6923
481	891   	4.34166e+16	4.1809e+19 	11141.3	1.32169e+18	445.014	522	2  	44.3909
482	928   	1.06353e+14	9.60592e+16	11141.3	3.04533e+15	452.493	506	2  	36.3409
483	899   	1.3866e+14 	7.53438e+16	11137.9	2.99727e+15	457.647	525	113	29.3013
484	907   	5.77342e+14	5.77025e+17	11134.5	1.8238e+16 	458.644	517	2  	39.9407
485	910   	6.60361e+12	3.11044e+15	11124.1	1.39017e+14	458.522	532	2  	45.2719
486	919   	4.19167e+16	4.1805e+19 	11124.1	1.32133e+18	460.489	523	2  	33.0926
487	906   	6.26881e+16	6.2683e+19 	11116.2	1.98122e+18	456.778	534	2  	46.9507
488	935   	2.22845e+16	2.1424e+19 	11116.2	6.77405e+17	459.428	521	3  	35.2867
489	934   	1.19364e+11	6.13722e+13	11116.2	2.07671e+12	459.026	529	2  	36.2999
490	922   	1.21007e+19	1.2079e+22 	11116.2	3.81779e+20	459.26 	536	2  	36.0195
491	911   	2.7469e+18 	2.68368e+21	11116.2	8.48339e+19	461.805	529	7  	29.7191
492	926   	2.68594e+18	2.68571e+21	11112.4	8.48872e+19	462.899	531	2  	32.3566
493	931   	1.375e+17  	1.37102e+20	11108.7	4.33336e+18	463.518	534	108	28.3043
494	913   	2.0133e+16 	1.9467e+19 	11097.6	6.15446e+17	461.819	528	12 	32.7232
495	940   	2.04319e+17	1.28736e+20	11106.6	4.70023e+18	461.366	536	3  	34.9637
496	903   	7.40076e+13	6.49844e+16	11043.3	2.05796e+15	461.348	538	5  	30.1981
497	926   	5.63508e+16	4.1805e+19 	11043.3	1.39602e+18	460.51 	640	2  	36.7208
498	901   	8.85149e+14	4.08957e+17	11043.3	1.75503e+16	460.497	536	11 	33.5707
499	909   	2.03817e+20	2.03817e+23	11043.2	6.44202e+21	459.576	542	8  	31.3751
500	902   	6.63968e+13	6.62118e+16	11043.2	2.09275e+15	457.815	529	3  	30.8031