   	      	                      fitness                       	              size             
   	      	----------------------------------------------------	-------------------------------
gen	nevals	avg         	max         	min    	std         	avg    	max	min	std    
0  	1000  	8.05767e+93 	8.05767e+96 	54834.4	2.54679e+95 	12.088 	81 	3  	12.6986
1  	905   	1.37979e+25 	1.37978e+28 	54822.5	4.36107e+26 	10.303 	73 	2  	10.0134
2  	912   	2.5368e+36  	2.5368e+39  	52041.5	8.01805e+37 	11.696 	67 	2  	10.1375
3  	928   	6.43821e+29 	5.53402e+32 	52040.4	1.77205e+31 	13.802 	71 	2  	10.9902
4  	907   	1.30122e+21 	1.30032e+24 	33310.4	4.1099e+22  	16.462 	71 	2  	11.3557
5  	915   	5.91519e+26 	3.26754e+29 	33298.8	1.3286e+28  	20.906 	71 	2  	13.5769
6  	895   	4.8198e+27  	4.8198e+30  	33310.4	1.52339e+29 	27.246 	84 	2  	15.2667
7  	894   	8.20577e+25 	8.20576e+28 	25891.3	2.59359e+27 	31.246 	96 	2  	16.5404
8  	892   	2.99688e+25 	2.8547e+28  	25811  	9.03356e+26 	32.679 	108	3  	17.5227
9  	897   	4.7621e+19  	1.64843e+22 	21602.5	8.16803e+20 	31.097 	87 	2  	17.0951
10 	910   	3.73459e+28 	3.73459e+31 	18059.2	1.18039e+30 	29.423 	80 	3  	16.3447
11 	881   	9.2649e+25  	9.2649e+28  	17024.5	2.92835e+27 	31.37  	90 	2  	17.1648
12 	935   	3.73487e+23 	3.73329e+26 	17016.3	1.17998e+25 	33.494 	110	3  	17.1729
13 	894   	1.68816e+31 	1.68816e+34 	16972.6	5.33576e+32 	36.39  	104	3  	15.7747
14 	911   	2.6103e+28  	2.61016e+31 	16972.6	8.24992e+29 	37.967 	99 	3  	16.5584
15 	892   	2.58678e+24 	1.43118e+27 	16526.4	5.81118e+25 	37.928 	95 	3  	16.9502
16 	899   	3.68823e+25 	1.84436e+28 	16494.1	8.16416e+26 	36.41  	101	3  	17.5498
17 	911   	2.31076e+25 	1.7222e+28  	16397.7	5.75068e+26 	36.615 	95 	3  	17.8561
18 	929   	3.77133e+31 	3.76419e+34 	16397.7	1.18975e+33 	40.115 	104	3  	19.1001
19 	902   	1.81804e+25 	1.8177e+28  	16397.7	5.7452e+26  	43.174 	102	3  	18.4481
20 	906   	1.986e+43   	1.986e+46   	16355.7	6.27715e+44 	44.464 	116	3  	17.8936
21 	909   	2.35225e+31 	2.35224e+34 	16142.9	7.43472e+32 	46.904 	104	3  	17.6039
22 	907   	4.4353e+25  	1.8177e+28  	16062.6	7.71823e+26 	50.364 	112	3  	18.4602
23 	901   	1.23499e+33 	1.23499e+36 	16053  	3.90344e+34 	54.451 	126	3  	19.2443
24 	902   	1.82298e+25 	1.8177e+28  	14709.1	5.74521e+26 	56.229 	122	3  	18.2084
25 	909   	2.62007e+39 	2.62007e+42 	14709.1	8.28126e+40 	56.147 	130	3  	19.8023
26 	900   	7.16396e+37 	7.16396e+40 	14709.1	2.26431e+39 	57.42  	126	3  	20.4566
27 	920   	1.44797e+25 	1.37806e+28 	14675  	4.35815e+26 	56.954 	128	3  	21.553 
28 	916   	1.44169e+28 	1.43929e+31 	14675  	4.54915e+29 	54.522 	134	3  	21.701 
29 	928   	9.6733e+28  	9.67328e+31 	14672  	3.05743e+30 	52.839 	133	3  	20.0433
30 	918   	3.47383e+23 	3.10494e+26 	14649.8	9.84858e+24 	53.275 	146	3  	20.0595
31 	918   	2.40042e+32 	2.40042e+35 	14649.8	7.587e+33   	55.806 	133	3  	20.1176
32 	938   	3.81661e+34 	3.50063e+37 	14504.1	1.11084e+36 	56.622 	133	3  	19.6875
33 	928   	1.86003e+34 	1.86003e+37 	14484.4	5.879e+35   	56.472 	138	3  	20.8109
34 	875   	1.97068e+35 	1.80763e+38 	14484.4	5.73604e+36 	58.355 	121	3  	20.0963
35 	894   	2.82461e+37 	2.72784e+40 	14483.5	8.6268e+38  	58.822 	130	3  	20.0405
36 	930   	7.34696e+40 	7.29635e+43 	14383.1	2.30619e+42 	59.473 	137	3  	20.9112
37 	918   	7.97906e+40 	7.9736e+43  	14383.1	2.52021e+42 	60.169 	144	3  	22.089 
38 	914   	9.98277e+30 	5.11269e+33 	14276.4	2.03069e+32 	61.48  	151	3  	22.2265
39 	901   	1.30363e+30 	1.3036e+33  	14276.4	4.1203e+31  	60.743 	140	3  	20.6135
40 	895   	1.15899e+35 	1.15898e+38 	14276.4	3.66319e+36 	59.095 	152	3  	20.8892
41 	902   	3.79968e+38 	3.79968e+41 	14276.4	1.20096e+40 	56.91  	121	3  	19.4533
42 	930   	1.30164e+44 	1.30164e+47 	13958.1	4.11409e+45 	57.064 	124	3  	20.208 
43 	914   	3.64558e+49 	3.64558e+52 	13958.1	1.15226e+51 	59.807 	121	3  	20.2489
44 	882   	3.68707e+47 	3.68707e+50 	13887.4	1.16537e+49 	61.436 	123	3  	20.4471
45 	894   	8.00249e+42 	8.00249e+45 	13332.3	2.52934e+44 	62.479 	132	3  	20.9739
46 	930   	7.1646e+29  	7.1084e+32  	13332.3	2.2468e+31  	60.837 	124	3  	20.0364
47 	906   	4.85422e+41 	4.82979e+44 	13332.3	1.52656e+43 	58.829 	130	3  	19.9588
48 	917   	2.84461e+49 	2.84461e+52 	13332.3	8.99094e+50 	57.249 	120	3  	19.6669
49 	906   	1.59432e+46 	1.59432e+49 	13332.3	5.03917e+47 	59.22  	155	3  	20.7225
50 	897   	1.94047e+40 	1.94047e+43 	13332.3	6.13324e+41 	61.452 	162	3  	22.4371
51 	910   	1.81439e+31 	1.81361e+34 	13332.3	5.73226e+32 	66.033 	177	3  	23.5773
52 	910   	1.09232e+41 	1.08704e+44 	13138.5	3.43584e+42 	68.824 	166	3  	25.1623
53 	922   	2.06218e+42 	2.06217e+45 	13138.5	6.51791e+43 	69.079 	162	3  	23.9088
54 	939   	2.34912e+40 	2.34912e+43 	13138.5	7.42485e+41 	67.625 	160	3  	23.0883
55 	899   	2.41221e+25 	1.52345e+28 	13250.9	5.52834e+26 	69.123 	165	6  	22.9476
56 	887   	1.65509e+26 	1.46631e+29 	12844.5	4.65348e+27 	69.735 	171	3  	22.855 
57 	911   	5.61295e+33 	5.61295e+36 	12844.5	1.77408e+35 	69.846 	176	6  	24.3402
58 	911   	3.50564e+37 	3.50564e+40 	12370.9	1.10803e+39 	71.497 	184	6  	25.7245
59 	912   	3.25308e+27 	2.72396e+30 	12370.9	8.7036e+28  	77.398 	186	4  	27.8704
60 	890   	2.72771e+27 	2.72393e+30 	12327.9	8.60951e+28 	83.504 	180	4  	30.0859
61 	887   	4.93811e+37 	4.93811e+40 	12262  	1.56079e+39 	92.253 	183	4  	29.4596
62 	913   	4.05902e+37 	4.05902e+40 	12262  	1.28293e+39 	102.68 	169	4  	26.0577
63 	914   	5.87609e+26 	5.48974e+29 	12103.4	1.73649e+28 	107.571	213	4  	24.5278
64 	897   	1.89118e+36 	9.87941e+38 	12103.4	4.22882e+37 	111.296	183	4  	21.5233
65 	911   	1.48319e+33 	1.2728e+36  	12064  	4.07686e+34 	112.41 	173	4  	22.673 
66 	921   	1.21587e+44 	1.21587e+47 	12064  	3.84299e+45 	114.256	193	4  	23.8974
67 	918   	5.95069e+26 	5.51e+29    	11874.8	1.74316e+28 	116.086	201	4  	25.3611
68 	905   	1.58463e+61 	1.58463e+64 	11874.8	5.00854e+62 	118.437	203	4  	25.7084
69 	880   	3.60635e+27 	3.54941e+30 	11874.8	1.12195e+29 	120.187	204	4  	27.4556
70 	908   	2.31982e+48 	2.31982e+51 	11874.8	7.33223e+49 	123.282	217	4  	27.6597
71 	886   	9.45477e+61 	9.45477e+64 	11874.8	2.98837e+63 	123.958	223	6  	29.5836
72 	891   	7.46718e+60 	7.46718e+63 	11874.8	2.36015e+62 	123.722	221	4  	32.0597
73 	916   	9.80065e+54 	9.80065e+57 	11873.9	3.09769e+56 	125.665	229	4  	29.0737
74 	927   	2.55872e+35 	2.5587e+38  	11873.7	8.08727e+36 	129.772	221	4  	31.5682
75 	907   	3.60197e+45 	3.60197e+48 	11866.7	1.13847e+47 	135.871	258	4  	32.1296
76 	909   	7.08467e+41 	7.08467e+44 	11866.7	2.23925e+43 	139.59 	255	4  	30.0251
77 	930   	2.27854e+37 	2.27378e+40 	11866.7	7.18673e+38 	140.054	257	4  	32.6452
78 	900   	2.5587e+35  	2.5587e+38  	11864.7	8.08727e+36 	146.443	259	4  	30.1586
79 	895   	2.60172e+45 	2.60171e+48 	11866.7	8.22323e+46 	148.104	243	6  	29.5325
80 	884   	5.67881e+60 	5.67881e+63 	11817.3	1.7949e+62  	149.829	266	4  	29.4158
81 	894   	1.24798e+45 	1.24798e+48 	11817.3	3.94448e+46 	148.928	266	11 	32.5455
82 	926   	1.63752e+36 	1.63752e+39 	11811.5	5.17571e+37 	147.801	249	3  	30.8281
83 	909   	1.26698e+47 	1.26023e+50 	11811.5	3.98323e+48 	145.48 	250	3  	33.9209
84 	914   	7.08467e+41 	7.08467e+44 	11783.2	2.23925e+43 	145.531	287	10 	30.3173
85 	928   	4.4339e+38  	4.43255e+41 	11777.5	1.40099e+40 	145.216	235	3  	29.9893
86 	888   	1.56651e+51 	1.56651e+54 	11777.5	4.95126e+52 	145.743	241	7  	29.5641
87 	926   	2.25382e+53 	2.25382e+56 	11769.8	7.12363e+54 	144.721	262	7  	31.6316
88 	896   	1.1663e+45  	1.1663e+48  	11769.8	3.68633e+46 	144.797	231	3  	30.5827
89 	912   	7.99423e+55 	7.99423e+58 	11769.8	2.52673e+57 	146.753	227	3  	31.3971
90 	916   	3.60268e+45 	3.60197e+48 	11769.8	1.13847e+47 	150.355	253	9  	28.5481
91 	881   	3.60197e+45 	3.60197e+48 	11752.8	1.13847e+47 	150.906	296	3  	30.2833
92 	911   	3.37279e+39 	3.29236e+42 	11750.2	1.0409e+41  	150.383	312	7  	33.4142
93 	919   	3.40849e+43 	3.37367e+46 	11752.2	1.06634e+45 	151.303	333	5  	37.2418
94 	889   	7.35366e+37 	7.31062e+40 	11752.2	2.31069e+39 	150.119	307	5  	40.907 
95 	924   	2.03535e+55 	2.03535e+58 	11749.1	6.43313e+56 	155.809	330	3  	45.9006
96 	912   	8.24549e+37 	6.80833e+40 	11749.1	2.16681e+39 	159.366	323	3  	52.5439
97 	902   	4.52162e+69 	4.52162e+72 	11731.1	1.42915e+71 	160.944	322	3  	55.051 
98 	907   	2.26508e+45 	2.26508e+48 	11731.1	7.15924e+46 	166.366	325	9  	58.4261
99 	907   	5.4077e+40  	4.58728e+43 	11714.2	1.46226e+42 	169.871	358	7  	60.5755
100	925   	5.45345e+35 	5.3882e+38  	11675.9	1.70315e+37 	173.385	323	3  	62.3702
101	916   	2.13107e+41 	2.13095e+44 	11675.9	6.73529e+42 	184.223	375	3  	64.0166
102	899   	3.22998e+42 	3.22998e+45 	11675.5	1.0209e+44  	199.904	324	7  	62.9904
103	916   	6.00914e+38 	5.78176e+41 	11671.9	1.82878e+40 	218.872	371	3  	62.1696
104	918   	1.55747e+36 	1.55586e+39 	11671.7	4.9176e+37  	232.174	368	10 	62.1968
105	923   	4.4182e+46  	4.4182e+49  	11629.5	1.39646e+48 	234.848	357	14 	61.5297
106	894   	7.3185e+36  	6.02812e+39 	11629.5	1.94807e+38 	236.198	417	11 	59.1747
107	908   	6.05435e+38 	5.79149e+41 	11628.3	1.83167e+40 	236.951	349	7  	58.7902
108	900   	7.08514e+41 	7.08467e+44 	11628.3	2.23925e+43 	239.84 	382	9  	59.6456
109	892   	5.66848e+53 	5.66848e+56 	11628.3	1.79163e+55 	249.589	334	15 	55.689 
110	908   	4.55719e+35 	4.53285e+38 	11597.4	1.4327e+37  	257.304	382	23 	50.2998
111	921   	9.75148e+27 	8.75117e+30 	11597.4	2.77729e+29 	256.784	339	31 	48.2041
112	925   	7.17869e+41 	7.08467e+44 	11593  	2.23932e+43 	245.237	385	15 	49.2443
113	908   	3.01448e+65 	3.01448e+68 	11593  	9.52785e+66 	231.519	349	35 	49.1185
114	909   	1.13197e+41 	1.11632e+44 	11591.7	3.52865e+42 	220.699	344	11 	47.0715
115	918   	1.27876e+40 	5.35554e+42 	11591.7	2.36883e+41 	212.74 	332	10 	42.4144
116	893   	4.73628e+42 	4.01199e+45 	11573.7	1.2878e+44  	208.481	369	10 	44.8402
117	900   	1.19605e+47 	1.19605e+50 	11557.8	3.78035e+48 	209.458	334	8  	46.8267
118	891   	2.28594e+39 	2.28594e+42 	11544.5	7.22515e+40 	212.359	325	17 	44.0084
119	930   	4.3219e+39  	3.75641e+42 	11544.5	1.20049e+41 	214.697	444	14 	46.1144
120	912   	1.68575e+36 	1.41573e+39 	11544.5	4.55186e+37 	214.264	346	14 	46.285 
121	888   	3.60197e+45 	3.60197e+48 	11544.5	1.13847e+47 	222.686	333	13 	48.4338
122	918   	7.07224e+37 	6.80833e+40 	11543.9	2.15248e+39 	225.805	364	11 	49.8255
123	917   	1.55586e+36 	1.55586e+39 	11503.7	4.9176e+37  	236.212	357	34 	51.4228
124	925   	1.68284e+36 	1.5477e+39  	11498.4	4.90999e+37 	251.678	347	38 	49.7247
125	919   	1.04498e+41 	1.04495e+44 	11498.4	3.30278e+42 	264.775	342	13 	42.7349
126	929   	3.60197e+45 	3.60197e+48 	11498.4	1.13847e+47 	271.35 	348	11 	35.6366
127	923   	4.01434e+39 	4.01434e+42 	11424.3	1.26881e+41 	273.843	359	19 	31.8713
128	918   	1.68283e+36 	1.5477e+39  	11424.3	4.90999e+37 	273.385	406	42 	32.7463
129	896   	9.85487e+39 	5.84022e+42 	11424.3	2.23888e+41 	276.229	411	84 	29.3624
130	920   	9.8304e+39  	5.71705e+42 	11424.3	2.2071e+41  	276.783	371	9  	32.2321
131	930   	7.46441e+41 	7.44811e+44 	11418.6	2.35412e+43 	276.221	359	106	31.8669
132	915   	5.66848e+53 	5.66848e+56 	11382.2	1.79163e+55 	279.172	364	129	26.4453
133	914   	4.26561e+38 	3.8072e+41  	11382.2	1.21152e+40 	276.042	361	102	29.0247
134	924   	1.42344e+27 	1.41307e+30 	11377.9	4.46631e+28 	275.603	352	117	26.5627
135	913   	3.78786e+41 	3.78402e+44 	11377.9	1.19601e+43 	275.101	348	95 	29.0194
136	906   	1.04497e+41 	1.04495e+44 	11377.9	3.30278e+42 	277.083	349	115	27.7923
137	924   	4.97729e+41 	4.97727e+44 	11258  	1.57317e+43 	275.184	346	83 	30.5147
138	911   	7.44879e+41 	7.44811e+44 	11258  	2.35412e+43 	276.248	361	99 	31.3371
139	926   	8.09553e+44 	8.09553e+47 	11258  	2.55875e+46 	278.297	420	97 	34.4228
140	903   	1.88273e+42 	1.88273e+45 	11258  	5.95074e+43 	280.957	383	107	33.0339
141	915   	6.85802e+37 	6.80833e+40 	11258  	2.15192e+39 	281.148	361	90 	35.8483
142	927   	4.96273e+45 	3.60197e+48 	11258  	1.21657e+47 	280.904	362	83 	37.1946
143	916   	1.19605e+47 	1.19605e+50 	11257.4	3.78035e+48 	281.347	371	86 	35.6124
144	922   	3.69633e+55 	3.69633e+58 	11202.1	1.1683e+57  	279.252	367	117	33.9425
145	919   	1.07955e+43 	1.07955e+46 	11202.1	3.41212e+44 	278.665	403	112	30.4343
146	901   	2.59726e+45 	2.58925e+48 	11202.1	8.18384e+46 	274.526	381	110	28.8828
147	913   	4.97109e+37 	4.97109e+40 	11243.5	1.57121e+39 	272.144	381	101	28.7624
148	918   	2.13535e+45 	2.13535e+48 	11200  	6.74918e+46 	274.255	356	78 	25.0386
149	900   	2.30531e+37 	2.27378e+40 	11180.5	7.18716e+38 	272.905	356	104	32.1405
150	932   	1.32221e+40 	1.24658e+43 	11200  	3.94624e+41 	275.441	427	105	26.2626
151	902   	3.80842e+38 	3.80798e+41 	11196.8	1.20359e+40 	274.48 	347	95 	29.3034
152	905   	7.59292e+28 	7.54145e+31 	11196.8	2.38366e+30 	275.182	374	91 	28.1903
153	907   	3.6308e+46  	3.62972e+49 	11196.8	1.14724e+48 	275.329	360	78 	29.887 
154	919   	9.02963e+85 	9.02963e+88 	11196.8	2.85399e+87 	275.666	343	104	27.1573
155	905   	1.86294e+41 	1.85358e+44 	11158.2	5.85863e+42 	274.322	351	8  	31.2544
156	937   	8.00284e+38 	7.81299e+41 	11158.2	2.47001e+40 	275.205	401	91 	28.4505
157	900   	2.60784e+37 	1.5823e+40  	11160.4	5.61543e+38 	271.567	428	86 	33.1279
158	898   	4.24323e+64 	2.86379e+67 	11158.2	1.0043e+66  	270.455	368	90 	28.9715
159	937   	1.44677e+41 	8.40136e+43 	11158.2	3.19364e+42 	265.921	384	86 	32.8613
160	905   	4.39446e+33 	3.85459e+36 	11158.2	1.23004e+35 	266.235	377	69 	32.6272
161	895   	4.16183e+60 	4.16183e+63 	11158.2	1.31543e+62 	264.621	378	79 	34.5797
162	912   	1.55106e+79 	1.55106e+82 	11154.7	4.90242e+80 	267.561	365	87 	31.4589
163	914   	1.17544e+71 	1.17544e+74 	11150  	3.71522e+72 	270.017	356	83 	32.2884
164	918   	2.08825e+79 	2.08825e+82 	11150  	6.60033e+80 	273.739	351	7  	34.4765
165	901   	9.27284e+63 	9.27284e+66 	11092.2	2.93086e+65 	280.154	398	76 	31.3049
166	906   	1.04512e+41 	1.04495e+44 	11092.2	3.30278e+42 	285.618	398	123	28.2152
167	886   	7.60488e+48 	7.60488e+51 	11092.2	2.40367e+50 	286.462	398	117	30.7542
168	900   	2.86379e+64 	2.86379e+67 	11092.2	9.05157e+65 	289.263	500	110	33.2306
169	902   	1.6433e+42  	1.64327e+45 	11092.2	5.19389e+43 	292.065	407	111	35.9324
170	905   	9.51013e+79 	9.51013e+82 	11022  	3.00586e+81 	294.485	419	122	40.4778
171	917   	2.43945e+42 	2.37925e+45 	11022  	7.52202e+43 	301.463	422	102	51.0506
172	922   	9.27284e+63 	9.27284e+66 	11022  	2.93086e+65 	318.135	464	126	59.2226
173	904   	9.35006e+61 	9.35006e+64 	11022  	2.95527e+63 	339.819	465	125	63.1119
174	902   	3.60197e+45 	3.60197e+48 	11022  	1.13847e+47 	362.575	544	121	54.746 
175	897   	1.82596e+41 	1.8247e+44  	11020.7	5.76733e+42 	373.37 	457	107	44.0739
176	911   	4.92392e+81 	4.92392e+84 	11020.4	1.5563e+83  	376.492	496	156	38.9935
177	889   	2.63567e+37 	2.54274e+40 	11020.4	8.0419e+38  	376.459	465	156	38.5466
178	937   	2.53202e+38 	2.47045e+41 	11020.4	7.80993e+39 	370.728	433	167	43.5074
179	921   	1.1919e+46  	1.1919e+49  	11020.4	3.76723e+47 	362.572	444	141	47.9833
180	921   	5.36662e+66 	5.33468e+69 	10911.8	1.68614e+68 	350.7  	443	146	50.5779
181	893   	3.89775e+120	3.89775e+123	10911.8	1.23196e+122	334.015	450	146	48.5625
182	913   	7.81069e+63 	7.81069e+66 	10911.8	2.46872e+65 	318.67 	438	86 	43.4114
183	921   	1.73491e+78 	1.73491e+81 	10911.8	5.48353e+79 	306.071	416	92 	40.5248
184	916   	1.81802e+73 	1.81802e+76 	10911.8	5.74622e+74 	302.638	424	90 	35.6653
185	911   	4.93848e+76 	4.93848e+79 	10906.1	1.5609e+78  	303.015	481	122	34.0146
186	902   	2.41249e+64 	2.41223e+67 	10906.1	7.62431e+65 	301.158	423	77 	37.5991
187	890   	1.09306e+67 	1.09213e+70 	10906.1	3.45188e+68 	301.869	435	77 	36.029 
188	890   	6.59854e+82 	6.59854e+85 	10906.1	2.0856e+84  	302.642	452	86 	36.0373
189	901   	2.39321e+58 	2.36144e+61 	10906.1	7.46436e+59 	301.503	402	116	33.3979
190	910   	2.76161e+96 	2.76161e+99 	10900.6	8.72862e+97 	299.642	451	121	32.1031
191	898   	7.62273e+114	7.62273e+117	10900.6	2.40931e+116	297.065	370	103	31.5977
192	880   	2.31808e+93 	2.31808e+96 	10898.1	7.32676e+94 	295.064	417	114	31.0578
193	920   	1.30509e+67 	1.29657e+70 	10900.6	4.09814e+68 	290.133	452	99 	36.3438
194	913   	1.00957e+48 	1.00069e+51 	10900.6	3.16296e+49 	286.999	372	26 	38.1806
195	921   	9.9425e+69  	9.9425e+72  	10900.6	3.14252e+71 	288.701	362	108	32.8596
196	915   	5.88669e+72 	5.88669e+75 	10704.1	1.8606e+74  	287.833	374	72 	36.616 
197	911   	2.41223e+64 	2.41223e+67 	10888.6	7.62431e+65 	290.135	367	88 	39.4666
198	916   	1.81628e+114	1.81628e+117	10888.6	5.7407e+115 	293.551	378	40 	39.7169
199	908   	1.55609e+65 	1.55609e+68 	10888.6	4.91832e+66 	294.855	370	128	38.4768
200	897   	2.0148e+92  	2.0148e+95  	10887.6	6.36816e+93 	292.999	375	86 	38.6211
201	917   	5.91746e+81 	5.91746e+84 	10876.9	1.87033e+83 	291.052	391	106	39.887 
202	917   	1.3479e+60  	1.34758e+63 	10878.4	4.2593e+61  	288.592	371	102	38.8548
203	903   	1.48191e+59 	1.48191e+62 	10878.4	4.68387e+60 	286.928	372	90 	40.2931
204	927   	1.81802e+73 	1.81802e+76 	10881.4	5.74622e+74 	292.62 	388	78 	42.132 
205	896   	2.00192e+83 	2.00192e+86 	10880  	6.32746e+84 	300.817	377	91 	38.7716
206	921   	5.37281e+89 	5.37281e+92 	10880  	1.69818e+91 	309.119	422	99 	40.6039
207	913   	6.34743e+40 	2.91091e+43 	10830.9	1.2163e+42  	318.07 	412	137	33.425 
208	903   	5.15591e+40 	4.33427e+43 	10866.7	1.39354e+42 	321.713	481	144	30.728 
209	893   	3.17795e+56 	3.17793e+59 	10762  	1.00445e+58 	322.71 	388	108	29.796 
210	911   	1.3154e+57  	1.3154e+60  	10762  	4.15758e+58 	322.375	425	107	29.4591
211	908   	2.59348e+68 	2.59348e+71 	10762  	8.1972e+69  	316.854	402	81 	32.7719
212	900   	2.18068e+93 	2.18068e+96 	10773.9	6.89246e+94 	313.344	385	123	32.3782
213	911   	7.04342e+95 	7.04342e+98 	10838.6	2.22621e+97 	308.482	407	113	33.1546
214	882   	3.75017e+41 	3.7436e+44  	10838.6	1.18324e+43 	303.253	384	114	30.45  
215	910   	7.81069e+63 	7.81069e+66 	10838.6	2.46872e+65 	299.354	421	117	30.2566
216	902   	8.91495e+43 	8.91413e+46 	10830.9	2.81749e+45 	296.529	384	121	30.1026
217	910   	4.16183e+60 	4.16183e+63 	10691.5	1.31543e+62 	293.749	382	109	31.5108
218	911   	1.48631e+48 	1.41262e+51 	10691.5	4.47071e+49 	292.688	396	107	30.2678
219	918   	7.87573e+61 	7.87573e+64 	10691.5	2.48928e+63 	291.368	400	117	30.1138
220	940   	3.68478e+65 	3.68478e+68 	10691.5	1.16465e+67 	293.279	400	107	26.2196
221	904   	7.81485e+63 	7.81069e+66 	10691.5	2.46872e+65 	292.452	415	77 	30.9125
222	915   	6.3786e+89  	6.3786e+92  	10691.5	2.01608e+91 	292.658	357	17 	28.899 
223	920   	3.12311e+48 	3.12311e+51 	10691.5	9.87121e+49 	291.193	383	79 	29.9012
224	924   	2.41223e+64 	2.41223e+67 	10691.5	7.62431e+65 	290.118	383	102	30.2196
225	916   	7.72353e+74 	7.72353e+77 	10659.1	2.44117e+76 	287.982	389	125	31.7819
226	903   	1.61773e+81 	1.61773e+84 	10590  	5.11317e+82 	285.895	394	87 	33.5094
227	918   	9.27284e+63 	9.27284e+66 	10590  	2.93086e+65 	282.563	501	70 	36.2192
228	909   	8.98245e+86 	8.98245e+89 	10590  	2.83908e+88 	278.722	443	80 	36.6957
229	918   	1.29657e+67 	1.29657e+70 	10553.9	4.09807e+68 	275.673	443	108	35.0926
230	897   	1.28847e+59 	1.28847e+62 	10553.9	4.07247e+60 	274.296	461	77 	35.2724
231	881   	2.86379e+64 	2.86379e+67 	10566.5	9.05157e+65 	272.777	443	65 	33.6873
232	894   	5.26202e+79 	5.26202e+82 	10566.5	1.66316e+81 	273.319	443	70 	34.968 
233	919   	6.7772e+79  	6.7772e+82  	10546.2	2.14207e+81 	275.342	432	9  	36.0597
234	927   	5.64987e+80 	5.64987e+83 	10546.2	1.78575e+82 	276.593	442	4  	39.3562
235	926   	7.37158e+47 	7.37157e+50 	10558.8	2.32993e+49 	281.669	435	65 	33.3581
236	901   	3.33925e+54 	3.33925e+57 	10558.8	1.05543e+56 	284.346	435	105	38.6603
237	894   	2.41236e+64 	2.41223e+67 	10558.7	7.62431e+65 	290.063	413	87 	38.2029
238	922   	2.83375e+55 	2.83375e+58 	10558.6	8.95662e+56 	299.542	461	97 	43.2042
239	918   	1.08567e+61 	1.08567e+64 	10433.8	3.43147e+62 	305.182	461	88 	50.4764
240	904   	3.1933e+64  	2.41223e+67 	10433.8	8.01168e+65 	319.572	461	85 	51.6273
241	921   	8.48647e+67 	8.48647e+70 	10433.5	2.68232e+69 	334.892	463	105	51.9849
242	910   	4.03634e+38 	2.29717e+41 	10433.5	9.09403e+39 	337.227	471	111	50.693 
243	912   	1.72036e+59 	1.72036e+62 	10433.5	5.43752e+60 	335.127	480	114	52.0046
244	925   	1.88131e+48 	1.32672e+51 	10433.5	4.54336e+49 	333.125	481	112	50.011 
245	923   	4.48716e+45 	3.19276e+48 	10426.1	1.08853e+47 	333.133	486	110	47.7548
246	921   	7.30194e+61 	7.30194e+64 	10391.9	2.30792e+63 	325.631	444	96 	48.8896
247	922   	2.39286e+43 	2.39219e+46 	10389.3	7.561e+44   	322.07 	418	133	46.5152
248	907   	4.57103e+40 	4.57053e+43 	10389.3	1.44461e+42 	316.046	414	95 	44.1539
249	911   	1.56125e+45 	1.45119e+48 	10391.9	4.59961e+46 	311.285	409	122	39.9835
250	904   	8.18372e+38 	8.18074e+41 	10384.3	2.58568e+40 	304.551	402	123	36.1527
251	905   	7.82049e+39 	6.62477e+42 	10384.3	2.12721e+41 	302.365	479	117	32.9245
252	918   	2.462e+73   	2.462e+76   	10369  	7.78163e+74 	302.217	462	103	31.767 
253	896   	3.51619e+55 	3.51619e+58 	10369  	1.11136e+57 	304.471	465	115	30.3887
254	921   	2.70858e+81 	2.70858e+84 	10362.4	8.561e+82   	305.227	463	119	28.6209
255	933   	4.27738e+43 	4.26941e+46 	10362.4	1.34943e+45 	304.816	394	118	30.4561
256	898   	9.21663e+58 	9.21663e+61 	10362.4	2.9131e+60  	304.777	394	112	30.3246
257	932   	2.01312e+62 	1.7505e+65  	10362.4	5.59389e+63 	301.77 	394	107	29.8106
258	917   	8.71498e+41 	8.32869e+44 	10360.7	2.63367e+43 	298.241	382	100	31.9057
259	925   	5.21544e+44 	5.21543e+47 	10287.8	1.64844e+46 	297.831	392	112	31.0235
260	926   	6.89766e+38 	6.89762e+41 	10287.8	2.18013e+40 	296.395	390	83 	32.7884
261	895   	9.3503e+38  	9.3503e+41  	10265  	2.95535e+40 	296.489	390	100	30.765 
262	918   	8.25281e+39 	4.92213e+42 	10287.8	1.87735e+41 	297.579	416	83 	28.0447
263	912   	2.1527e+39  	1.26777e+42 	10287.8	4.76848e+40 	297.177	378	118	28.2338
264	908   	5.12301e+60 	5.12301e+63 	10287.8	1.61923e+62 	298.691	377	113	27.4214
265	928   	1.61071e+45 	1.61071e+48 	10287.7	5.09098e+46 	299.392	363	105	24.5528
266	908   	9.93824e+43 	9.93824e+46 	10274.8	3.14117e+45 	294.47 	360	100	32.6502
267	912   	3.86018e+45 	3.86014e+48 	10278.6	1.22007e+47 	295.303	360	81 	28.3375
268	918   	1.55975e+39 	1.55975e+42 	10284.3	4.92989e+40 	293.301	393	106	30.2972
269	926   	1.66785e+57 	1.66785e+60 	10284.3	5.27156e+58 	290.931	379	103	31.0453
270	920   	1.67621e+50 	1.67619e+53 	10244.3	5.29794e+51 	290.05 	422	104	33.5837
271	900   	1.05075e+39 	1.05075e+42 	10247.3	3.3211e+40  	289.598	372	111	29.3192
272	880   	9.36522e+51 	9.36522e+54 	10262  	2.96006e+53 	287.857	377	88 	29.6372
273	896   	4.76924e+63 	4.76923e+66 	10262  	1.50741e+65 	287.842	385	101	30.1791
274	898   	2.95824e+44 	2.95823e+47 	10245.6	9.35008e+45 	286.054	426	102	33.1752
275	898   	6.43122e+47 	6.42877e+50 	10213.7	2.03194e+49 	286.738	413	105	30.5363
276	920   	1.37443e+45 	1.37442e+48 	10213.7	4.34413e+46 	286.195	413	93 	30.6305
277	905   	1.93673e+38 	1.8271e+41  	10213.7	5.78495e+39 	289.289	443	121	28.3821
278	901   	9.77701e+38 	7.07528e+41 	10213.7	2.38234e+40 	289.722	434	106	33.2172
279	908   	5.17354e+42 	5.15368e+45 	10213.7	1.62893e+44 	294.907	417	94 	34.1754
280	904   	2.82596e+57 	2.82596e+60 	10213.7	8.93202e+58 	297.177	416	115	32.6851
281	908   	2.70955e+43 	2.58435e+46 	10213.7	8.17746e+44 	298.175	395	95 	32.5876
282	918   	4.47243e+86 	4.47243e+89 	10151.3	1.4136e+88  	298.717	427	109	32.2947
283	920   	1.00707e+45 	1.00695e+48 	10151.3	3.18266e+46 	300.962	406	103	34.3583
284	900   	1.67319e+36 	1.67319e+39 	10151.3	5.28844e+37 	304.859	391	105	37.6216
285	923   	2.95649e+45 	2.95649e+48 	10151.3	9.34457e+46 	313.881	409	115	39.5433
286	901   	1.00927e+40 	9.3806e+42  	10151.3	2.97318e+41 	322.39 	415	98 	44.1345
287	913   	3.54515e+40 	3.54466e+43 	10151.3	1.12036e+42 	329.557	415	123	44.903 
288	922   	1.03863e+41 	1.03863e+44 	10151.3	3.28279e+42 	340.238	534	129	45.1768
289	929   	2.22466e+25 	2.17423e+28 	10134.7	6.87269e+26 	343.835	534	150	45.2875
290	923   	2.95649e+45 	2.95649e+48 	10134.7	9.34457e+46 	344.633	423	144	44.2856
291	915   	4.16085e+51 	4.16085e+54 	10134.7	1.31512e+53 	345.007	431	102	44.3981
292	913   	9.1361e+44  	9.1361e+47  	10084.5	2.88764e+46 	344.495	433	132	44.8829
293	910   	6.72624e+98 	6.72624e+101	10084.5	2.12596e+100	341.02 	440	150	44.5787
294	885   	3.27449e+36 	2.03374e+39 	10084.5	7.5071e+37  	339.704	559	125	45.4798
295	885   	1.32641e+40 	6.63664e+42 	10083.8	2.96237e+41 	341.834	437	121	44.7217
296	919   	1.19323e+39 	1.19323e+42 	10083.8	3.77145e+40 	350.183	440	143	44.2549
297	928   	6.18002e+42 	6.11844e+45 	10083.8	1.93389e+44 	361.208	444	101	42.2147
298	908   	2.87858e+45 	2.87841e+48 	10080.4	9.09779e+46 	369.092	447	149	39.2509
299	913   	6.66742e+39 	6.62477e+42 	10080.4	2.09392e+41 	375.283	541	101	36.8425
300	911   	5.82328e+56 	5.82328e+59 	10069.3	1.84056e+58 	375.873	441	177	38.1801
301	910   	1.88138e+40 	1.88138e+43 	10069.3	5.94646e+41 	381.681	462	183	38.9459
302	908   	1.42836e+48 	1.42836e+51 	10069.3	4.5146e+49  	388.823	442	181	35.8329
303	917   	6.86628e+33 	6.86588e+36 	10056.1	2.1701e+35  	391.544	451	165	37.6944
304	916   	1.13474e+25 	8.60489e+27 	10056.1	2.8239e+26  	391.376	469	183	36.891 
305	912   	2.3734e+44  	2.37332e+47 	10055.1	7.50134e+45 	389.149	464	118	41.5026
306	909   	5.63677e+47 	5.63677e+50 	10038.8	1.78161e+49 	390.598	533	149	39.1177
307	920   	1.57977e+45 	1.57977e+48 	10037.6	4.99318e+46 	391.957	467	176	36.8067
308	902   	1.07545e+26 	9.29127e+28 	10029.7	2.96098e+27 	392.303	456	182	36.7128
309	881   	1.76973e+25 	8.60489e+27 	9994.57	3.26896e+26 	393.238	469	185	31.3921
310	926   	2.95649e+45 	2.95649e+48 	9994.57	9.34457e+46 	392.76 	486	186	32.8786
311	915   	2.95649e+45 	2.95649e+48 	9994.57	9.34457e+46 	395.578	473	186	31.5088
312	891   	3.92913e+44 	3.9281e+47  	9994.57	1.24155e+46 	394.484	473	184	38.1805
313	927   	4.04721e+36 	3.25832e+39 	9994.57	1.05937e+38 	393.204	470	164	40.8282
314	906   	2.30221e+32 	2.30219e+35 	9994.57	7.27652e+33 	393.751	607	185	38.0359
315	906   	1.29542e+42 	1.09216e+45 	9873.01	3.51057e+43 	390.003	471	184	38.2836
316	916   	4.55328e+39 	4.54675e+42 	9873.01	1.43709e+41 	382.46 	482	184	40.1095
317	912   	4.29445e+35 	4.29161e+38 	9873.01	1.35645e+37 	382.084	468	115	41.1567
318	908   	1.30546e+39 	1.30038e+42 	9873.01	4.11011e+40 	386.6  	477	138	41.1044
319	918   	2.39308e+43 	2.39219e+46 	9873.01	7.561e+44   	391.094	472	139	36.9253
320	904   	2.9565e+45  	2.95649e+48 	9873.01	9.34457e+46 	393.368	473	184	36.556 
321	901   	6.63995e+39 	6.63664e+42 	9871.51	2.09764e+41 	393.629	473	184	34.8638
322	906   	5.41854e+39 	3.26693e+42 	9853.89	1.23537e+41 	392.009	496	170	36.2782
323	930   	7.88789e+40 	7.88082e+43 	9767.58	2.49089e+42 	392.058	573	186	32.6947
324	904   	3.89392e+39 	3.89392e+42 	9767.58	1.23075e+41 	388.687	483	185	36.2084
325	901   	3.37658e+36 	1.6567e+39  	9767.58	7.36471e+37 	387.756	498	168	37.7657
326	904   	5.24341e+36 	5.11649e+39 	9767.58	1.61763e+38 	384.192	531	134	41.7672
327	923   	1.39078e+45 	1.39075e+48 	9767.58	4.39572e+46 	383.563	512	189	40.0087
328	879   	1.33865e+25 	5.47507e+27 	9767.35	2.5124e+26  	381.264	483	156	41.9106
329	891   	1.7641e+38  	1.10777e+41 	9703.73	3.9955e+39  	385.704	504	170	38.3165
330	920   	4.89408e+43 	4.8939e+46  	9765.15	1.54681e+45 	387.496	480	171	35.0153
331	906   	1.05313e+40 	6.63664e+42 	9757.41	2.43098e+41 	389.318	446	169	33.3392
332	904   	1.6716e+45  	1.6716e+48  	9757.41	5.28341e+46 	388.878	477	172	34.2667
333	930   	2.95823e+44 	2.95823e+47 	9757.41	9.35008e+45 	389.081	506	172	35.8777
334	920   	5.48889e+56 	5.48889e+59 	9757.41	1.73487e+58 	389.028	495	140	35.5211
335	906   	1.53566e+66 	1.39942e+69 	9763.35	4.44362e+67 	389.434	463	177	36.1174
336	915   	8.18432e+45 	8.07878e+48 	9746.39	2.55364e+47 	390.047	466	185	33.4439
337	915   	4.97439e+50 	4.97439e+53 	9746.39	1.57225e+52 	389.302	469	184	31.9243
338	895   	2.62761e+40 	1.88138e+43 	9585.92	6.39438e+41 	386.506	444	119	37.8058
339	899   	4.91839e+43 	4.91839e+46 	9585.92	1.55455e+45 	387.466	457	174	40.513 
340	919   	5.83217e+61 	5.83217e+64 	9585.92	1.84337e+63 	393.401	480	173	35.6168
341	912   	7.10799e+38 	7.10799e+41 	9584.14	2.24662e+40 	395.726	466	167	39.983 
342	904   	1.6716e+45  	1.6716e+48  	9584.14	5.28341e+46 	398.955	462	167	35.2571
343	893   	1.39045e+35 	1.25899e+38 	9574.36	3.9897e+36  	393.138	618	171	38.7622
344	921   	2.63592e+48 	2.63592e+51 	9574.36	8.33135e+49 	388.712	474	157	39.7591
345	925   	1.95381e+39 	1.13557e+42 	9574.36	4.41869e+40 	380.887	484	167	43.203 
346	892   	6.2137e+40  	6.19526e+43 	9573.33	1.95814e+42 	372.81 	549	11 	43.5705
347	915   	1.0216e+30  	1.0216e+33  	9573.33	3.22896e+31 	360.873	466	154	42.3419
348	920   	2.58454e+43 	2.58435e+46 	9573.33	8.16834e+44 	352.585	457	160	40.7587
349	916   	1.38899e+37 	1.22332e+40 	9573.31	3.90132e+38 	346.999	457	146	37.8911
350	927   	1.97286e+40 	1.97242e+43 	9562.36	6.23423e+41 	344.478	448	100	37.6454
351	910   	2.70404e+39 	2.59325e+42 	9570.19	8.2036e+40  	346.459	439	114	38.1175
352	918   	8.79559e+38 	8.78974e+41 	9570.19	2.77817e+40 	347.971	441	138	38.6605
353	917   	1.4604e+45  	1.4604e+48  	9569.78	4.61589e+46 	350.435	448	158	36.8463
354	920   	2.94609e+52 	2.94609e+55 	9570.19	9.3117e+53  	354.615	449	149	36.6445
355	911   	1.4604e+45  	1.4604e+48  	9570.19	4.61589e+46 	353.397	430	154	34.8219
356	908   	8.72396e+38 	6.89686e+41 	9520.35	2.25453e+40 	349.256	453	153	36.147 
357	907   	6.51467e+36 	6.51467e+39 	9520.35	2.05909e+38 	343.398	431	150	35.631 
358	896   	3.47852e+36 	3.46223e+39 	9566.64	1.09431e+38 	339.783	440	150	35.2841
359	907   	2.11512e+41 	1.41155e+44 	9556.14	4.87497e+42 	339.006	433	132	34.6084
360	906   	1.46753e+39 	1.46712e+42 	9555.46	4.63711e+40 	341.909	443	164	34.7038
361	910   	2.21419e+50 	2.21419e+53 	9555.46	6.99839e+51 	343.911	427	155	35.7622
362	893   	3.46254e+36 	3.46223e+39 	9520.68	1.09431e+38 	347.556	410	137	34.4853
363	921   	9.37685e+39 	4.92213e+42 	9520.68	2.09723e+41 	348.282	527	121	37.007 
364	902   	8.78408e+39 	8.7822e+42  	9520.68	2.77578e+41 	349.314	458	139	30.925 
365	898   	1.21991e+56 	1.21991e+59 	9520.68	3.85575e+57 	345.483	421	139	32.8453
366	904   	2.94609e+52 	2.94609e+55 	9520.68	9.3117e+53  	340.671	482	121	39.0308
367	919   	9.56828e+39 	9.56654e+42 	9520.57	3.02369e+41 	342.962	476	143	36.2305
368	932   	3.88825e+43 	3.88637e+46 	9519.62	1.22836e+45 	344.536	507	123	36.1625
369	931   	3.59528e+51 	3.59528e+54 	9519.62	1.13636e+53 	346.109	507	156	34.6151
370	916   	1.6338e+42  	1.6338e+45  	9463.62	5.16393e+43 	347.177	418	130	34.6479
371	889   	1.4578e+45  	1.4578e+48  	9457.25	4.60767e+46 	344.834	443	106	35.9018
372	898   	1.6716e+45  	1.6716e+48  	9457.25	5.28341e+46 	338.677	473	133	39.2266
373	921   	1.30444e+51 	1.30444e+54 	9513.58	4.12294e+52 	334.902	463	153	34.4866
374	912   	1.78713e+41 	8.94142e+43 	9513.58	3.99213e+42 	333.203	463	129	34.0178
375	897   	3.87578e+49 	3.81759e+52 	9512.06	1.20675e+51 	332.266	417	126	37.9638
376	921   	8.12801e+43 	8.04352e+46 	9512.06	2.54242e+45 	335.269	433	139	34.5596
377	917   	6.16305e+33 	6.16245e+36 	9509.81	1.94776e+35 	338.517	447	103	40.4293
378	902   	4.46574e+37 	1.72136e+40 	9509.81	7.78882e+38 	348.483	553	126	43.7019
379	905   	7.34472e+37 	7.34453e+40 	9507.26	2.32138e+39 	359.361	482	140	47.9197
380	922   	1.34545e+49 	1.34545e+52 	9451.43	4.25256e+50 	370.68 	439	148	45.421 
381	909   	6.18304e+40 	6.18295e+43 	9451.43	1.95424e+42 	375.047	469	124	45.5805
382	918   	1.75855e+45 	1.75853e+48 	9451.43	5.55817e+46 	374.619	482	130	44.4829
383	912   	3.81934e+52 	3.81927e+55 	9448.03	1.20716e+54 	374.348	482	124	43.931 
384	928   	1.17355e+39 	1.17298e+42 	9451.43	3.70743e+40 	371.238	481	127	46.127 
385	913   	1.10883e+44 	1.10875e+47 	9451.43	3.50442e+45 	369.714	462	150	40.8712
386	916   	4.54879e+39 	4.54675e+42 	9451.34	1.43709e+41 	367.669	461	149	41.436 
387	897   	2.07499e+40 	1.79042e+43 	9448   	5.72911e+41 	369.615	458	147	38.7522
388	913   	2.0128e+73  	2.0128e+76  	9397.17	6.36185e+74 	374.975	446	191	37.4143
389	914   	8.0136e+37  	7.83192e+40 	9397.17	2.47604e+39 	378.303	468	165	34.9003
390	922   	2.65344e+48 	1.32672e+51 	9397.17	5.92733e+49 	378.37 	449	148	38.0854
391	905   	1.20395e+39 	1.20292e+42 	9376.93	3.80207e+40 	376.419	491	194	37.1577
392	921   	2.40302e+40 	1.97242e+43 	9370.96	6.31405e+41 	373.359	469	120	38.8695
393	906   	1.10899e+44 	1.10875e+47 	9395.83	3.50442e+45 	372.019	469	138	38.3531
394	904   	1.30161e+39 	1.30038e+42 	9395.83	4.11011e+40 	366.722	471	134	39.2262
395	890   	1.33016e+40 	1.16422e+43 	9320.07	3.71642e+41 	360.154	471	128	42.3942
396	900   	4.02382e+36 	3.97994e+39 	9320.07	1.258e+38   	358.81 	477	124	41.6643
397	908   	2.31055e+36 	1.2294e+39  	9320.07	5.08305e+37 	350.438	477	130	43.9294
398	905   	2.21973e+25 	1.34602e+28 	9320.07	5.04716e+26 	339.454	485	116	46.9916
399	910   	4.11401e+41 	4.11389e+44 	9314.42	1.30028e+43 	337.535	475	124	43.3439
400	882   	3.35974e+39 	2.05936e+42 	9310.82	7.6946e+40  	338.693	519	128	46.8148
401	917   	5.08105e+36 	5.08088e+39 	9310.82	1.60591e+38 	345.167	492	128	46.0052
402	915   	1.63547e+39 	1.60532e+42 	9310.82	5.07446e+40 	349.56 	630	115	49.8879
403	893   	4.46622e+43 	4.4661e+46  	9310.82	1.4116e+45  	359.051	630	123	45.7709
404	910   	1.32428e+42 	1.32143e+45 	9287.4 	4.17665e+43 	364.272	620	122	44.7952
405	902   	1.2516e+69  	1.2516e+72  	9256.31	3.95593e+70 	369.387	558	125	35.7859
406	926   	6.37395e+45 	6.37395e+48 	9256.31	2.01461e+47 	370.67 	573	128	33.9934
407	867   	1.21976e+48 	1.21821e+51 	9256.31	3.8504e+49  	371.745	520	15 	31.5342
408	930   	3.87108e+36 	1.81676e+39 	9256.31	7.34111e+37 	370.625	439	124	30.0413
409	911   	6.38018e+45 	6.37395e+48 	9256.31	2.01461e+47 	368.376	591	168	32.6904
410	910   	4.30292e+41 	4.27824e+44 	9223.26	1.35224e+43 	369.021	591	145	35.4887
411	919   	6.55536e+35 	6.1178e+38  	9223.26	1.93845e+37 	372.439	604	156	32.2525
412	904   	6.6959e+40  	6.69565e+43 	9223.26	2.11629e+42 	373.922	575	162	29.4923
413	912   	1.48003e+36 	1.14836e+39 	9223.26	3.76871e+37 	373.099	465	150	33.6938
414	900   	8.15741e+36 	6.4346e+39  	9223.26	2.08187e+38 	374.739	463	170	31.8195
415	914   	3.31605e+41 	3.24937e+44 	9223.26	1.02714e+43 	372.876	463	142	35.4627
416	899   	2.52156e+39 	2.46781e+42 	9223.26	7.8015e+40  	372.369	462	134	34.652 
417	918   	1.46282e+37 	1.46281e+40 	9223.26	4.62349e+38 	370.26 	449	155	34.1777
418	906   	3.5595e+39  	1.79741e+42 	9223.26	7.94995e+40 	368.094	560	119	38.1609
419	901   	2.08678e+35 	2.0758e+38  	9221.04	6.56104e+36 	367.685	507	133	37.0454
420	904   	6.37402e+45 	6.37395e+48 	9220.53	2.01461e+47 	366.61 	523	127	36.6101
421	909   	7.98981e+59 	7.98981e+62 	9220.53	2.52534e+61 	365.825	449	139	37.957 
422	931   	1.09295e+59 	1.09295e+62 	9220.5 	3.45447e+60 	364.464	502	129	40.1369
423	915   	3.30927e+39 	1.74622e+42 	9218.41	7.39298e+40 	364.965	468	136	39.2114
424	932   	2.21029e+35 	2.19077e+38 	9218.41	6.92456e+36 	363.971	453	135	44.8765
425	912   	9.87203e+41 	9.79534e+44 	9218.41	3.09608e+43 	366.442	467	132	44.4219
426	909   	8.03138e+52 	8.03138e+55 	9214.05	2.53847e+54 	367.555	534	129	43.1106
427	885   	2.27026e+40 	1.97242e+43 	9203.68	6.30392e+41 	367.3  	536	130	45.8706
428	906   	1.08293e+39 	1.07868e+42 	9185.53	3.4094e+40  	368.746	467	133	43.1221
429	913   	2.19955e+39 	2.19877e+42 	9185.53	6.94963e+40 	366.291	494	123	43.6824
430	887   	4.98542e+39 	2.19877e+42 	9185.53	9.3223e+40  	364.002	486	118	42.588 
431	912   	2.15181e+48 	2.15181e+51 	9185.53	6.80123e+49 	359.042	487	120	45.8476
432	903   	7.81167e+35 	7.77706e+38 	9185.53	2.4581e+37  	358.683	531	115	42.7978
433	909   	1.60675e+39 	1.60532e+42 	9185.53	5.07392e+40 	358.696	472	118	40.2328
434	901   	1.09872e+41 	1.05854e+44 	9185.53	3.348e+42   	358.307	445	123	40.9542
435	916   	1.31475e+36 	8.78095e+38 	9181.49	2.9409e+37  	357.736	460	137	38.4046
436	913   	7.2545e+43  	7.25432e+46 	9181.49	2.29287e+45 	359.401	444	134	36.9122
437	904   	8.57941e+64 	8.57941e+67 	9181.49	2.71169e+66 	359.551	444	128	40.9853
438	925   	1.10927e+44 	1.10865e+47 	9177.47	3.50412e+45 	362.797	458	122	43.4003
439	892   	1.2649e+36  	1.26463e+39 	9177.47	3.99711e+37 	365.578	462	136	41.1567
440	918   	1.60701e+39 	1.60532e+42 	9165.78	5.07391e+40 	368.436	488	142	40.9093
441	904   	2.43379e+36 	1.26506e+39 	9139.66	4.84944e+37 	368.083	532	133	41.0443
442	928   	2.42173e+39 	2.19877e+42 	9139.66	6.98457e+40 	367.455	460	131	38.0888
443	897   	4.15512e+35 	2.0758e+38  	9165.78	9.27397e+36 	363.219	545	143	39.0059
444	919   	1.29318e+44 	1.28908e+47 	9165.78	4.07441e+45 	362.053	493	137	38.7112
445	929   	9.81733e+41 	9.79534e+44 	9157.13	3.09601e+43 	360.554	456	137	39.1388
446	911   	4.2948e+41  	4.2948e+44  	9157.13	1.35745e+43 	362.188	465	145	36.1316
447	909   	2.3923e+43  	2.39219e+46 	9157.13	7.561e+44   	362.057	467	134	41.4072
448	910   	4.81155e+39 	4.81155e+42 	9157.13	1.52079e+41 	363.751	457	130	41.1487
449	931   	1.54341e+40 	1.54336e+43 	9157.13	4.87809e+41 	362.824	444	109	37.6335
450	902   	1.17707e+36 	7.77706e+38 	9157.13	2.74947e+37 	360.893	469	132	41.9687
451	904   	3.95296e+37 	3.84869e+40 	9157.13	1.2167e+39  	359.932	469	131	39.1548
452	913   	1.33155e+41 	1.30626e+44 	9144.23	4.12922e+42 	359.677	453	132	39.3197
453	913   	4.2948e+41  	4.2948e+44  	9144.23	1.35745e+43 	360.75 	460	130	37.6967
454	914   	1.07359e+41 	1.02961e+44 	9144.23	3.25563e+42 	361.713	443	124	41.0414
455	918   	3.91625e+41 	3.89405e+44 	9144.23	1.2308e+43  	366.121	494	142	35.8986
456	891   	6.3191e+26  	5.25986e+29 	9144.23	1.67848e+28 	368.886	494	143	40.2214
457	926   	8.85067e+40 	6.19526e+43 	9135.29	2.06036e+42 	372.889	446	161	31.2319
458	907   	1.18387e+44 	1.17564e+47 	9135.29	3.71589e+45 	372.407	443	134	36.7855
459	882   	2.37524e+40 	2.37513e+43 	9135.29	7.50707e+41 	371.844	588	157	34.4092
460	919   	4.78851e+27 	4.73642e+30 	9135.29	1.49707e+29 	372.536	470	132	33.0249
461	909   	3.98868e+44 	3.98858e+47 	9135.29	1.26067e+46 	371.44 	453	154	32.6421
462	910   	1.31463e+53 	1.31463e+56 	9127.8 	4.15515e+54 	371.804	441	158	27.2143
463	917   	2.20114e+39 	2.19877e+42 	9127.8 	6.94963e+40 	368.945	588	157	35.0901
464	894   	8.76665e+35 	7.77706e+38 	9127.8 	2.47752e+37 	369.403	438	159	31.0235
465	912   	9.3011e+36  	8.57498e+39 	9127.8 	2.7155e+38  	369.735	593	114	32.2812
466	900   	1.60816e+39 	1.60532e+42 	9127.8 	5.07391e+40 	371.655	443	137	26.3126
467	929   	1.03234e+36 	3.90438e+38 	9088.96	1.88677e+37 	371.355	491	155	29.3648
468	897   	1.38914e+36 	7.77706e+38 	9088.96	2.82597e+37 	370.665	451	139	34.0383
469	926   	9.40579e+39 	7.05335e+42 	9088.96	2.33493e+41 	368.968	450	127	36.43  
470	906   	4.73864e+39 	4.55485e+42 	9088.96	1.44075e+41 	372.802	444	149	27.7994
471	919   	2.74356e+36 	1.26463e+39 	9088.96	5.29986e+37 	372.543	482	155	33.2544
472	914   	9.53362e+41 	8.21758e+44 	9088.96	2.63001e+43 	371.681	450	14 	33.1617
473	896   	9.08657e+39 	8.0739e+42  	9088.96	2.57157e+41 	371.729	450	151	31.9005
474	916   	1.98461e+39 	1.98441e+42 	9088.96	6.2721e+40  	372.977	532	123	30.8398
475	920   	7.70235e+25 	4.53064e+28 	9088.96	1.51629e+27 	372.754	448	149	29.8137
476	901   	3.09821e+39 	3.09721e+42 	9088.96	9.78934e+40 	371.848	491	114	34.5541
477	904   	1.27251e+39 	1.26547e+42 	9071.2 	3.99977e+40 	372.615	449	149	32.5601
478	888   	3.09005e+42 	2.87337e+45 	9071.2 	9.09395e+43 	374.878	484	146	30.7025
479	934   	9.08741e+35 	9.0874e+38  	9071.2 	2.87225e+37 	373.687	447	149	33.4059
480	904   	1.1947e+39  	1.14676e+42 	9071.2 	3.62759e+40 	374.683	461	167	32.7547
481	912   	2.2013e+39  	2.19877e+42 	9071.2 	6.94963e+40 	377.112	451	146	30.082 
482	907   	9.78142e+37 	7.32744e+40 	9071.2 	2.43199e+39 	375.987	452	142	32.7471
483	928   	6.37395e+45 	6.37395e+48 	9071.2 	2.01461e+47 	374.389	463	144	36.7738
484	902   	9.3986e+44  	9.1361e+47  	9071.2 	2.88875e+46 	372.645	452	141	38.5843
485	917   	1.30465e+37 	8.8196e+39  	9071.2 	2.87244e+38 	373.67 	452	145	37.1985
486	898   	2.26569e+28 	2.25861e+31 	9071.2 	7.13878e+29 	373.672	459	153	31.5846
487	910   	3.64132e+39 	3.6412e+42  	9071.2 	1.15087e+41 	374.572	465	145	33.3465
488	892   	7.97059e+45 	7.96845e+48 	9067.05	2.51859e+47 	374.465	514	149	33.0403
489	897   	9.85287e+35 	7.77706e+38 	9067.05	2.54351e+37 	372.94 	433	149	34.8989
490	914   	1.55e+40    	1.54336e+43 	9067.05	4.8781e+41  	373.103	480	145	33.9157
491	919   	6.37643e+39 	6.37565e+42 	9071.2 	2.01515e+41 	373.373	471	143	35.5504
492	886   	1.22468e+42 	1.12209e+45 	9071.2 	3.55578e+43 	378.234	472	153	32.0208
493	928   	2.37911e+40 	2.37903e+43 	9071.2 	7.51938e+41 	379.436	502	135	37.3443
494	882   	2.06048e+42 	2.06048e+45 	9057.87	6.51256e+43 	381.475	477	159	31.8511
495	897   	2.38816e+42 	2.38596e+45 	9057.87	7.54128e+43 	382.421	463	143	35.7097
496	897   	5.52506e+41 	4.54675e+44 	9048.81	1.46099e+43 	378.495	446	153	39.1961
497	913   	8.21758e+41 	8.21758e+44 	9057.87	2.59733e+43 	380.832	449	168	32.0685
498	918   	1.10502e+39 	1.07703e+42 	9056.37	3.40458e+40 	379.973	475	157	36.1436
499	909   	7.39246e+48 	7.39082e+51 	9056.37	2.33601e+50 	382.296	495	136	34.7158
500	908   	6.68184e+36 	4.81199e+39 	9052.93	1.6295e+38  	381.321	473	141	35.6535