   	      	                      fitness                      	              size             
   	      	---------------------------------------------------	-------------------------------
gen	nevals	avg        	max        	min    	std        	avg    	max	min	std    
0  	1000  	1.16783e+94	1.16783e+97	75452.5	3.69116e+95	12.084 	85 	3  	12.1997
1  	907   	1.44858e+27	1.44858e+30	34621.6	4.57851e+28	11.084 	85 	2  	11.3368
2  	898   	5.00985e+38	5.00985e+41	56494.7	1.58346e+40	12.473 	78 	2  	12.2905
3  	926   	2.68305e+21	2.05821e+24	54650.7	6.63485e+22	14.972 	81 	2  	13.6635
4  	888   	9.32099e+36	9.32099e+39	63352.4	2.94608e+38	17.687 	89 	2  	14.4201
5  	904   	1.26188e+20	8.0789e+22 	63352.4	2.74588e+21	22.174 	67 	2  	14.0351
6  	903   	1.72494e+22	1.66033e+25	63352.4	5.25153e+23	28.249 	71 	2  	14.6041
7  	908   	1.27923e+28	1.24609e+31	63273.9	3.93961e+29	32.303 	84 	2  	15.388 
8  	908   	2.63797e+25	2.63371e+28	62848.9	8.32436e+26	36.403 	98 	2  	15.9399
9  	908   	2.36027e+36	2.36027e+39	57339.8	7.46008e+37	40.905 	100	2  	15.3922
10 	920   	3.09075e+26	3.09074e+29	57327.1	9.76888e+27	46.371 	103	4  	16.5381
11 	934   	9.82552e+30	9.24249e+33	39958.5	2.92689e+32	50.69  	116	3  	16.9102
12 	915   	4.52779e+49	4.52779e+52	35970.3	1.4311e+51 	55.236 	131	5  	18.6188
13 	917   	3.44337e+52	3.44337e+55	35970.2	1.08834e+54	58.956 	131	6  	17.652 
14 	893   	9.60043e+33	9.26061e+36	35957.7	2.9288e+35 	60.148 	143	7  	18.2357
15 	892   	5.78934e+45	5.78934e+48	35919.2	1.82983e+47	60.693 	134	4  	17.6356
16 	932   	9.64831e+53	9.64831e+56	35874.7	3.04954e+55	61.272 	151	3  	17.9585
17 	922   	4.568e+46  	4.568e+49  	35842.8	1.44381e+48	64.917 	139	3  	18.9175
18 	930   	6.99882e+18	4.40956e+21	34991.5	1.42586e+20	72.569 	154	4  	20.5329
19 	911   	7.16357e+26	7.00387e+29	32049  	2.21415e+28	78.77  	167	4  	19.0827
20 	904   	7.18015e+30	7.18014e+33	32049  	2.26943e+32	80.03  	151	3  	19.3687
21 	894   	3.19461e+27	3.19191e+30	32049  	1.00886e+29	81.106 	147	3  	19.7638
22 	916   	4.48921e+46	4.48921e+49	31971.7	1.4189e+48 	81.307 	147	3  	21.5704
23 	911   	1.34755e+24	1.34747e+27	31968.7	4.25895e+25	81.361 	145	3  	23.2059
24 	904   	1.95103e+21	1.79918e+24	30146.7	5.70619e+22	81.326 	168	8  	24.7769
25 	926   	2.36545e+46	2.36545e+49	30146.7	7.47645e+47	79.682 	161	6  	23.5076
26 	894   	1.38084e+35	1.38084e+38	29920.8	4.36443e+36	75.995 	162	13 	22.4532
27 	907   	1.38404e+35	1.38387e+38	29911.7	4.374e+36  	73.517 	161	5  	20.971 
28 	892   	4.74633e+40	4.74633e+43	29911.7	1.50017e+42	74.747 	144	4  	20.6276
29 	908   	1.71714e+24	1.10144e+27	29229.4	3.98645e+25	76.275 	144	4  	20.2364
30 	938   	1.10086e+24	1.10062e+27	29229.4	3.47872e+25	79.924 	161	4  	21.3557
31 	918   	1.19011e+19	4.43655e+21	27899.6	2.01477e+20	82.639 	151	8  	20.542 
32 	911   	3.08657e+23	3.08641e+26	27891.9	9.7552e+24 	83.674 	154	5  	21.5652
33 	883   	2.32744e+30	2.32744e+33	28982.6	7.35634e+31	84.946 	170	8  	20.6217
34 	927   	5.13088e+18	4.43655e+21	28982.6	1.40668e+20	83.097 	179	8  	20.856 
35 	910   	2.36545e+46	2.36545e+49	29032.3	7.47645e+47	81.898 	179	7  	21.9889
36 	898   	5.99491e+18	4.42845e+21	28848.9	1.41156e+20	78.589 	180	5  	22.4283
37 	892   	1.75878e+37	1.75878e+40	28848.9	5.55898e+38	75.841 	169	7  	21.3047
38 	916   	9.48877e+28	4.80133e+31	28842.6	2.11978e+30	73.095 	131	7  	19.5138
39 	925   	2.5054e+20 	2.36995e+23	28842.6	7.49417e+21	72.749 	144	4  	20.1353
40 	908   	3.94055e+27	3.94055e+30	28615.2	1.24549e+29	73.74  	163	6  	21.346 
41 	917   	4.77039e+28	4.77039e+31	28615.2	1.50778e+30	71.642 	180	3  	21.7919
42 	920   	4.33218e+35	1.44675e+38	28235  	7.89757e+36	73.125 	146	3  	22.2139
43 	921   	1.33298e+21	1.3148e+24 	28218.6	4.15571e+22	75.569 	156	3  	23.4285
44 	908   	2.24902e+34	2.24892e+37	28020.1	7.10815e+35	77.414 	150	6  	24.5094
45 	918   	1.70536e+35	1.70536e+38	27921.7	5.39012e+36	79.131 	152	3  	25.2936
46 	909   	4.68744e+28	4.68744e+31	26927.8	1.48156e+30	82.507 	170	3  	25.9007
47 	914   	9.44879e+28	4.7916e+31 	24708.9	2.11091e+30	88.718 	175	9  	27.2827
48 	879   	7.81656e+26	7.81656e+29	24708.9	2.47058e+28	100.052	187	13 	26.5932
49 	908   	4.42726e+16	4.29082e+19	24895.7	1.35679e+18	104.175	203	3  	26.019 
50 	902   	1.4857e+35 	1.48456e+38	24899.2	4.69224e+36	103.615	203	5  	26.0575
51 	927   	1.93393e+37	1.91916e+40	24715  	6.06601e+38	105.163	203	10 	26.1327
52 	907   	3.19186e+26	3.19184e+29	24714.9	1.00884e+28	107.747	167	8  	27.5776
53 	920   	2.90663e+35	2.90663e+38	24701.8	9.18697e+36	110.566	191	9  	27.8954
54 	919   	2.45955e+20	2.36995e+23	24501.6	7.49265e+21	108.708	205	4  	28.8489
55 	924   	2.41757e+20	2.36995e+23	24501  	7.49187e+21	102.748	188	8  	27.9259
56 	883   	3.40722e+35	1.70361e+38	24478  	7.61116e+36	99.413 	183	7  	24.2769
57 	894   	8.66055e+17	4.0308e+20 	24402.2	1.57885e+19	97.268 	165	5  	24.1115
58 	904   	1.86036e+35	1.86036e+38	24478  	5.88004e+36	96.91  	176	13 	26.3642
59 	900   	3.3431e+19 	1.83908e+22	24377.9	6.30802e+20	97.082 	171	3  	27.6989
60 	929   	7.34932e+18	4.43084e+21	24377.9	1.47129e+20	99.547 	192	3  	28.2846
61 	893   	5.1468e+19 	4.2324e+22 	24372.5	1.35207e+21	99.176 	205	5  	27.7685
62 	915   	3.98372e+25	3.98372e+28	24251.7	1.25913e+27	98.802 	178	20 	27.2164
63 	902   	5.51782e+27	5.51782e+30	24249.4	1.74401e+29	99.113 	178	7  	27.4587
64 	902   	1.02471e+19	4.56864e+21	23951.8	2.01761e+20	97.062 	197	3  	26.7246
65 	899   	2.13374e+35	2.13373e+38	23794.4	6.74406e+36	97.084 	203	4  	25.8056
66 	894   	6.52615e+26	6.52615e+29	23794.4	2.06272e+28	95.524 	174	6  	22.973 
67 	901   	1.93892e+27	1.92863e+30	23794.4	6.09586e+28	96.488 	185	9  	20.8332
68 	905   	1.99717e+50	1.99717e+53	23794.4	6.31244e+51	97.207 	180	10 	20.9893
69 	908   	1.30032e+30	1.30016e+33	23755.4	4.10942e+31	98.615 	174	4  	23.1775
70 	914   	1.87767e+35	1.87767e+38	23720.6	5.93475e+36	102.97 	190	8  	24.566 
71 	893   	1.20406e+19	6.11524e+21	23509.5	2.4079e+20 	108.439	177	4  	27.6007
72 	893   	1.39572e+27	1.39572e+30	23417.7	4.41145e+28	117.927	182	12 	27.7116
73 	916   	3.72946e+17	2.06615e+20	23398.1	7.647e+18  	125.826	205	6  	26.9428
74 	918   	9.31966e+18	4.5601e+21 	23393.2	2.02609e+20	130.969	205	47 	23.5243
75 	905   	2.92244e+25	2.92244e+28	23390  	9.23693e+26	130.599	204	4  	24.4391
76 	914   	3.58472e+29	3.58472e+32	23288.6	1.13302e+31	130.46 	197	37 	21.9845
77 	889   	3.87039e+28	3.87039e+31	23173.8	1.22331e+30	129.847	205	7  	23.6701
78 	926   	3.63658e+29	3.63658e+32	23173.8	1.14941e+31	128.465	200	9  	23.8132
79 	904   	4.32542e+30	4.32542e+33	23158  	1.36713e+32	131.125	228	28 	23.6382
80 	921   	3.76694e+29	3.76694e+32	22872.7	1.19061e+31	133.657	202	9  	22.7856
81 	897   	1.1593e+32 	1.1593e+35 	22872.7	3.66421e+33	136.45 	208	8  	24.2556
82 	892   	5.85023e+23	5.85023e+26	22460.8	1.84908e+25	139.379	196	8  	24.3155
83 	918   	2.17304e+17	2.15023e+20	22460.8	6.79631e+18	141.817	202	5  	25.0853
84 	912   	1.24268e+29	1.22594e+32	22460.8	3.87512e+30	145.858	218	7  	25.576 
85 	905   	2.88531e+27	2.88531e+30	22460.8	9.1196e+28 	147.203	225	13 	25.2027
86 	903   	7.28886e+41	7.28886e+44	22459.4	2.30379e+43	146.448	225	3  	26.6398
87 	930   	1.71893e+30	1.71859e+33	22371.7	5.43193e+31	146.088	256	40 	26.8187
88 	931   	4.99588e+34	4.99588e+37	22371.7	1.57905e+36	147.689	221	6  	27.7068
89 	907   	1.01301e+19	4.76434e+21	22371  	2.12631e+20	149.737	227	5  	27.4572
90 	930   	4.86117e+18	4.2094e+21 	22371  	1.33459e+20	154.701	232	3  	26.3741
91 	901   	3.47407e+29	3.3253e+32 	22279.7	1.05203e+31	157.279	235	10 	26.4849
92 	895   	6.26535e+18	3.18111e+21	21506.9	1.3579e+20 	157.67 	278	6  	26.0452
93 	906   	1.59637e+30	1.33326e+33	21506.7	4.25444e+31	156.316	242	8  	24.9745
94 	911   	4.38946e+29	4.38946e+32	21488.2	1.38738e+31	155.819	248	13 	24.5812
95 	929   	3.15635e+26	3.15635e+29	21421.8	9.97626e+27	155.101	256	37 	26.065 
96 	912   	1.33355e+30	1.33355e+33	21488.2	4.21493e+31	156.043	246	5  	27.1801
97 	903   	2.18924e+35	2.09908e+38	21463.2	6.64038e+36	153.569	231	14 	28.4452
98 	914   	4.84073e+27	4.83995e+30	21463.2	1.52976e+29	154.85 	231	5  	28.8548
99 	921   	4.82709e+29	3.94079e+32	21355.8	1.27519e+31	159.118	231	51 	27.9417
100	911   	2.16676e+23	2.16395e+26	21355.8	6.83959e+24	161.654	231	16 	27.0503
101	912   	5.67423e+29	5.44727e+32	21297.3	1.72278e+31	160.994	225	7  	27.5479
102	912   	1.04709e+20	1.03805e+23	21268.9	3.28097e+21	161.591	226	20 	27.7604
103	892   	3.45899e+32	3.44875e+35	21267.5	1.09005e+34	160.537	233	5  	28.5817
104	920   	1.00082e+30	1.00082e+33	21206.5	3.16328e+31	158.046	240	3  	28.9884
105	887   	1.00304e+24	1.00302e+27	21172.5	3.17025e+25	160.611	243	3  	27.7783
106	881   	1.25566e+30	1.25566e+33	20939.4	3.96875e+31	161.617	244	5  	28.1145
107	899   	2.02905e+30	1.03964e+33	20939.4	4.53394e+31	162.549	266	36 	28.1928
108	914   	2.13569e+35	2.13568e+38	20938.1	6.75023e+36	164.391	263	5  	29.6222
109	905   	1.05648e+28	1.04909e+31	20939.1	3.31592e+29	166.052	253	3  	30.8839
110	920   	5.74611e+18	5.60464e+21	20907.7	1.77181e+20	168.779	245	5  	30.2131
111	910   	8.71018e+27	8.71002e+30	20862.2	2.75297e+29	167.378	247	3  	32.5503
112	924   	8.48342e+27	8.48342e+30	20862.2	2.68135e+29	167.939	252	3  	29.6159
113	906   	5.66941e+22	5.66771e+25	20861.1	1.79139e+24	166.316	241	3  	29.9367
114	920   	2.91762e+31	2.91762e+34	20857  	9.2217e+32 	164.474	244	7  	31.9802
115	912   	2.24157e+35	2.24155e+38	20796.8	7.08486e+36	159.618	259	3  	36.6367
116	913   	3.42934e+30	3.42934e+33	20566.7	1.08391e+32	155.948	266	3  	35.0609
117	874   	3.47624e+34	3.47621e+37	20566.7	1.09872e+36	152.965	242	11 	32.9992
118	904   	1.78285e+25	1.78285e+28	20545.9	5.63505e+26	146.775	270	5  	35.3837
119	898   	2.53977e+34	2.53977e+37	20545.9	8.02746e+35	149.624	270	3  	35.0871
120	910   	1.05969e+33	1.05969e+36	20347.7	3.34934e+34	148.344	270	3  	33.959 
121	926   	3.47277e+35	3.47277e+38	20293.2	1.09764e+37	148.498	270	5  	35.0511
122	895   	1.16561e+30	1.16561e+33	20293.2	3.68415e+31	148.748	270	5  	34.6336
123	906   	1.3214e+28 	1.3214e+31 	20347.7	4.17655e+29	145.294	270	3  	33.7209
124	933   	2.23651e+35	2.23622e+38	20347.7	7.068e+36  	144.723	270	5  	33.9794
125	903   	8.58565e+30	6.68092e+33	20281.1	2.15371e+32	143.635	271	4  	32.8154
126	919   	7.56162e+32	7.56161e+35	20274.1	2.39e+34   	141.418	271	3  	32.982 
127	901   	1.08257e+31	1.08257e+34	20274.1	3.42168e+32	141.301	271	5  	32.1395
128	886   	3.44602e+32	3.43851e+35	20131.4	1.08681e+34	145.278	258	3  	32.3505
129	907   	6.08548e+18	5.06338e+21	20096.2	1.60618e+20	152.049	262	9  	33.5062
130	898   	1.15006e+30	1.15006e+33	20131.4	3.63498e+31	160.003	264	5  	35.4218
131	905   	6.12908e+28	6.12908e+31	20092.7	1.93721e+30	164.725	277	7  	38.9119
132	911   	5.50661e+26	5.50657e+29	20092.7	1.74046e+28	171.106	281	5  	38.5788
133	922   	5.07711e+18	5.06704e+21	20092.7	1.60154e+20	174.082	275	5  	38.3541
134	901   	1.1667e+26 	7.0793e+28 	20010.8	2.6651e+27 	177.435	268	5  	36.9703
135	927   	3.44929e+47	3.44929e+50	19943.9	1.09022e+49	181.623	264	3  	36.2246
136	910   	1.86102e+17	9.30602e+19	19930.2	3.22383e+18	191.003	264	28 	30.8627
137	904   	3.42789e+32	3.42501e+35	19736.3	1.08254e+34	193.635	285	56 	30.0583
138	909   	2.66431e+35	2.66431e+38	19734  	8.42108e+36	194.743	264	15 	28.5297
139	916   	3.43896e+32	3.43851e+35	19711  	1.08681e+34	194.163	294	49 	28.488 
140	898   	7.16305e+25	7.16305e+28	19711  	2.26402e+27	196.212	277	47 	26.8816
141	906   	1.11562e+20	1.01556e+23	19711  	3.21683e+21	197.61 	263	5  	23.3366
142	921   	3.02157e+35	2.65267e+38	19621.5	8.4638e+36 	198.602	277	53 	23.7358
143	926   	1.44797e+30	1.44794e+33	19621.5	4.57651e+31	198.05 	296	53 	26.8394
144	880   	1.22582e+24	1.22582e+27	19621.5	3.87445e+25	200.512	291	61 	26.8987
145	898   	2.89929e+18	2.84063e+21	19524.6	8.97914e+19	201.609	297	67 	25.6518
146	916   	3.44394e+32	3.44394e+35	19524.6	1.08852e+34	201.461	300	69 	27.6151
147	912   	3.86182e+27	3.86182e+30	19457.1	1.2206e+29 	202.559	303	59 	27.4082
148	904   	9.57595e+25	8.98132e+28	19457.1	2.84475e+27	202.57 	304	66 	28.8744
149	902   	1.73552e+18	1.21733e+21	19457.1	4.04442e+19	201.767	303	73 	29.1903
150	904   	2.73896e+35	2.73866e+38	19349.5	8.65608e+36	198.287	301	68 	29.7562
151	909   	2.86814e+35	2.86813e+38	19199.4	9.06529e+36	194.061	302	45 	31.4229
152	908   	3.49403e+32	3.46188e+35	19152.9	1.09421e+34	193.606	273	56 	29.3495
153	901   	1.58594e+29	1.58439e+32	19152.9	5.00778e+30	189.946	267	58 	28.1172
154	921   	1.54662e+36	1.26585e+39	19210.4	4.09734e+37	185.677	277	5  	31.9717
155	921   	4.59188e+31	4.59188e+34	19210.4	1.45135e+33	188.68 	298	53 	30.6452
156	919   	1.419e+35  	1.41898e+38	19210.3	4.48497e+36	189.201	290	6  	30.3512
157	916   	3.48458e+30	3.48458e+33	19207.4	1.10137e+32	186.989	273	53 	32.4775
158	897   	7.0296e+25 	7.01935e+28	19126.8	2.2186e+27 	185.462	293	20 	33.4818
159	905   	6.96022e+25	6.96022e+28	19077.4	2.19992e+27	184.232	283	54 	30.9193
160	914   	3.88058e+30	1.5139e+33 	18989.8	7.13272e+31	183.575	299	17 	30.2116
161	923   	2.60472e+22	2.5971e+25 	18989.8	8.20866e+23	183.375	274	17 	31.5019
162	892   	1.44557e+30	6.16824e+32	18989.8	2.51973e+31	187.739	304	14 	30.2066
163	915   	7.36296e+30	7.36296e+33	18927.9	2.32721e+32	191.463	282	51 	29.8533
164	923   	1.12232e+19	1.03841e+22	18543.3	3.28634e+20	198.108	305	34 	29.865 
165	893   	1.59309e+29	1.59309e+32	18922.3	5.03529e+30	203.666	275	56 	27.3537
166	911   	1.49351e+27	1.49351e+30	18919.2	4.72053e+28	207.328	299	61 	26.0406
167	915   	9.65394e+18	9.55396e+21	18892.5	3.01981e+20	210.174	284	63 	26.8272
168	895   	7.6831e+17 	4.39163e+20	18835.2	1.57096e+19	215.447	332	71 	26.1631
169	931   	2.65931e+30	2.47998e+33	18324.2	7.85837e+31	215.313	307	66 	26.2245
170	889   	2.27848e+19	2.27221e+22	18323.8	7.18176e+20	215.219	342	108	27.0227
171	920   	1.24177e+30	1.23746e+33	18247.8	3.91124e+31	214.776	336	37 	29.4919
172	905   	3.79354e+30	3.79345e+33	18257.2	1.19899e+32	214.554	336	72 	27.8685
173	894   	6.87771e+32	3.43966e+35	18178.6	1.53583e+34	215.642	297	64 	29.4688
174	903   	8.01623e+27	6.0586e+30 	18097.5	2.01181e+29	217.569	303	52 	30.3256
175	906   	9.90931e+25	9.90931e+28	18097.5	3.13203e+27	222.031	317	95 	30.5892
176	921   	2.72131e+29	2.69329e+32	18096.1	8.51287e+30	228.448	319	85 	32.2688
177	885   	3.62018e+16	3.28607e+19	18074.3	1.04061e+18	238.244	374	94 	32.1071
178	884   	4.01842e+25	4.01815e+28	18022.7	1.27002e+27	246.197	333	71 	30.3718
179	903   	5.41949e+23	5.41938e+26	18021.8	1.7129e+25 	250.897	351	125	28.0049
180	907   	1.29246e+44	1.29246e+47	18021.8	4.08506e+45	254.379	351	117	27.0388
181	904   	2.45658e+26	2.45658e+29	17960.8	7.76449e+27	256.62 	331	123	26.8932
182	899   	3.91545e+29	3.76894e+32	17949.7	1.19209e+31	257.035	365	121	26.8108
183	925   	3.10343e+35	3.10343e+38	17933  	9.809e+36  	255.328	313	118	28.8216
184	912   	2.04713e+28	1.45802e+31	17899.9	4.93984e+29	258.346	344	92 	28.9017
185	910   	2.43207e+23	2.43207e+26	17839.8	7.68704e+24	260.638	332	92 	27.6796
186	906   	1.5434e+18 	1.51111e+21	17908.1	4.77664e+19	261.213	335	127	27.8856
187	901   	2.33396e+30	2.3337e+33 	17906  	7.37612e+31	259.48 	376	44 	31.2474
188	936   	1.99163e+19	1.91723e+22	17815.5	6.06324e+20	260.995	342	123	27.6926
189	913   	3.75985e+20	3.74265e+23	17815.5	1.18294e+22	257.1  	348	115	28.9205
190	908   	2.03569e+30	2.03569e+33	17815.5	6.43419e+31	254.713	344	85 	29.6245
191	942   	1.74941e+30	1.7494e+33 	17815.5	5.52934e+31	253.884	337	79 	27.9182
192	901   	2.28534e+31	2.28534e+34	17814  	7.22328e+32	252.049	347	122	29.82  
193	937   	9.15634e+25	9.15634e+28	17799  	2.89404e+27	252.701	351	128	26.0882
194	914   	6.86561e+18	5.18747e+21	17757.8	1.72034e+20	248.555	333	79 	31.0315
195	913   	6.65308e+28	6.10347e+31	17757.8	1.93675e+30	249.037	333	105	30.9903
196	914   	7.80281e+28	7.80281e+31	17754.3	2.46623e+30	251.922	338	105	30.8116
197	924   	3.11212e+35	3.11212e+38	17754.3	9.83645e+36	253.457	359	88 	32.7605
198	904   	4.77498e+29	4.77498e+32	17754.3	1.50923e+31	258.523	351	86 	31.1862
199	908   	1.22332e+23	1.14366e+26	17715  	3.62323e+24	261.546	367	127	31.0872
200	912   	2.33856e+31	2.33856e+34	17712.9	7.39148e+32	266.615	379	84 	32.8432
201	899   	1.63201e+32	1.3182e+35 	17656.1	4.2379e+33 	268.888	344	123	31.7512
202	875   	1.43092e+28	1.43092e+31	17656.1	4.52271e+29	261.733	342	123	31.9609
203	918   	1.09492e+28	1.09491e+31	17648.4	3.46067e+29	255.973	351	123	29.904 
204	897   	2.54257e+43	2.54257e+46	17651.5	8.0363e+44 	251.933	354	114	29.6526
205	905   	1.43092e+28	1.43092e+31	17626.4	4.52271e+29	251.915	354	95 	30.5303
206	940   	4.33266e+17	2.46722e+20	17598.6	8.25638e+18	253.136	356	117	30.8211
207	906   	5.78514e+17	2.70244e+20	17057.1	1.16395e+19	256.064	355	102	29.1493
208	926   	3.68325e+32	3.48473e+35	17057.1	1.10314e+34	256.602	354	123	28.4312
209	893   	7.61249e+33	7.61249e+36	17040.3	2.40608e+35	254.262	355	123	27.298 
210	926   	3.04784e+35	3.04784e+38	16955.6	9.63329e+36	251.977	384	109	29.3844
211	895   	1.57485e+27	8.10194e+29	16954.7	3.51941e+28	252.973	355	122	27.5265
212	892   	1.60494e+32	1.60494e+35	16954.7	5.07274e+33	252.928	355	121	28.2925
213	899   	1.96062e+35	1.95716e+38	16817.6	6.18599e+36	257.96 	407	119	31.8967
214	908   	2.63099e+31	2.33856e+34	16817.6	7.44784e+32	263.551	382	84 	32.1622
215	908   	8.90977e+33	8.90977e+36	16816.1	2.81611e+35	271.313	358	114	31.5638
216	912   	1.67524e+16	1.61698e+19	16781  	5.11189e+17	272.554	356	121	29.9434
217	911   	3.47267e+32	3.45193e+35	16781  	1.09106e+34	274.006	376	121	30.3576
218	919   	5.99407e+35	3.0502e+38 	16781  	1.33918e+37	277.23 	424	121	32.9354
219	926   	8.55204e+18	8.29368e+21	16781  	2.62221e+20	279.707	387	121	32.5652
220	919   	2.5608e+43 	2.5608e+46 	16745.3	8.09392e+44	281.011	358	121	31.5966
221	904   	2.29924e+27	2.29924e+30	16712.2	7.2672e+28 	284.151	368	123	29.0725
222	908   	1.50774e+27	1.40249e+30	16712.2	4.44499e+28	281.884	381	123	32.5739
223	908   	2.58038e+43	2.58038e+46	16662.3	8.15578e+44	273.979	361	91 	39.6389
224	921   	8.55501e+25	8.55248e+28	16662.3	2.70318e+27	270.358	366	84 	39.7225
225	879   	1.92109e+26	1.92107e+29	16662.3	6.07193e+27	272.567	361	95 	39.3616
226	902   	4.48483e+25	4.48483e+28	16635.6	1.41752e+27	280.616	374	94 	35.7502
227	920   	8.55248e+25	8.55248e+28	16635.6	2.70318e+27	288.186	368	107	32.8643
228	905   	9.14446e+30	9.14446e+33	16567.4	2.89029e+32	295.171	369	139	31.0471
229	920   	3.03343e+35	3.03343e+38	16567.4	9.58775e+36	298.592	385	107	32.4108
230	918   	3.00349e+27	3.00349e+30	16363.1	9.49312e+28	302.775	385	123	31.0753
231	912   	1.49963e+26	1.4984e+29 	16565.5	4.73599e+27	301.236	388	137	33.9139
232	927   	1.01392e+26	1.01392e+29	16405.5	3.20471e+27	296.564	388	131	37.6351
233	911   	2.5829e+20 	2.58183e+23	16405.5	8.16039e+21	294.416	403	131	40.0736
234	913   	5.13126e+31	5.13126e+34	16405.4	1.62183e+33	294.767	392	142	39.9244
235	940   	8.08767e+17	2.55622e+20	16351.3	1.36664e+19	299.565	404	133	39.7059
236	920   	1.5891e+21 	1.58877e+24	16386.9	5.02163e+22	301.76 	437	119	37.5629
237	903   	3.10617e+30	3.10605e+33	16403.8	9.81729e+31	299.821	404	90 	41.0711
238	921   	5.81052e+37	5.8105e+40 	16402.1	1.83652e+39	299.627	406	86 	37.5429
239	917   	4.57702e+28	4.55098e+31	16385.9	1.43844e+30	302.423	413	101	37.4023
240	932   	3.26992e+35	3.26991e+38	16381.4	1.03352e+37	309.93 	437	140	35.7829
241	905   	8.66788e+30	8.60684e+33	16381.4	2.72041e+32	313.075	403	131	38.5101
242	903   	9.27472e+33	9.26976e+36	16336.9	2.92989e+35	316.368	404	143	35.494 
243	903   	6.22586e+18	5.86483e+21	16197.6	1.85605e+20	315.63 	426	133	36.6454
244	899   	4.56063e+36	4.56063e+39	16161.2	1.44148e+38	314.082	425	149	36.2166
245	904   	1.69064e+29	1.69064e+32	16161.2	5.3436e+30 	310.687	425	117	37.7746
246	907   	3.44917e+26	1.28694e+29	16161.2	6.3695e+27 	310.888	427	141	35.6909
247	929   	8.54047e+18	8.52553e+21	16134.9	2.69466e+20	311.069	385	122	32.6986
248	916   	6.39461e+31	6.39461e+34	16092.8	2.02114e+33	308.769	395	115	35.4933
249	906   	1.96417e+19	1.80644e+22	16027.3	5.71722e+20	309.635	383	172	31.0718
250	900   	1.28727e+26	1.28727e+29	16005.4	4.06865e+27	308.39 	381	139	31.2411
251	903   	3.08397e+35	3.08397e+38	16005.4	9.74749e+36	306.083	387	92 	30.5467
252	910   	1.30209e+29	1.25938e+32	16005.4	3.98255e+30	300.746	408	139	31.808 
253	907   	1.85705e+32	1.81882e+35	16005.4	5.74988e+33	296.369	394	132	33.2762
254	912   	1.19582e+26	1.19582e+29	15661.6	3.77962e+27	289.453	382	143	29.9087
255	927   	3.31816e+35	3.31067e+38	15661.6	1.0464e+37 	282.013	398	144	27.3232
256	884   	3.31068e+35	3.31067e+38	15616.5	1.0464e+37 	279.406	364	140	27.2916
257	944   	1.13621e+20	7.98874e+22	15616.5	2.7051e+21 	277.786	368	148	24.7143
258	901   	3.31067e+35	3.31067e+38	15607.4	1.0464e+37 	277.7  	381	146	26.4019
259	888   	9.27151e+33	9.26976e+36	15533.5	2.92989e+35	279.259	389	141	26.9344
260	899   	1.7616e+29 	1.58632e+32	15533.5	5.04384e+30	279.62 	381	141	27.0047
261	924   	8.43332e+31	8.42899e+34	15220.4	2.66415e+33	280.425	381	5  	28.619 
262	908   	4.11001e+27	4.11001e+30	15220.4	1.29905e+29	281.523	385	139	28.7349
263	898   	1.67233e+24	1.67233e+27	15220.4	5.28573e+25	282.532	401	125	32.8303
264	919   	9.06562e+30	9.06562e+33	15120.9	2.86537e+32	286.893	413	112	37.8576
265	913   	1.00863e+18	5.21045e+20	15120.9	1.94739e+19	292.016	403	95 	42.138 
266	891   	3.68473e+25	3.64651e+28	15122.3	1.1526e+27 	301.4  	403	143	40.7285
267	907   	9.17283e+25	9.17282e+28	15122.3	2.89925e+27	304.095	408	134	41.0954
268	906   	1.2749e+26 	1.2749e+29 	15155.3	4.02957e+27	300.98 	403	136	39.2576
269	890   	1.00687e+22	1.00519e+25	15155  	3.17711e+23	292.226	395	97 	37.2637
270	908   	1.26721e+33	1.06135e+36	15114.1	3.41029e+34	284.133	402	135	35.1528
271	909   	5.37329e+25	5.37226e+28	15030.8	1.69801e+27	277.622	402	44 	32.6334
272	936   	3.29855e+32	3.29847e+35	15030.8	1.04255e+34	274.042	380	135	28.5075
273	911   	1.30694e+32	1.19402e+35	14913.6	3.79043e+33	273.732	387	141	29.2014
274	921   	1.76669e+36	1.46671e+39	14913.6	4.73085e+37	277.6  	402	141	29.724 
275	915   	3.26022e+27	2.6047e+30 	14913.6	8.48737e+28	279.595	402	111	32.6249
276	918   	3.08397e+35	3.08397e+38	14894.8	9.74749e+36	285.046	404	136	32.2242
277	904   	2.90746e+35	2.90746e+38	14912.8	9.18959e+36	290.073	426	126	35.453 
278	902   	6.8074e+30 	6.8074e+33 	14898.8	2.15161e+32	294.605	412	136	33.4074
279	921   	9.43315e+30	9.43315e+33	14890.2	2.98153e+32	296.028	452	64 	36.8934
280	899   	2.51959e+29	1.60771e+32	14894.2	5.83944e+30	292.402	413	95 	33.6107
281	915   	3.89363e+19	2.16351e+22	14894.2	7.48243e+20	289.012	413	112	31.1064
282	907   	2.0866e+27 	1.97116e+30	14872.2	6.24055e+28	286.303	417	112	30.5217
283	885   	1.21703e+34	1.21609e+37	14822.7	3.84369e+35	289.765	419	126	33.8422
284	907   	6.65533e+32	6.65533e+35	14822.7	2.10355e+34	290.354	444	147	36.1762
285	913   	8.56633e+25	8.56633e+28	14762.9	2.70756e+27	288.341	396	105	38.7541
286	925   	1.94557e+30	1.94557e+33	14762.9	6.14934e+31	290.028	416	133	38.3082
287	909   	1.03267e+35	1.03267e+38	14656.5	3.26395e+36	290.271	424	114	37.8833
288	907   	7.41184e+18	7.15467e+21	14656.5	2.26242e+20	288.439	408	139	33.7203
289	922   	1.32914e+32	1.32914e+35	14656.5	4.20101e+33	286.602	397	131	31.4063
290	902   	1.93204e+26	1.0754e+29 	14656.5	4.34348e+27	288.383	408	126	30.1773
291	915   	3.84266e+18	3.6851e+21 	14656.5	1.16522e+20	288.266	388	142	26.952 
292	904   	6.66535e+35	6.66535e+38	14656.2	2.10671e+37	287.411	381	100	27.3883
293	903   	3.69436e+18	3.6851e+21 	14580.6	1.16475e+20	286.816	367	127	26.625 
294	905   	8.56633e+25	8.56633e+28	14580.6	2.70756e+27	289.994	369	134	25.6264
295	908   	5.08585e+30	5.08585e+33	14580.6	1.60748e+32	290.042	377	129	26.9564
296	924   	5.05564e+34	5.05513e+37	14580.6	1.59777e+36	294.425	381	136	27.3786
297	900   	5.49606e+17	2.53505e+20	14580.2	9.69704e+18	294.66 	381	118	28.8025
298	947   	9.06271e+19	7.98874e+22	14580.6	2.53647e+21	294.422	419	149	28.7876
299	904   	7.87735e+18	7.00344e+21	14566.9	2.2168e+20 	292.682	381	132	30.0147
300	886   	1.44643e+26	1.44643e+29	14539.4	4.57171e+27	289.86 	381	124	29.6912
301	885   	3.17482e+35	3.17414e+38	14508.2	1.00325e+37	289.158	384	125	31.7584
302	909   	3.17414e+35	3.17414e+38	14508.1	1.00325e+37	290.574	417	132	33.3901
303	918   	7.04811e+18	6.9261e+21 	14508.1	2.18921e+20	294.357	400	141	31.3791
304	906   	2.84254e+26	1.76039e+29	14505  	6.52835e+27	297.335	392	143	32.3105
305	897   	1.50846e+31	1.50845e+34	14471.1	4.76775e+32	297.709	384	138	29.2501
306	927   	5.08585e+30	5.08585e+33	14471.1	1.60748e+32	299.598	396	163	29.956 
307	905   	4.93027e+42	4.93027e+45	14464.1	1.55831e+44	299.992	405	122	32.3948
308	907   	8.85783e+18	8.70295e+21	14461.5	2.7509e+20 	303    	402	142	33.4216
309	912   	5.00056e+30	5.00036e+33	14439  	1.58046e+32	306.911	417	155	36.1079
310	924   	5.14459e+34	5.14385e+37	14422.1	1.62581e+36	312.162	419	108	42.941 
311	905   	2.70695e+38	2.70695e+41	14375.9	8.55584e+39	320.063	434	145	47.1639
312	885   	3.74824e+17	1.17512e+20	14417.3	5.78592e+18	330.198	454	155	49.5112
313	922   	8.85617e+18	7.75822e+21	14377.5	2.45672e+20	334.245	453	119	48.3832
314	892   	4.83198e+17	2.46665e+20	14377.5	9.22968e+18	335.83 	495	142	49.5017
315	905   	9.60626e+18	8.47004e+21	14334.9	2.68452e+20	329.197	452	99 	46.6566
316	907   	5.16723e+26	5.16723e+29	14314.6	1.6332e+28 	326.502	454	129	44.8786
317	905   	1.09284e+31	1.09282e+34	14314.6	3.45409e+32	324.877	436	131	44.9126
318	904   	6.30394e+17	2.96721e+20	14209.9	1.23154e+19	330.208	459	147	44.2146
319	912   	3.34852e+18	3.0578e+21 	14209.9	9.69368e+19	329.577	462	145	44.9758
320	906   	1.71212e+30	1.71212e+33	14209.9	5.4115e+31 	329.289	503	149	47.8874
321	905   	1.74526e+32	1.69165e+35	14209.9	5.34928e+33	334.831	449	159	49.3713
322	913   	1.40726e+32	1.30769e+35	14208.3	4.14486e+33	342.808	455	149	49.496 
323	913   	1.76645e+28	1.75273e+31	14192.3	5.53998e+29	348.28 	514	155	50.8486
324	904   	1.51724e+20	1.51679e+23	14130.8	4.79411e+21	354.366	466	145	47.7992
325	911   	1.63772e+26	1.63772e+29	14141.6	5.17634e+27	350.844	513	158	44.7978
326	928   	1.26993e+20	1.16684e+23	14137.5	3.69696e+21	341.939	482	148	42.661 
327	883   	2.21208e+18	9.86661e+20	14105.1	4.4561e+19 	335.414	488	163	36.0144
328	915   	9.66722e+31	9.66722e+34	14105.1	3.05551e+33	331.378	442	172	30.5844
329	907   	1.60357e+29	1.60357e+32	14105.1	5.06839e+30	330.857	431	145	27.7991
330	912   	2.69144e+48	2.69144e+51	14093.5	8.50683e+49	331.036	416	171	26.1025
331	904   	5.70561e+30	5.25267e+33	14093.5	1.66623e+32	329.753	400	172	26.827 
332	923   	3.17197e+30	3.17138e+33	14093.5	1.00238e+32	328.635	408	163	27.5682
333	912   	1.70734e+34	1.70734e+37	14093.5	5.39637e+35	329.706	451	158	27.4118
334	902   	7.26416e+18	7.09532e+21	14085.7	2.24306e+20	328.896	451	144	29.482 
335	895   	1.36241e+29	1.36241e+32	14093.5	4.30615e+30	328.573	466	156	30.2031
336	901   	1.16774e+32	1.16736e+35	14067.2	3.68966e+33	329.811	415	162	27.2512
337	920   	1.36195e+26	1.36195e+29	13988.2	4.3047e+27 	329.812	398	156	27.5456
338	915   	1.00256e+32	9.96678e+34	13963.2	3.15023e+33	328.707	395	133	29.5484
339	892   	9.87596e+30	9.87596e+33	13963.2	3.12149e+32	328.25 	403	156	30.3445
340	908   	2.69144e+48	2.69144e+51	13988.2	8.50683e+49	328.25 	404	155	26.715 
341	906   	3.35336e+35	3.35336e+38	13987.5	1.0599e+37 	330.923	452	157	27.4372
342	919   	3.70122e+30	2.82624e+33	13954.3	9.34855e+31	330.565	420	153	31.1116
343	909   	2.58761e+30	2.58761e+33	13949.9	8.17865e+31	330.944	427	153	27.7549
344	917   	1.34837e+30	1.34821e+33	13944.1	4.26127e+31	330.42 	440	120	28.8645
345	903   	2.97506e+18	2.76594e+21	13941.5	8.76604e+19	329.026	404	154	27.6161
346	907   	4.06285e+35	4.06285e+38	13941.5	1.28414e+37	329.196	424	153	26.5194
347	887   	4.81393e+30	4.81391e+33	13935.4	1.52153e+32	328.735	401	154	26.5206
348	925   	4.72631e+17	4.58429e+20	13927  	1.44911e+19	329.625	462	155	27.7485
349	914   	1.65401e+26	1.65401e+29	13927  	5.22782e+27	329.929	469	153	30.7625
350	914   	3.60274e+19	3.56245e+22	13927.9	1.126e+21  	333.113	474	153	32.3608
351	898   	1.49497e+29	1.49497e+32	13927.9	4.72513e+30	336.937	468	153	31.5435
352	891   	1.65739e+26	1.65401e+29	13907.5	5.22782e+27	339.203	468	151	33.113 
353	911   	5.0218e+17 	2.35987e+20	13878.8	1.05206e+19	339.592	468	155	31.4545
354	889   	3.94467e+17	3.89567e+20	13718.8	1.23137e+19	339.081	468	153	31.984 
355	909   	1.50179e+18	9.86661e+20	13667.1	3.43971e+19	339.417	472	153	30.2081
356	900   	2.43595e+28	2.43558e+31	13667.1	7.69811e+29	340.435	470	182	28.5021
357	914   	2.56087e+35	2.56087e+38	13667.1	8.09414e+36	339.692	437	156	28.2417
358	903   	6.73258e+25	6.73258e+28	13667.1	2.12796e+27	337.981	437	159	29.5852
359	909   	4.79307e+26	4.79307e+29	13665.7	1.51494e+28	339.192	478	141	29.1264
360	909   	1.29882e+37	1.29882e+40	13583.4	4.10519e+38	340.594	451	161	28.7798
361	927   	2.54917e+32	2.54893e+35	13583.4	8.05639e+33	342.026	404	150	28.763 
362	902   	1.61425e+26	1.61425e+29	13571.7	5.10215e+27	342.24 	428	148	29.2968
363	914   	4.96516e+30	4.96153e+33	13571.7	1.56819e+32	346.072	428	165	26.3874
364	905   	1.51267e+29	1.51267e+32	12954  	4.78108e+30	347.578	420	169	24.1404
365	896   	1.67731e+26	1.67728e+29	12954  	5.30136e+27	346.892	427	165	24.4636
366	899   	3.17839e+35	3.1579e+38 	12954  	9.98132e+36	348.883	424	165	21.2551
367	914   	1.74962e+29	1.74962e+32	12954  	5.53001e+30	347.524	424	171	27.2854
368	919   	6.04374e+30	5.41197e+33	12954  	1.72198e+32	347.718	502	169	27.3806
369	902   	3.68055e+19	1.43291e+22	12881.7	6.73313e+20	348.498	485	169	26.2681
370	906   	3.20154e+20	3.1955e+23 	12881.7	1.01e+22   	349.479	428	159	26.3685
371	911   	3.18229e+35	3.1806e+38 	12880  	1.00529e+37	347.503	443	167	29.7623
372	913   	5.51868e+26	2.25583e+29	12866.6	1.01902e+28	351.808	445	87 	30.3782
373	897   	7.14469e+29	7.14469e+32	12866.6	2.25822e+31	354.691	454	171	29.0109
374	907   	1.28401e+32	1.28401e+35	12866.6	4.05837e+33	355.428	445	160	30.2254
375	881   	6.2119e+17 	3.20018e+20	12861.3	1.2648e+19 	355.267	452	173	29.5527
376	921   	1.34321e+36	1.1584e+39 	12810  	3.70708e+37	353.834	465	175	30.1643
377	900   	2.1748e+20 	2.16844e+23	12810  	6.85377e+21	354.415	482	162	30.4357
378	893   	7.01093e+28	7.01093e+31	12810  	2.21594e+30	354.482	489	186	29.1438
379	939   	2.63733e+28	2.63733e+31	12810  	8.33581e+29	352.462	473	182	30.1748
380	901   	7.01093e+28	7.01093e+31	12796.8	2.21594e+30	352.11 	490	173	31.9178
381	919   	4.03034e+27	4.03034e+30	12799  	1.27387e+29	351.963	488	177	30.8121
382	903   	3.34097e+35	3.34097e+38	12799  	1.05598e+37	354.55 	475	180	30.7826
383	904   	2.37184e+17	2.21179e+20	12799  	6.99307e+18	351.438	549	182	33.6607
384	888   	3.72376e+24	3.72376e+27	12799  	1.17697e+26	350.405	514	165	31.5361
385	905   	5.13094e+30	5.13094e+33	12713.9	1.62173e+32	345.393	468	162	31.053 
386	917   	5.60825e+31	5.15635e+34	12713.9	1.63587e+33	341.088	470	156	32.9709
387	915   	1.3983e+24 	1.39827e+27	12713.9	4.41949e+25	337.952	450	155	31.3577
388	910   	1.12697e+35	1.12696e+38	12692.5	3.56198e+36	334.249	450	147	32.8071
389	909   	1.25688e+19	7.27423e+21	12602.2	2.74867e+20	334.484	479	162	30.6555
390	913   	1.46823e+31	1.46823e+34	12602.2	4.64064e+32	332.596	479	147	30.7906
391	917   	9.45352e+18	5.21678e+21	12705.6	1.92664e+20	333.543	519	162	31.6795
392	887   	1.10392e+27	1.10392e+30	12705.6	3.48917e+28	333.68 	500	143	37.4429
393	899   	1.01678e+31	1.00612e+34	12655.2	3.18019e+32	339.405	500	166	41.6128
394	886   	6.7326e+25 	6.73258e+28	12678  	2.12796e+27	348.773	513	179	47.2796
395	883   	3.65706e+29	3.65706e+32	12604  	1.15589e+31	359.749	515	154	59.9671
396	885   	3.31903e+31	2.79915e+34	12604  	8.99694e+32	383.456	513	166	67.6978
397	906   	5.76618e+28	5.73584e+31	12604  	1.81294e+30	409.137	560	187	67.3939
398	901   	3.3274e+35 	3.3274e+38 	12587.7	1.05169e+37	421.832	553	179	63.6401
399	883   	5.19881e+30	5.19881e+33	12587.7	1.64318e+32	418.423	529	163	65.4358
400	900   	2.49621e+18	2.47968e+21	12587.5	7.83754e+19	414.475	543	167	67.3632
401	887   	4.11381e+27	4.11381e+30	12587.7	1.30025e+29	411.542	639	183	68.6688
402	908   	9.72083e+18	8.9906e+21 	12585.8	2.84441e+20	403.167	584	186	68.1925
403	912   	8.38437e+17	8.13917e+20	12581.3	2.57298e+19	406.908	588	155	74.9559
404	907   	8.49312e+18	7.85161e+21	12516.7	2.48565e+20	425.298	604	225	79.4365
405	915   	1.7203e+26 	1.7203e+29 	12516.7	5.43735e+27	448.736	631	169	76.0421
406	911   	6.62082e+17	6.20352e+20	12516.7	1.96501e+19	473.376	584	171	62.2302
407	913   	1.09493e+31	1.09493e+34	12516.7	3.46074e+32	486.053	594	183	50.2728
408	909   	1.46434e+19	7.27423e+21	12516.7	3.24996e+20	492.676	664	185	47.7999
409	905   	2.17186e+20	2.17182e+23	12514.3	6.86448e+21	496.973	657	181	52.4825
410	896   	5.17583e+30	5.17583e+33	12510  	1.63592e+32	493.442	701	190	58.4949
411	899   	9.13591e+27	9.13591e+30	12495.3	2.88758e+29	479.914	595	159	62.7832
412	922   	1.06207e+19	1.04691e+22	12490.5	3.30925e+20	466.016	621	183	65.1014
413	913   	7.87799e+28	7.87799e+31	12401.5	2.48999e+30	462.712	621	171	67.7758
414	882   	2.47531e+17	2.38806e+20	12401.5	7.55054e+18	452.96 	660	171	74.9956
415	914   	4.10692e+31	4.10654e+34	12374  	1.29795e+33	440.629	567	192	78.9728
416	901   	1.79605e+28	1.77107e+31	12374  	5.5983e+29 	434.718	577	158	81.3618
417	891   	2.90285e+16	2.06086e+19	12374  	6.76588e+17	437.125	607	163	80.8886
418	914   	9.88146e+30	9.88145e+33	12374  	3.12323e+32	437.668	609	190	77.1517
419	902   	1.53506e+18	7.82336e+20	12365.1	3.31943e+19	434.934	579	163	74.9618
420	886   	1.37422e+25	1.37422e+28	12374  	4.34349e+26	429.618	573	165	75.9658
421	906   	3.29419e+31	2.95568e+34	12357.4	9.38758e+32	428.796	573	159	71.9444
422	932   	1.54521e+29	1.54521e+32	12357.4	4.88394e+30	429.656	575	186	70.0679
423	924   	3.4764e+17 	2.38806e+20	12333.4	8.08334e+18	430.029	593	165	72.0548
424	908   	3.36696e+35	3.36693e+38	12310.5	1.06419e+37	420.85 	579	132	71.9788
425	902   	3.60619e+28	3.60619e+31	12311.4	1.13981e+30	410.6  	596	175	72.766 
426	904   	3.42062e+35	3.42062e+38	12309  	1.08115e+37	395.306	575	175	73.5437
427	894   	3.71109e+17	3.47377e+20	12309  	1.09934e+19	385.49 	575	173	68.7452
428	916   	8.92755e+33	8.92744e+36	12309  	2.82169e+35	383.297	589	163	68.4557
429	883   	5.18531e+18	4.9384e+21 	12267.1	1.56264e+20	373.933	646	171	62.8342
430	919   	8.92748e+33	8.92744e+36	12290.8	2.82169e+35	363.336	577	169	57.3087
431	921   	4.59208e+17	2.22582e+20	12300  	9.94576e+18	358.697	576	175	49.9008
432	908   	3.22115e+17	2.36862e+20	12296.7	7.64618e+18	350.809	543	165	38.107 
433	908   	2.88806e+26	1.6717e+29 	12282.2	6.53129e+27	347.472	563	169	34.5355
434	917   	7.9073e+27 	4.25553e+30	12269.7	1.77151e+29	346.402	526	77 	31.8836
435	914   	3.01132e+20	3.0113e+23 	12229.1	9.51782e+21	347.465	507	173	28.0013
436	906   	2.01301e+21	2.01291e+24	12213.7	6.36221e+22	348.788	463	177	25.0673
437	901   	1.83225e+23	1.83225e+26	12190.9	5.79119e+24	347.915	443	171	26.269 
438	916   	7.53468e+18	7.27422e+21	12190.9	2.29971e+20	346.776	423	163	25.7703
439	916   	1.58322e+28	1.58322e+31	12190.9	5.00406e+29	345.514	452	169	26.1206
440	904   	6.8147e+25 	6.73258e+28	12190.9	2.1281e+27 	345.098	477	173	26.6905
441	895   	3.91557e+30	3.91557e+33	12183.9	1.23759e+32	344.729	462	171	23.6716
442	908   	8.22882e+29	8.22838e+32	12116.7	2.60074e+31	344.898	431	174	23.7239
443	904   	6.3597e+17 	3.95009e+20	12116.7	1.32916e+19	345.207	419	180	24.4469
444	913   	5.79662e+20	5.66642e+23	12084.9	1.79141e+22	345.457	433	107	28.2799
445	899   	7.90377e+23	7.90362e+26	12084.9	2.49809e+25	348.937	433	177	24.4569
446	914   	1.8928e+32 	1.87009e+35	12084.9	5.91116e+33	350.163	476	170	27.3482
447	898   	5.88653e+27	5.88653e+30	12084.9	1.86055e+29	352.036	449	181	25.4808
448	883   	5.85344e+28	5.83672e+31	12084.9	1.84481e+30	354.189	461	178	26.102 
449	896   	8.89503e+20	8.25669e+23	12084.9	2.61483e+22	355.93 	454	167	26.2157
450	913   	4.39285e+26	1.78916e+29	12083.3	8.25531e+27	356.78 	449	102	27.2419
451	907   	5.43357e+27	5.43337e+30	12078.9	1.71732e+29	356.054	449	179	25.7437
452	905   	2.44845e+20	2.39198e+23	12070.4	7.56187e+21	356.089	449	176	28.1914
453	921   	1.976e+26  	1.97569e+29	12070.4	6.24456e+27	356.257	449	155	27.7723
454	912   	1.0157e+28 	1.0157e+31 	12050.6	3.21033e+29	357.026	458	175	28.7329
455	913   	4.99466e+20	4.98332e+23	12050.6	1.57507e+22	355.848	477	177	26.6845
456	913   	4.90655e+27	4.90655e+30	12044.2	1.55081e+29	356.996	482	151	26.72  
457	905   	1.41242e+33	1.41242e+36	12050.3	4.46423e+34	357.206	482	163	30.0759
458	918   	2.34734e+35	2.31552e+38	12049.9	7.31924e+36	358.647	482	171	27.1734
459	895   	1.96587e+30	1.96583e+33	12045.3	6.2134e+31 	359.877	482	177	27.3859
460	920   	9.76401e+24	9.76401e+27	12044.3	3.08611e+26	361.599	480	167	27.4797
461	916   	3.7415e+19 	3.57452e+22	12049.8	1.13056e+21	363.188	483	164	27.0933
462	902   	4.77536e+27	4.77536e+30	12034.1	1.50934e+29	364.116	476	192	27.052 
463	920   	3.87733e+17	2.12387e+20	12034.1	8.12368e+18	364.992	471	177	31.143 
464	912   	3.79213e+20	3.78648e+23	12028.3	1.19679e+22	368.099	486	179	32.0808
465	892   	7.54582e+45	7.54582e+48	12024.6	2.385e+47  	372.002	492	171	39.0379
466	907   	3.39632e+27	3.39486e+30	12010.6	1.07301e+29	380.458	495	175	39.1737
467	920   	8.37717e+24	8.37717e+27	12010.6	2.64777e+26	384.387	505	177	38.9532
468	898   	3.38708e+35	3.38649e+38	12009.5	1.07037e+37	390.324	504	200	40.0915
469	913   	1.55771e+16	7.25676e+18	12009.5	2.76494e+17	395.071	505	175	42.9962
470	887   	1.14414e+17	8.56775e+19	11987  	2.78365e+18	399.096	521	179	45.6098
471	888   	2.47683e+17	2.36415e+20	11987  	7.47388e+18	403.056	516	175	45.1179
472	897   	3.15228e+21	3.15206e+24	11954  	9.96269e+22	402.511	515	179	47.2517
473	905   	3.38649e+35	3.38649e+38	11905.1	1.07037e+37	400.733	525	177	48.5896
474	903   	1.91231e+23	1.88051e+26	11905  	5.94445e+24	396.888	519	181	44.1428
475	926   	6.75048e+17	2.38809e+20	11905.1	1.15009e+19	391.528	517	177	42.2535
476	917   	7.87275e+28	7.8697e+31 	11928.5	2.48737e+30	386.99 	517	171	42.0459
477	879   	6.83363e+35	3.44695e+38	11890.3	1.52653e+37	384.495	506	179	40.811 
478	901   	1.52833e+30	1.52816e+33	11890.3	4.83005e+31	385.079	507	243	37.8688
479	916   	4.18748e+29	4.18573e+32	11890.3	1.32298e+31	386.206	561	169	42.2397
480	920   	2.9073e+40 	2.9073e+43 	11891.2	9.18911e+41	388.731	577	173	42.758 
481	911   	6.29071e+15	3.96351e+18	11891.2	1.40009e+17	393.754	503	181	41.3229
482	928   	3.39274e+35	3.39274e+38	11891.2	1.07234e+37	396.99 	522	179	44.5749
483	916   	3.51047e+17	2.29928e+20	11891.2	7.71498e+18	404.004	505	173	43.1627
484	917   	8.10589e+29	8.10589e+32	11873.4	2.56202e+31	408.38 	503	176	44.0189
485	892   	2.53715e+19	1.96014e+22	11873.4	6.4105e+20 	414.019	533	179	40.8212
486	919   	6.70734e+25	6.70734e+28	11871.3	2.11999e+27	413.962	553	173	39.4396
487	900   	8.93653e+33	8.93572e+36	11852.8	2.82431e+35	416.936	510	179	35.8376
488	886   	2.58223e+27	2.4638e+30 	11841.3	7.79593e+28	415.37 	507	179	39.0904
489	904   	4.97087e+30	3.99903e+33	11824.9	1.29779e+32	415.014	618	179	38.4838
490	899   	5.73986e+22	5.73981e+25	11838.1	1.81418e+24	413.499	509	179	37.3423
491	915   	9.06579e+17	4.67466e+20	11807  	1.62726e+19	411.761	529	163	36.2545
492	903   	1.24868e+28	1.2433e+31 	11797.6	3.9297e+29 	410.619	525	179	34.5346
493	891   	2.78871e+32	2.78871e+35	11797.6	8.81425e+33	408.484	521	183	31.7026
494	905   	5.90965e+19	5.32376e+22	11796.6	1.68803e+21	406.09 	520	178	30.3892
495	914   	7.16202e+29	7.16025e+32	11810.3	2.26314e+31	403.66 	516	183	32.72  
496	908   	2.36514e+27	2.2873e+30 	11722.6	7.23339e+28	403.577	515	217	29.9029
497	901   	4.24102e+21	4.24076e+24	11722.6	1.34037e+23	402.7  	576	183	32.586 
498	919   	7.942e+31  	7.942e+34  	11722.6	2.51023e+33	403.866	509	179	29.9327
499	913   	6.59039e+25	6.59039e+28	11722.6	2.08302e+27	404.237	488	179	32.0368
500	921   	1.98256e+26	1.98256e+29	11689.2	6.26625e+27	403.372	477	179	30.332 