   	      	                      fitness                      	              size             
   	      	---------------------------------------------------	-------------------------------
gen	nevals	avg        	max        	min    	std        	avg    	max	min	std    
0  	1000  	2.05014e+89	2.05014e+92	57846.8	6.47988e+90	13.096 	100	3  	14.3123
1  	924   	3.6977e+39 	3.6977e+42 	61242.8	1.16873e+41	11.659 	99 	2  	11.5282
2  	927   	6.78538e+31	6.78538e+34	44610.5	2.14465e+33	13.235 	98 	2  	11.163 
3  	925   	1.84439e+24	1.33955e+27	48741.1	4.47625e+25	14.748 	73 	2  	11.4348
4  	926   	2.2436e+35 	2.24328e+38	57846.8	7.09031e+36	16.649 	68 	2  	11.9187
5  	906   	8.03734e+24	1.33956e+27	57846.8	1.0345e+26 	18.534 	59 	2  	11.7773
6  	904   	1.30733e+26	2.95643e+28	57846.8	1.86945e+27	21.114 	75 	2  	11.7116
7  	894   	5.67319e+25	4.18175e+28	49333.9	1.32826e+27	22.933 	72 	2  	11.4107
8  	924   	5.0808e+25 	2.95643e+28	43893.2	9.5517e+26 	24.564 	73 	2  	11.4368
9  	916   	2.77638e+41	2.77638e+44	34683.3	8.7753e+42 	26.585 	93 	3  	13.0773
10 	903   	2.02991e+26	1.70351e+29	34682.7	5.43247e+27	30.404 	107	2  	15.8388
11 	919   	3.78153e+24	1.33955e+27	34536.7	6.91745e+25	36.19  	115	2  	18.5206
12 	899   	6.53151e+28	6.53104e+31	21646.3	2.06426e+30	46.342 	120	2  	20.2397
13 	930   	2.30616e+25	2.30615e+28	21266.4	7.28904e+26	53.106 	150	2  	20.1576
14 	915   	2.39392e+26	2.09573e+29	21266.4	6.68862e+27	52.433 	133	2  	21.3817
15 	903   	3.60528e+20	3.5103e+23 	21263.6	1.10963e+22	55.451 	128	2  	19.5291
16 	915   	1.77084e+22	1.7569e+25 	21024.2	5.55309e+23	59.892 	129	2  	18.4504
17 	895   	2.89854e+20	1.40526e+23	21024.2	6.00341e+21	62.441 	126	6  	18.9001
18 	913   	8.34764e+21	8.25747e+24	20985.9	2.61002e+23	62.492 	131	6  	18.4479
19 	910   	1.0523e+19 	9.14107e+21	20949.8	2.8996e+20 	62.531 	135	7  	17.3531
20 	898   	6.82821e+24	6.82819e+27	20616.7	2.15818e+26	64.561 	142	5  	15.868 
21 	889   	5.76886e+14	5.35623e+17	20556.4	1.69441e+16	66.425 	143	5  	17.9752
22 	920   	1.88729e+19	9.14107e+21	20230.5	4.08504e+20	64.994 	156	3  	19.6071
23 	908   	2.46691e+20	1.6702e+23 	19812.2	5.56604e+21	65.44  	170	5  	19.5937
24 	903   	1.93536e+18	1.10771e+21	19399.8	3.75466e+19	67.84  	152	3  	20.0563
25 	893   	5.54882e+19	4.12468e+22	19812.2	1.3378e+21 	70.555 	175	6  	20.4317
26 	923   	4.94078e+17	1.98625e+20	19739.8	8.89044e+18	73.604 	155	4  	18.5659
27 	917   	5.33205e+23	5.33141e+26	19189.5	1.6851e+25 	76.052 	174	5  	20.0383
28 	906   	7.12719e+18	6.54683e+21	18462.3	2.07167e+20	77.594 	176	8  	21.3131
29 	920   	2.67165e+29	2.67164e+32	18462.3	8.44425e+30	79.124 	177	8  	23.0098
30 	930   	1.36355e+19	6.54683e+21	17728.8	2.92631e+20	80.806 	179	5  	26.3824
31 	903   	5.314e+31  	5.314e+34  	18277.8	1.6796e+33 	85.307 	205	3  	29.5163
32 	902   	3.03483e+19	9.14107e+21	17046  	4.61258e+20	93.157 	187	7  	30.6464
33 	916   	5.94887e+20	5.38284e+23	17023.6	1.70642e+22	102.92 	215	6  	30.9509
34 	911   	1.18497e+23	1.17758e+26	16348.5	3.72201e+24	119.313	294	5  	34.8442
35 	897   	1.58004e+20	1.26621e+23	16348.4	4.03245e+21	134.973	213	7  	30.3228
36 	912   	9.20855e+21	9.12982e+24	16216.8	2.88569e+23	135.685	273	5  	30.0225
37 	904   	2.24513e+19	9.14107e+21	16216.8	4.10862e+20	127.976	270	7  	30.532 
38 	893   	1.57599e+20	1.26621e+23	16143.7	4.02789e+21	120.719	204	7  	30.4327
39 	913   	6.38003e+20	4.81278e+23	16070.6	1.573e+22  	120.349	227	8  	32.6043
40 	896   	2.66342e+20	1.2662e+23 	16070.6	5.6638e+21 	130.442	237	8  	32.6853
41 	900   	1.96417e+19	6.54683e+21	16086.3	3.58046e+20	140.144	239	8  	30.9478
42 	934   	9.58474e+23	9.58441e+26	14857  	3.02934e+25	146.778	319	8  	27.6734
43 	906   	9.88912e+26	9.88835e+29	14521.2	3.12541e+28	149.247	252	7  	25.0242
44 	877   	8.08792e+23	7.31615e+26	14521.2	2.325e+25  	153.321	246	6  	27.8877
45 	919   	1.65401e+33	1.65401e+36	14521.2	5.22782e+34	160.736	304	7  	27.7494
46 	930   	7.31638e+23	7.31615e+26	14486.2	2.31241e+25	169.215	246	9  	27.6586
47 	896   	1.07959e+24	7.31615e+26	14428.7	2.43795e+25	175.806	246	8  	28.6511
48 	902   	9.15218e+18	9.14086e+21	14328.8	2.88915e+20	182.995	299	13 	30.0498
49 	904   	1.30986e+19	6.54683e+21	14328.8	2.9249e+20 	184.645	260	46 	29.8355
50 	913   	7.73684e+22	7.73618e+25	14328.8	2.44517e+24	189.967	266	18 	32.5478
51 	900   	9.15793e+18	9.14185e+21	14328.8	2.88946e+20	200.29 	293	39 	33.475 
52 	921   	2.79143e+17	2.53672e+20	14328.8	8.03256e+18	211.154	361	39 	30.0257
53 	918   	1.73832e+23	1.73032e+26	14326.4	5.46906e+24	206.45 	308	38 	29.7768
54 	918   	2.85669e+24	2.85668e+27	14316.3	9.02911e+25	198.872	300	18 	28.0116
55 	902   	1.87677e+17	1.70197e+20	14288.5	5.38717e+18	191.627	286	8  	29.0573
56 	942   	1.4232e+20 	1.2662e+23 	14208.6	4.0173e+21 	187.943	276	22 	28.1295
57 	900   	3.72095e+25	3.72095e+28	14208.6	1.17608e+27	190.037	277	5  	27.5493
58 	894   	5.58483e+23	5.58472e+26	14205.5	1.76516e+25	193.245	295	17 	30.9737
59 	921   	3.77546e+24	3.77531e+27	14205.5	1.19326e+26	194.433	284	22 	32.8871
60 	914   	6.24865e+33	6.24865e+36	14194.7	1.97501e+35	192.422	287	19 	33.3014
61 	901   	2.94929e+24	2.94879e+27	13521.2	9.32021e+25	189.824	283	11 	30.1013
62 	919   	6.59811e+18	6.54683e+21	13520.8	2.06926e+20	184.655	267	19 	28.1389
63 	894   	3.47953e+24	3.47952e+27	13520.8	1.09977e+26	183.085	285	13 	28.3497
64 	898   	4.86825e+24	2.92642e+27	13464.8	1.10946e+26	179.505	278	11 	29.4227
65 	898   	6.61291e+27	6.60902e+30	13394  	2.08891e+29	174.8  	301	40 	26.5634
66 	901   	5.35292e+22	2.67523e+25	13394  	1.1952e+24 	172.417	302	24 	24.3046
67 	907   	1.44648e+31	1.44537e+34	13388.1	4.56837e+32	173.376	303	8  	24.2967
68 	924   	3.0319e+24 	2.9784e+27 	13303.5	9.4144e+25 	173.73 	258	5  	23.4814
69 	915   	9.55169e+18	9.14185e+21	13389.1	2.89128e+20	174.537	298	23 	23.4665
70 	918   	8.99077e+22	8.93488e+25	13387.9	2.82408e+24	176.734	261	50 	23.0799
71 	913   	1.06948e+27	1.03658e+30	13338.1	3.27786e+28	176.931	262	3  	26.8511
72 	897   	1.03932e+23	7.71662e+25	13282.8	2.5806e+24 	179.358	245	12 	26.556 
73 	908   	3.94661e+24	3.77531e+27	13282.8	1.19444e+26	181.353	251	7  	25.7494
74 	904   	3.97332e+24	3.77531e+27	13261.5	1.19446e+26	182.581	247	8  	27.9695
75 	914   	2.71522e+28	2.70028e+31	13250.3	8.53484e+29	186.954	255	45 	24.9673
76 	921   	4.85444e+33	4.85444e+36	13225.9	1.53434e+35	186.437	241	5  	26.0926
77 	919   	2.31165e+17	1.27154e+20	13199.1	4.27062e+18	186.087	266	9  	26.1911
78 	911   	9.88623e+26	9.88623e+29	13199.1	3.12474e+28	185.503	262	8  	26.827 
79 	928   	3.13859e+19	3.13104e+22	13174.6	9.89626e+20	185.481	298	10 	27.8612
80 	903   	2.67685e+22	2.67523e+25	13153.5	8.45558e+23	187.309	269	39 	26.1124
81 	892   	1.83302e+26	1.83302e+29	13159.4	5.79361e+27	189.331	283	11 	29.2211
82 	905   	8.25472e+25	8.25466e+28	13159.4	2.60905e+27	191.878	269	36 	26.0321
83 	914   	1.4567e+19 	7.9608e+21 	13148.1	3.25614e+20	194.376	279	11 	27.6544
84 	930   	3.04337e+22	3.03961e+25	13119.5	9.60728e+23	196.627	306	23 	26.3384
85 	904   	1.97418e+19	6.54683e+21	13092.5	3.58045e+20	197.509	282	5  	27.7544
86 	921   	1.54747e+27	1.54746e+30	12981.3	4.89106e+28	200.771	373	3  	30.207 
87 	911   	2.90327e+41	2.90327e+44	12981.3	9.17634e+42	202.122	276	8  	27.8727
88 	909   	2.28324e+20	2.28052e+23	12981.3	7.20802e+21	204.283	314	5  	27.8868
89 	915   	1.99455e+23	1.80277e+26	12981.3	5.72944e+24	204.442	293	7  	30.3648
90 	898   	3.32161e+24	3.25384e+27	12980.6	1.02864e+26	207.72 	288	39 	29.5662
91 	909   	8.78391e+24	7.87788e+27	12980.6	2.5009e+26 	213.928	309	8  	26.962 
92 	894   	1.53083e+19	8.37844e+21	12940.5	3.35945e+20	214.234	309	22 	27.7225
93 	902   	3.13648e+24	3.13648e+27	12940.5	9.91345e+25	214.106	309	24 	25.5044
94 	919   	3.66125e+24	3.64209e+27	12856.8	1.15116e+26	210.522	308	45 	27.0767
95 	931   	2.20888e+23	2.01716e+26	12856.8	6.40368e+24	210.609	310	76 	24.3368
96 	898   	3.8291e+22 	1.91454e+25	12856.8	8.55353e+23	208.093	329	12 	26.644 
97 	891   	1.19187e+35	1.19187e+38	12840.5	3.76714e+36	204.109	290	81 	26.8492
98 	887   	1.3154e+26 	1.31345e+29	12839.1	4.15143e+27	200.328	298	6  	29.9464
99 	928   	2.90454e+21	2.88444e+24	12803.3	9.11688e+22	198.57 	274	5  	31.5773
100	912   	1.92893e+22	1.91454e+25	12796.3	6.05141e+23	198.391	282	6  	34.8344
101	917   	2.54234e+30	2.54234e+33	12795.9	8.03557e+31	201.719	286	12 	36.616 
102	927   	6.45639e+19	5.7802e+22 	12773.2	1.83842e+21	206.499	327	10 	39.0807
103	933   	2.62779e+26	1.31345e+29	12718.5	5.86807e+27	207.176	323	10 	39.8153
104	904   	7.02191e+32	7.02191e+35	12718.3	2.21941e+34	206.862	349	9  	37.9347
105	935   	9.8234e+18 	6.54683e+21	12718.1	2.2873e+20 	202.224	317	11 	38.0634
106	905   	2.93947e+30	2.53469e+33	12669.4	8.11163e+31	199.056	315	7  	38.9342
107	906   	2.7529e+24 	2.73375e+27	12669.4	8.64069e+25	202.277	323	44 	36.8415
108	907   	8.14809e+28	8.14809e+31	12669  	2.57536e+30	203.089	314	5  	39.773 
109	904   	1.04763e+26	1.04763e+29	12191.8	3.31124e+27	203.633	326	9  	37.769 
110	910   	2.00729e+19	6.54683e+21	12191.8	3.58105e+20	200.654	316	11 	37.871 
111	901   	2.08678e+23	1.19605e+26	12191.8	4.71087e+24	199.373	320	3  	32.4444
112	916   	1.91784e+22	1.91454e+25	12184.5	6.05128e+23	199.228	317	25 	33.1867
113	881   	1.82797e+22	1.82578e+25	12038.3	5.77072e+23	199.395	298	25 	34.5491
114	917   	1.31425e+26	1.31345e+29	12038.3	4.15143e+27	197.638	287	7  	38.0902
115	889   	1.53894e+22	1.53826e+25	12039  	4.86198e+23	199.588	279	7  	39.0926
116	918   	1.98801e+19	6.54683e+21	12039  	3.58067e+20	200.286	347	7  	40.2394
117	926   	2.64286e+19	6.54683e+21	12039  	4.1325e+20 	199.745	347	7  	38.9863
118	895   	1.04932e+26	1.04763e+29	12039  	3.31124e+27	199.223	306	5  	39.5417
119	914   	6.68469e+18	6.54683e+21	12039  	2.06926e+20	205.014	326	3  	42.3433
120	908   	6.74143e+18	6.54683e+21	11822.4	2.06947e+20	216.436	326	7  	40.7423
121	922   	4.27173e+28	3.38705e+31	11822.4	1.10619e+30	228.847	329	3  	39.8441
122	899   	2.62562e+19	6.54683e+21	11822  	4.13226e+20	237.562	329	5  	36.1963
123	923   	1.04225e+23	6.65986e+25	11822  	2.2705e+24 	235.14 	321	5  	38.6686
124	914   	3.14165e+30	3.14164e+33	11724.6	9.92978e+31	232.098	312	5  	37.1482
125	896   	8.53639e+21	8.52978e+24	11704.2	2.696e+23  	231.204	314	7  	34.8299
126	923   	5.10691e+22	5.10427e+25	11704  	1.6133e+24 	234.762	345	35 	35.8394
127	893   	4.70755e+16	1.56751e+19	11693  	8.14809e+17	242.817	365	40 	31.5857
128	900   	2.38975e+23	1.43799e+26	11456.5	5.16175e+24	247.691	335	5  	31.2966
129	919   	1.66544e+23	1.66535e+26	11456.3	5.26367e+24	252.148	341	44 	27.6095
130	895   	1.67885e+27	1.67885e+30	11363.3	5.30632e+28	255.826	489	3  	31.5136
131	900   	2.56683e+24	2.56604e+27	11362  	8.11046e+25	259.35 	341	15 	27.9352
132	898   	1.54107e+22	1.53826e+25	11362.9	4.86198e+23	260.117	385	46 	28.7983
133	906   	1.91591e+22	1.91454e+25	11362.9	6.05129e+23	257.354	357	4  	29.4411
134	937   	3.07064e+24	2.96969e+27	11361.2	9.38999e+25	253.456	350	3  	34.137 
135	912   	6.81769e+39	6.81769e+42	11361.2	2.15487e+41	251.461	344	5  	31.9965
136	902   	1.31927e+19	6.54683e+21	11361.2	2.92488e+20	248.877	372	3  	29.8802
137	909   	1.08589e+26	1.04763e+29	11285.9	3.31311e+27	246.272	343	3  	25.9241
138	908   	8.62484e+22	8.55555e+25	11285.9	2.70421e+24	243.47 	378	5  	25.706 
139	873   	1.53959e+22	1.53826e+25	11279.4	4.86198e+23	243.937	318	3  	25.0058
140	914   	7.5335e+28 	7.53306e+31	11279.3	2.38097e+30	243.681	312	3  	24.3035
141	897   	2.00631e+20	1.939e+23  	11277.4	6.13186e+21	243.347	303	3  	25.1383
142	920   	1.53946e+22	1.53826e+25	11272.2	4.86198e+23	245.908	305	103	21.9049
143	905   	8.64539e+22	8.57865e+25	11272.2	2.71151e+24	246.277	309	3  	30.712 
144	907   	1.97546e+19	6.54683e+21	11234.3	3.58044e+20	251.452	315	126	22.4706
145	898   	3.63734e+24	3.63494e+27	11234.3	1.14889e+26	253.124	311	3  	30.2356
146	905   	6.89731e+20	6.60789e+23	11234.3	2.08897e+22	258.542	313	4  	24.6094
147	912   	4.33001e+24	4.32401e+27	11164.4	1.36669e+26	259.013	328	3  	31.2987
148	908   	8.55555e+22	8.55555e+25	11179.5	2.70415e+24	260.751	330	3  	30.3323
149	889   	1.97501e+19	6.54683e+21	11106.3	3.58042e+20	262.4  	329	3  	23.0215
150	897   	1.98496e+19	6.54683e+21	11090  	3.58056e+20	260.522	340	3  	27.6928
151	914   	6.62106e+18	6.54683e+21	11090  	2.06925e+20	259.401	324	3  	25.2603
152	913   	1.78654e+20	1.45633e+23	11090  	4.62508e+21	257.578	335	3  	25.0411
153	913   	4.32403e+24	4.32401e+27	11090  	1.36669e+26	255.73 	333	3  	24.9811
154	901   	6.73304e+18	6.54683e+21	11090  	2.06931e+20	253.601	320	3  	27.725 
155	915   	1.46179e+23	1.46153e+26	11006.4	4.61944e+24	254.688	342	3  	22.8651
156	901   	1.5535e+22 	1.53826e+25	11006.4	4.86216e+23	253.046	332	3  	25.9717
157	924   	2.56133e+24	2.56132e+27	10831.3	8.09556e+25	252.703	321	3  	27.0051
158	922   	3.33038e+41	3.33038e+44	10831.3	1.05263e+43	254.918	335	3  	27.6006
159	898   	4.33956e+24	4.32401e+27	10831.3	1.36669e+26	258.517	323	3  	27.9164
160	914   	2.62459e+19	6.54683e+21	10827.4	4.13226e+20	262.41 	316	3  	25.8015
161	879   	1.31763e+19	6.54683e+21	10826.8	2.92488e+20	264.488	344	5  	26.0026
162	916   	4.61854e+25	4.61838e+28	10825.2	1.45973e+27	264.697	323	3  	30.572 
163	922   	2.63124e+19	6.54683e+21	10825.2	4.13224e+20	264.259	329	4  	27.3036
164	889   	4.3241e+24 	4.32401e+27	10813  	1.36669e+26	262.273	333	4  	28.5206
165	915   	2.32005e+23	2.31999e+26	10813  	7.33277e+24	260.329	336	112	23.3199
166	899   	2.42885e+23	2.42885e+26	10660.1	7.67686e+24	257.792	336	6  	25.5339
167	915   	9.62188e+21	9.54916e+24	10674.4	3.01821e+23	256.793	324	3  	28.3178
168	908   	4.44691e+23	4.31422e+26	10674.4	1.36419e+25	259.359	337	7  	22.3206
169	902   	1.04462e+23	8.55563e+25	10763.4	2.76873e+24	260.287	330	3  	25.7569
170	897   	1.00765e+23	8.53621e+25	10672.7	2.74102e+24	263.756	337	3  	26.1051
171	912   	1.54165e+28	1.54165e+31	10674.4	4.87268e+29	265.824	348	3  	34.3277
172	907   	1.04796e+26	1.04763e+29	10673.3	3.31124e+27	269.826	356	5  	30.3334
173	909   	1.56839e+20	1.45633e+23	10658.6	4.60949e+21	268.672	347	4  	28.3043
174	924   	4.61838e+25	4.61838e+28	10658.3	1.45973e+27	267.094	338	3  	26.0537
175	911   	2.24668e+24	2.24666e+27	10602.6	7.10102e+25	264.8  	337	3  	25.9812
176	907   	1.54165e+28	1.54165e+31	10602.8	4.87268e+29	263.082	334	5  	26.4436
177	920   	9.33221e+22	8.55563e+25	10588.2	2.71441e+24	263.32 	325	3  	25.5026
178	906   	2.70136e+21	2.64646e+24	10588.2	8.36521e+22	263.359	332	3  	29.708 
179	889   	4.59437e+19	4.58242e+22	10560.5	1.44836e+21	265.299	358	4  	23.4954
180	903   	2.109e+22  	1.53826e+25	10560.5	5.18249e+23	266.511	345	3  	24.7144
181	911   	7.78073e+23	7.77974e+26	10560.3	2.45894e+25	268.451	349	30 	21.391 
182	908   	3.84091e+20	3.78815e+23	10557  	1.19741e+22	266.603	323	3  	21.9826
183	891   	1.12047e+19	6.54683e+21	10545.2	2.50953e+20	260.888	335	3  	30.7376
184	909   	6.80529e+20	6.44017e+23	10452.5	2.03767e+22	258.039	314	7  	25.5631
185	909   	4.13659e+19	4.12468e+22	10505.2	1.30368e+21	253.841	337	3  	31.5664
186	923   	4.61838e+25	4.61838e+28	10434.4	1.45973e+27	252.218	457	3  	33.1503
187	919   	3.78944e+20	3.78815e+23	10434.4	1.19732e+22	251.709	388	3  	33.6948
188	923   	4.64367e+25	4.61838e+28	10407.4	1.45974e+27	254.99 	380	5  	29.6405
189	906   	6.84268e+18	6.54683e+21	10432.9	2.0699e+20 	255.236	375	3  	35.0976
190	914   	1.02446e+37	1.02446e+40	10362.5	3.23802e+38	259.595	360	6  	33.7707
191	922   	4.61839e+25	4.61838e+28	10340.3	1.45973e+27	263.964	368	3  	34.0755
192	913   	9.02745e+20	7.65801e+23	10327.8	2.43069e+22	266.173	363	3  	30.0974
193	910   	9.45431e+16	2.82717e+19	10327.8	1.2899e+18 	266.258	382	24 	27.6222
194	885   	1.54846e+17	1.32177e+19	10198.2	1.40627e+18	263.753	345	5  	27.671 
195	915   	1.30021e+22	1.29954e+25	10197.8	4.10743e+23	262.647	338	3  	30.7119
196	911   	9.34161e+28	9.34161e+31	10268.5	2.9526e+30 	260.472	495	3  	31.7911
197	922   	4.61847e+25	4.61838e+28	10271.5	1.45973e+27	258.6  	345	92 	30.9095
198	912   	6.75233e+18	6.54683e+21	10252.1	2.0693e+20 	261.032	337	3  	33.0631
199	916   	6.71036e+18	6.54683e+21	10187.4	2.06925e+20	263.318	337	3  	32.962 
200	892   	4.61845e+25	4.61838e+28	10187.4	1.45973e+27	265.014	342	3  	35.0084
201	891   	4.78739e+19	4.12468e+22	10187.4	1.3198e+21 	267.342	333	3  	32.4566
202	900   	6.58546e+18	6.54683e+21	10187.4	2.06925e+20	268.872	349	46 	28.2572
203	897   	6.63621e+18	6.54683e+21	10175.1	2.06925e+20	268.4  	336	9  	30.5825
204	917   	2.45538e+19	6.54683e+21	10163.2	3.74424e+20	266.04 	341	3  	34.9144
205	930   	2.40841e+18	2.32026e+21	10156.5	7.33412e+19	265.904	356	4  	32.2777
206	908   	2.91151e+23	2.90439e+26	10045.7	9.17988e+24	265.353	355	4  	32.5675
207	914   	1.54565e+17	1.32205e+19	10038.6	1.40315e+18	266.479	340	3  	34.5988
208	915   	9.88311e+18	6.54683e+21	10060.6	2.26703e+20	273.444	329	3  	34.1932
209	906   	4.6202e+25 	4.61838e+28	9979.69	1.45973e+27	280.087	339	3  	36.3646
210	914   	9.2102e+19 	4.12468e+22	9979.69	1.85622e+21	286.34 	356	3  	32.7913
211	909   	1.95857e+22	1.95855e+25	9972.98	6.19038e+23	288.546	401	116	29.2198
212	918   	4.61994e+25	4.61838e+28	9972.98	1.45973e+27	286.175	346	5  	29.3571
213	887   	3.46855e+20	2.98957e+23	9972.98	9.53933e+21	285.114	360	3  	33.0408
214	902   	1.32871e+19	6.54683e+21	9972.53	2.92489e+20	285.123	370	3  	30.6576
215	897   	8.56199e+22	8.55555e+25	9968.51	2.70415e+24	290.078	382	11 	26.9897
216	920   	3.49445e+23	2.91398e+26	9881.45	9.2733e+24 	292.826	359	3  	28.9796
217	889   	1.08778e+20	4.12468e+22	9881.45	1.98947e+21	296.132	357	7  	26.9445
218	891   	1.03663e+23	8.82736e+25	9816.21	2.83163e+24	299.019	361	3  	27.5712
219	916   	4.61994e+25	4.61838e+28	9816.21	1.45973e+27	300.549	375	7  	28.1943
220	920   	1.54165e+28	1.54165e+31	9816.9 	4.87268e+29	300.616	358	3  	30.1495
221	895   	4.61838e+25	4.61838e+28	9800.69	1.45973e+27	301.773	358	4  	25.7776
222	923   	1.98333e+19	6.54683e+21	9800   	3.58044e+20	300.761	348	3  	24.3975
223	900   	1.4484e+22 	1.44365e+25	9798.69	4.56295e+23	298.574	362	3  	26.6671
224	879   	2.01014e+24	1.90647e+27	9785.71	6.03211e+25	298.058	355	18 	24.0709
225	887   	1.54165e+28	1.54165e+31	9728.02	4.87268e+29	295.655	355	3  	25.5684
226	934   	1.54233e+28	1.54165e+31	9728.02	4.87268e+29	293.023	368	3  	25.7698
227	917   	7.45174e+18	6.54683e+21	9638.58	2.08163e+20	291.099	372	5  	26.8484
228	913   	4.62006e+25	4.61852e+28	9727.91	1.45977e+27	288.855	359	3  	31.192 
229	908   	1.00423e+29	1.00377e+32	9643.5 	3.17262e+30	289.755	406	3  	34.6976
230	941   	8.91662e+19	4.12468e+22	9643.5 	1.85405e+21	293.111	406	4  	30.295 
231	941   	1.3659e+24 	1.26472e+27	9627.47	4.00655e+25	295.006	405	3  	29.5857
232	897   	1.99734e+19	6.54683e+21	9627.47	3.58076e+20	295.71 	366	3  	25.8084
233	921   	1.05217e+26	1.04767e+29	9616.32	3.31137e+27	295.113	372	4  	27.9485
234	912   	8.81346e+22	8.79977e+25	9616.18	2.78134e+24	296.549	362	3  	30.9698
235	910   	3.22277e+18	2.93166e+21	9560.91	9.28159e+19	299.385	384	3  	31.2907
236	919   	1.5441e+22 	1.53826e+25	9560.91	4.86199e+23	304.621	389	5  	31.128 
237	907   	4.62718e+25	4.61838e+28	9560.59	1.45973e+27	309.997	389	3  	35.2517
238	890   	8.53697e+22	8.53255e+25	9540.79	2.69688e+24	318.043	385	7  	28.5386
239	916   	8.66297e+22	8.57507e+25	9540.79	2.71042e+24	321.201	668	3  	32.6582
240	914   	4.13824e+19	4.12468e+22	9540.79	1.30368e+21	321.857	415	9  	25.6839
241	940   	4.13356e+19	4.12468e+22	9541   	1.30368e+21	320.959	392	3  	36.6823
242	908   	4.79619e+19	4.12468e+22	9508.08	1.3198e+21 	321.251	392	3  	32.5156
243	901   	4.78545e+19	4.12468e+22	9508.08	1.31981e+21	324.202	414	13 	29.7222
244	922   	1.20861e+17	4.13095e+19	9526.74	1.64571e+18	323.942	414	3  	39.1886
245	883   	8.2633e+19 	4.12468e+22	9526.25	1.84276e+21	325.952	436	20 	36.9287
246	923   	4.13526e+19	4.12468e+22	9431.27	1.30368e+21	331.447	417	7  	40.2984
247	908   	1.38357e+24	1.38356e+27	9431.27	4.37302e+25	337.165	421	3  	43.9231
248	900   	3.72313e+23	3.72259e+26	9431.27	1.1766e+25 	342.445	423	3  	41.7007
249	900   	1.03907e+23	8.77202e+25	9423.13	2.81461e+24	344.081	419	5  	39.5322
250	902   	4.19513e+27	4.19513e+30	9428.43	1.32595e+29	343.372	440	4  	40.5896
251	925   	1.55005e+27	1.55005e+30	9406.13	4.89923e+28	345.641	455	11 	39.4265
252	912   	4.13798e+19	4.12468e+22	9413.44	1.30368e+21	347.65 	473	5  	42.7784
253	911   	8.50446e+19	4.12468e+22	9413.44	1.84419e+21	354.74 	456	5  	45.2834
254	910   	2.34235e+17	6.71549e+19	9412.73	2.70699e+18	361.66 	444	4  	44.6225
255	914   	5.43473e+23	3.83078e+26	9403.7 	1.31217e+25	372.846	438	7  	41.9025
256	915   	8.85375e+20	8.39054e+23	9396.94	2.6551e+22 	380.029	468	196	31.7014
257	905   	1.44773e+23	1.44732e+26	9396.94	4.57453e+24	378.712	442	5  	39.1187
258	908   	1.61488e+22	1.53826e+25	9395.71	4.86603e+23	381.344	469	3  	39.7814
259	911   	1.53828e+22	1.53826e+25	9375.4 	4.86199e+23	386.867	446	3  	38.026 
260	901   	7.89988e+16	1.32177e+19	9311.78	1.00774e+18	393.614	487	3  	42.3058
261	911   	4.73024e+25	4.73024e+28	9311.78	1.49508e+27	402.918	487	24 	32.2869
262	896   	3.63084e+23	3.63084e+26	9311.24	1.1476e+25 	405.679	507	24 	31.316 
263	916   	1.04767e+26	1.04767e+29	9273.83	3.31136e+27	404.215	467	40 	31.7401
264	916   	1.06386e+17	4.53709e+19	9279.22	1.89485e+18	404.868	461	25 	34.7531
265	908   	8.4802e+22 	8.47994e+25	9270.51	2.68025e+24	406.665	543	42 	27.7714
266	932   	4.6851e+29 	4.6851e+32 	9256.58	1.48082e+31	407.979	490	4  	29.3517
267	906   	3.08142e+22	1.53826e+25	9255.68	6.87244e+23	408.092	493	24 	29.9685
268	914   	4.1858e+19 	4.12468e+22	9245.34	1.30376e+21	404.104	499	24 	33.9935
269	928   	6.66565e+18	6.54683e+21	9203.1 	2.06931e+20	401.334	492	30 	33.4077
270	900   	8.83651e+22	8.81206e+25	9203.1 	2.78523e+24	398.409	590	24 	34.5192
271	913   	4.13963e+19	4.12468e+22	9182.68	1.30368e+21	398.529	457	27 	32.5627
272	916   	3.08595e+22	3.08116e+25	9181.28	9.73859e+23	398.028	498	26 	35.312 
273	913   	2.41294e+18	2.32026e+21	9180.43	7.3351e+19 	400.833	539	23 	37.2685
274	921   	8.81305e+22	8.81206e+25	9180.43	2.78523e+24	404.243	469	29 	30.9741
275	922   	9.15556e+16	1.32177e+19	9073.01	1.09067e+18	406.38 	545	191	30.1103
276	919   	4.94122e+19	4.12468e+22	9073.01	1.32062e+21	410.88 	482	20 	34.3322
277	908   	1.3671e+17 	3.45456e+19	9072.56	1.78152e+18	412.356	485	20 	37.0492
278	917   	8.25566e+19	4.12468e+22	9072.35	1.84276e+21	414.414	466	24 	36.1478
279	905   	1.30416e+20	4.12468e+22	9065.19	2.26489e+21	416.436	492	24 	40.5615
280	900   	1.59459e+17	1.40339e+19	9065.19	1.42966e+18	419.455	488	217	25.2194
281	908   	1.30439e+20	4.12468e+22	9054.79	2.26489e+21	419.433	484	24 	29.5873
282	905   	1.61721e+22	1.53826e+25	9049.98	4.86621e+23	422.137	501	72 	28.2884
283	902   	4.13285e+19	4.12468e+22	8926.31	1.30368e+21	425.683	525	214	24.9934
284	912   	2.09534e+26	1.04767e+29	8925.29	4.68063e+27	427.383	511	30 	38.0576
285	926   	7.50739e+18	6.54683e+21	8897.28	2.0868e+20 	430.919	532	35 	25.0662
286	936   	1.39448e+24	1.37908e+27	8897.28	4.35909e+25	430.112	510	30 	36.2919
287	914   	8.26342e+19	4.12468e+22	8897.28	1.84276e+21	431.836	496	45 	27.5119
288	927   	1.1992e+23 	8.91387e+25	8882.01	2.89907e+24	432.036	484	30 	29.365 
289	899   	8.82892e+20	8.41119e+23	8881.96	2.66158e+22	431.038	490	30 	30.3273
290	906   	8.42466e+16	3.45456e+19	8881.96	1.33586e+18	431.285	530	246	25.0399
291	937   	1.04767e+26	1.04767e+29	8880.98	3.31136e+27	429.951	504	30 	29.6537
292	899   	1.33029e+19	6.54683e+21	8861.49	2.9251e+20 	428.34 	554	35 	33.1852
293	915   	3.4701e+23 	3.3131e+26 	8861.49	1.04829e+25	431.358	504	29 	32.3601
294	910   	1.04767e+26	1.04767e+29	8861.46	3.31136e+27	434.793	504	30 	29.3313
295	915   	8.96152e+22	8.87729e+25	8859.67	2.80594e+24	435.228	519	30 	37.0177
296	921   	6.696e+19  	4.72069e+22	8859.67	1.53382e+21	440.94 	499	34 	30.2998
297	913   	5.2419e+19 	4.12468e+22	8859.67	1.34934e+21	444.8  	555	257	25.4512
298	920   	1.3149e+19 	6.54792e+21	8859.34	2.92513e+20	444.019	516	30 	35.3106
299	918   	1.53904e+22	1.53826e+25	8791.71	4.86198e+23	444.406	496	30 	34.4369
300	925   	1.52357e+22	1.52355e+25	8787.67	4.81548e+23	446.435	502	31 	30.1601
301	898   	5.44336e+19	4.12468e+22	8763.75	1.33569e+21	450.354	507	29 	27.8225
302	900   	4.12867e+19	4.12468e+22	8763.75	1.30368e+21	450.885	498	33 	30.7301
303	900   	1.01104e+21	1.01099e+24	8763.39	3.19542e+22	452.912	584	39 	30.9831
304	917   	8.5648e+21 	8.55815e+24	8763.39	2.70497e+23	450.913	518	31 	35.6981
305	915   	4.78475e+19	4.12468e+22	8760.11	1.3198e+21 	447.259	544	32 	36.0895
306	906   	6.88334e+20	6.44017e+23	8760.11	2.03959e+22	442.728	545	30 	37.3742
307	887   	3.62448e+23	3.62432e+26	8748.21	1.14554e+25	437.612	537	30 	34.7022
308	908   	3.97891e+28	3.97891e+31	8748.21	1.25761e+30	430.424	504	30 	37.4321
309	910   	7.90148e+18	7.4676e+21 	8747.2 	2.36331e+20	429.015	490	235	25.0942
310	905   	6.58875e+18	6.54683e+21	8695.66	2.06925e+20	426.033	490	30 	35.2565
311	888   	6.34947e+16	3.45456e+19	8695.66	1.2414e+18 	427.887	481	230	23.8142
312	899   	4.78541e+19	4.12468e+22	8695.66	1.3198e+21 	428.798	567	34 	21.8176
313	913   	1.06696e+23	8.85235e+25	8695.66	2.85565e+24	425.249	477	30 	33.3945
314	909   	4.79196e+19	4.12468e+22	8695.66	1.3198e+21 	428.245	565	207	22.5073
315	912   	4.43815e+19	4.12468e+22	8695.66	1.30704e+21	427.679	509	30 	29.3957
316	900   	1.58771e+20	1.45633e+23	8695.66	4.61188e+21	428.19 	501	30 	32.0118
317	903   	8.91454e+22	8.91387e+25	8687.61	2.8174e+24 	430.589	501	30 	32.1996
318	911   	2.37178e+26	2.16357e+29	8673.14	6.86933e+27	435.934	514	41 	31.6476
319	899   	5.1028e+19 	4.12468e+22	8663.33	1.32337e+21	440.913	567	33 	33.1315
320	915   	9.02978e+18	6.54683e+21	8663.33	2.20353e+20	449.059	573	30 	31.9154
321	886   	6.19482e+24	6.19472e+27	8663.33	1.95796e+26	451.798	567	30 	37.2491
322	929   	6.50666e+20	6.44017e+23	8662.55	2.03563e+22	455.634	547	30 	34.1327
323	889   	6.01489e+19	4.12468e+22	8646.54	1.37351e+21	457.867	532	241	23.5643
324	897   	3.67149e+21	3.51948e+24	8653.2 	1.1133e+23 	457.085	532	31 	33.5058
325	896   	5.5444e+24 	3.77524e+27	8653.2 	1.27796e+26	458.693	506	32 	30.4877
326	898   	4.16355e+21	3.51948e+24	8652.66	1.13067e+23	460.741	511	282	22.087 
327	918   	1.24891e+17	3.45456e+19	8652.66	1.5311e+18 	460.538	520	32 	29.1876
328	888   	1.5629e+17 	7.42083e+19	8642.83	2.55601e+18	461.576	523	30 	36.1518
329	898   	4.79075e+19	4.12468e+22	8636.86	1.3198e+21 	462.386	530	36 	30.0272
330	918   	1.32411e+19	6.54683e+21	8636.86	2.92491e+20	460.809	544	30 	36.0502
331	908   	1.04768e+26	1.04767e+29	8636.86	3.31136e+27	460.133	537	32 	29.4078
332	907   	6.63823e+18	6.54683e+21	8634.96	2.06925e+20	457.238	582	223	29.2209
333	916   	1.95278e+22	1.95212e+25	8634.96	6.17004e+23	453.681	565	30 	39.2819
334	905   	9.25931e+19	4.12468e+22	8623.18	1.85638e+21	452.301	521	188	21.5522
335	898   	4.7933e+19 	4.12536e+22	8623.18	1.32001e+21	446.537	505	30 	37.3169
336	908   	8.94197e+22	8.93782e+25	8623.18	2.82497e+24	446.478	505	30 	34.5033
337	912   	1.5396e+22 	1.53826e+25	8601.85	4.86198e+23	445.829	505	30 	31.836 
338	914   	1.048e+26  	1.04767e+29	8601.85	3.31136e+27	445.292	525	30 	33.7323
339	911   	2.04273e+20	1.47879e+23	8601.44	4.85892e+21	446.723	490	30 	31.0935
340	915   	1.7502e+17 	4.53709e+19	8601.44	2.38585e+18	448.74 	575	32 	31.119 
341	922   	1.04767e+26	1.04767e+29	8581.45	3.31136e+27	452.294	497	30 	28.6633
342	908   	4.13609e+19	4.12468e+22	8581.45	1.30368e+21	452.767	497	5  	37.2401
343	913   	4.78476e+19	4.12468e+22	8581.45	1.3198e+21 	455.065	512	30 	34.9591
344	892   	1.95613e+17	4.53709e+19	8581.45	2.1701e+18 	456.215	529	36 	33.1372
345	918   	3.64112e+23	3.64112e+26	8581.08	1.15085e+25	458.847	529	35 	30.4814
346	901   	1.97493e+22	1.53826e+25	8581.08	4.99327e+23	459.63 	571	30 	37.1345
347	891   	1.34331e+26	1.04767e+29	8580.94	3.43977e+27	466.337	571	224	26.0292
348	904   	1.81154e+24	1.79481e+27	8565.75	5.67301e+25	465.784	578	30 	34.3302
349	921   	4.14003e+19	4.12468e+22	8565.37	1.30368e+21	465.058	568	30 	36.3901
350	929   	5.44591e+19	4.12468e+22	8565.37	1.33568e+21	461.992	563	30 	41.1353
351	896   	1.32673e+19	6.54792e+21	8565.54	2.92514e+20	460.727	514	238	26.2324
352	903   	5.44287e+19	4.12468e+22	8563.49	1.33569e+21	457.272	511	30 	36.9352
353	910   	2.11147e+26	1.04767e+29	8561.92	4.68083e+27	456.5  	549	30 	29.1851
354	904   	8.91573e+19	4.12468e+22	8552.41	1.85405e+21	456.332	510	265	22.9675
355	927   	1.71787e+17	3.45456e+19	8552.41	2.1038e+18 	455.709	565	30 	28.7348
356	930   	1.02229e+20	4.12468e+22	8552.41	1.87636e+21	453.224	516	30 	34.2889
357	902   	1.67897e+24	1.66346e+27	8551.76	5.25786e+25	454.018	516	32 	28.9562
358	873   	4.79693e+19	4.12468e+22	8550.64	1.3198e+21 	454.931	518	208	24.9574
359	929   	1.154e+23  	1.15397e+26	8519.5 	3.64735e+24	453.773	504	45 	29.456 
360	916   	4.78993e+19	4.12468e+22	8519.5 	1.3198e+21 	452.972	504	30 	31.6384
361	937   	1.5514e+22 	1.53826e+25	8519.5 	4.862e+23  	453.103	500	30 	30.0912
362	916   	4.14617e+19	4.12468e+22	8519.5 	1.30368e+21	453.997	549	32 	33.2576
363	902   	2.02106e+22	2.01206e+25	8519.42	6.3595e+23 	454.343	528	31 	34.4272
364	899   	4.78627e+19	4.12468e+22	8516.47	1.3198e+21 	455.522	503	31 	28.1933
365	911   	3.89445e+23	3.89273e+26	8513.87	1.23037e+25	454.932	529	32 	27.8297
366	920   	1.43983e+17	1.32205e+19	8513.87	1.35119e+18	454.78 	495	229	22.5861
367	912   	1.55553e+21	1.46324e+24	8504.69	4.6283e+22 	453.539	504	31 	28.6598
368	890   	6.65884e+18	6.54792e+21	8504.69	2.06962e+20	453    	581	30 	34.0437
369	899   	1.04782e+26	1.04767e+29	8500.58	3.31136e+27	454.956	502	32 	34.5555
370	920   	7.26722e+20	6.44017e+23	8500.58	2.0436e+22 	455.872	525	30 	37.3807
371	904   	6.74684e+18	6.54683e+21	8483.55	2.06929e+20	453.477	515	30 	37.3344
372	904   	1.99771e+20	1.04047e+23	8483.55	3.77813e+21	453.392	505	36 	32.3993
373	908   	3.14892e+18	2.99848e+21	8483.55	9.4782e+19 	451.24 	500	31 	30.5798
374	896   	1.08637e+23	1.08636e+26	8479.07	3.43367e+24	451.976	577	41 	30.6807
375	924   	5.01889e+23	3.92654e+26	8479.07	1.28776e+25	454.955	505	44 	31.9893
376	911   	2.59202e+24	1.68492e+27	8479.07	6.04542e+25	458.893	516	78 	31.047 
377	912   	9.48316e+17	8.60887e+20	8479.07	2.72419e+19	463.204	526	32 	32.4689
378	886   	1.53858e+22	1.53826e+25	8479.07	4.86199e+23	466.958	531	215	30.2649
379	885   	1.14673e+21	1.01631e+24	8471.77	3.21981e+22	469.293	528	35 	32.542 
380	931   	8.91197e+19	4.12468e+22	8467.82	1.85405e+21	464.598	529	156	33.7907
381	898   	9.30699e+18	6.54683e+21	8463.61	2.16105e+20	460.842	554	33 	34.0565
382	889   	1.42508e+17	3.45456e+19	8463.61	1.62233e+18	456.464	530	56 	33.9094
383	891   	1.04767e+26	1.04767e+29	8463.61	3.31136e+27	453.841	515	32 	27.5284
384	939   	1.1025e+23 	1.10158e+26	8458.93	3.48177e+24	450.277	522	30 	36.8463
385	896   	1.51826e+21	1.46324e+24	8458.93	4.62662e+22	453.348	510	30 	33.0773
386	911   	9.6236e+22 	9.61858e+25	8458.96	3.04014e+24	453.337	520	30 	34.5848
387	927   	9.00571e+19	4.12468e+22	8457.97	1.85749e+21	453.342	524	33 	29.1556
388	916   	2.64719e+21	2.64646e+24	8457.97	8.36466e+22	452.189	510	30 	35.0292
389	896   	3.6433e+21 	3.51948e+24	8457.15	1.11259e+23	449.731	522	48 	31.9172
390	902   	6.70529e+18	6.54683e+21	8457.15	2.06925e+20	447.588	523	36 	29.6385
391	890   	8.91398e+19	4.12468e+22	8448.49	1.85405e+21	446.903	507	33 	29.4245
392	906   	1.8077e+22 	1.53826e+25	8441.85	4.93259e+23	449.161	521	33 	28.9926
393	921   	7.54679e+18	7.35588e+21	8441.85	2.32502e+20	451.148	500	218	28.3374
394	906   	1.39119e+21	1.34339e+24	8441.85	4.24796e+22	451.838	505	30 	33.7381
395	918   	8.4685e+23 	8.46054e+26	8441.8 	2.67412e+25	452.934	505	41 	31.5043
396	923   	1.94023e+24	1.82859e+27	8441.8 	5.78973e+25	454.683	514	30 	35.3542
397	920   	2.45015e+18	2.36133e+21	8438.53	7.46444e+19	456.92 	513	31 	36.8778
398	893   	8.46702e+23	8.46054e+26	8439.48	2.67412e+25	460.218	526	31 	35.1631
399	901   	1.81117e+22	1.53826e+25	8440.63	4.93259e+23	463.362	539	47 	29.9017
400	922   	7.35826e+20	6.46707e+23	8440.63	2.05215e+22	465.043	521	33 	34.4456
401	885   	1.02575e+21	9.81481e+23	8439.31	3.10477e+22	467.185	535	33 	35.1208
402	904   	3.20698e+26	3.20698e+29	8439.31	1.01363e+28	467.81 	654	33 	37.192 
403	913   	8.46069e+23	8.45863e+26	8438.71	2.67351e+25	468.388	674	35 	39.8758
404	901   	6.70707e+18	6.54683e+21	8438.45	2.06929e+20	468.324	523	45 	33.9919
405	921   	5.45204e+19	4.12468e+22	8420.92	1.33568e+21	466.92 	559	39 	31.9957
406	909   	2.37018e+22	2.36464e+25	8429.75	7.47392e+23	465.146	573	40 	37.5737
407	928   	7.05752e+22	6.74081e+25	8429.75	2.13276e+24	466.097	556	214	29.0071
408	922   	1.39575e+21	1.34784e+24	8427.04	4.262e+22  	459.185	624	32 	44.7724
409	879   	1.11303e+21	1.01645e+24	8424.68	3.21781e+22	460.255	550	32 	35.6931
410	923   	2.55674e+20	2.48953e+23	8424.68	7.87116e+21	460.315	526	33 	34.2466
411	914   	1.82312e+24	1.82173e+27	8424.1 	5.75793e+25	464.053	533	226	23.7497
412	920   	2.64663e+21	2.64646e+24	8407.23	8.36466e+22	463.473	565	49 	29.8036
413	911   	4.7887e+19 	4.12468e+22	8407.23	1.3198e+21 	462.894	583	35 	38.7119
414	913   	1.53925e+22	1.53826e+25	8407.23	4.86198e+23	469.484	902	63 	34.4111
415	915   	3.60788e+21	3.51773e+24	8407.23	1.11197e+23	474.064	535	221	34.8511
416	915   	3.38759e+21	2.64646e+24	8406.16	8.60849e+22	479.159	537	33 	40.6951
417	943   	1.61706e+20	1.45563e+23	8406.16	4.61056e+21	485.972	564	229	31.0729
418	908   	7.60037e+18	7.47318e+21	8406.16	2.36206e+20	483.649	538	34 	39.1325
419	915   	1.93205e+20	1.45272e+23	8398.06	4.77606e+21	479.495	551	33 	43.5874
420	901   	2.68789e+21	2.64646e+24	8397.42	8.36555e+22	477.604	625	33 	37.6197
421	921   	8.2606e+19 	4.12536e+22	8391.21	1.84292e+21	471.495	544	33 	37.8429
422	924   	1.69693e+32	1.69693e+35	8391.21	5.36347e+33	468.256	534	35 	34.5594
423	903   	1.28845e+17	3.45456e+19	8391.21	1.53257e+18	467.42 	534	224	26.7152
424	920   	2.02283e+17	1.32204e+19	8391.21	1.60935e+18	464.653	549	33 	32.2318
425	910   	4.79634e+19	4.12468e+22	8391.04	1.3198e+21 	463.551	565	33 	29.6036
426	903   	1.04767e+26	1.04767e+29	8391.21	3.31136e+27	464.028	540	277	24.8091
427	899   	2.77327e+21	2.64646e+24	8390.92	8.36731e+22	465.683	533	50 	22.6362
428	905   	1.69385e+22	1.53826e+25	8361.21	4.88346e+23	465.396	565	219	23.8013
429	895   	1.81078e+17	3.45456e+19	8385.73	1.75606e+18	463.47 	563	35 	30.1084
430	893   	2.49128e+22	2.49128e+25	8363.55	7.87416e+23	465.878	559	34 	28.9927
431	928   	2.06521e+21	1.01639e+24	8351.17	4.508e+22  	465.232	533	33 	30.1689
432	917   	1.33174e+19	6.54683e+21	8351.17	2.92486e+20	466.149	530	33 	30.5898
433	910   	3.53267e+21	3.51948e+24	8351.17	1.1124e+23 	468.821	573	224	22.1763
434	908   	3.64427e+21	2.64646e+24	8350.9 	8.93627e+22	467.862	545	33 	34.1868
435	902   	1.03099e+21	1.02699e+24	8276.89	3.24602e+22	469.144	539	34 	35.6984
436	905   	6.85925e+20	6.44017e+23	8276.89	2.03958e+22	474.773	566	36 	29.8344
437	895   	7.18629e+18	6.54683e+21	8271.18	2.07502e+20	475.691	555	33 	35.3556
438	907   	1.81676e+17	9.54184e+19	8271.18	3.19055e+18	479.58 	569	34 	30.9997
439	930   	8.30186e+19	4.12468e+22	8271.05	1.84278e+21	478.662	532	33 	40.8621
440	908   	8.26053e+19	4.12468e+22	8267.15	1.84276e+21	478.094	536	42 	34.0181
441	860   	9.64331e+22	9.6433e+25 	8259.41	3.04795e+24	476.973	520	33 	30.8936
442	902   	8.92019e+19	4.12468e+22	8252.12	1.85405e+21	476.836	727	79 	28.8044
443	915   	4.78891e+19	4.12468e+22	8251.77	1.3198e+21 	474.913	545	33 	40.2827
444	919   	4.13474e+19	4.12468e+22	8246.71	1.30368e+21	477.956	710	36 	36.0478
445	890   	7.54448e+16	3.45456e+19	8238.43	1.30979e+18	482.796	559	33 	36.2645
446	914   	6.98546e+20	6.44017e+23	8236.44	2.03975e+22	486.509	554	35 	28.6754
447	926   	6.72315e+18	6.54683e+21	8236.44	2.06931e+20	488.061	643	33 	38.9086
448	918   	1.99283e+17	3.45456e+19	8235.9 	2.01084e+18	489.951	548	221	27.1417
449	910   	3.52615e+21	3.51948e+24	8219.55	1.1124e+23 	491.193	547	37 	29.1728
450	905   	9.62296e+16	1.32177e+19	8219.55	1.10764e+18	492.494	580	34 	29.1046
451	905   	1.04767e+26	1.04767e+29	8219.3 	3.31136e+27	495.702	584	33 	30.3111
452	885   	4.18415e+19	4.12468e+22	8219.3 	1.30377e+21	497.143	584	32 	34.3391
453	927   	8.91874e+19	4.12468e+22	8213.64	1.85405e+21	500.448	603	33 	29.145 
454	905   	1.5424e+22 	1.53826e+25	8213.64	4.86199e+23	501.432	595	37 	35.3977
455	892   	2.68794e+21	2.64646e+24	8202.69	8.36555e+22	503.837	613	33 	38.3214
456	919   	6.71324e+18	6.54683e+21	8202.69	2.06927e+20	504.308	613	58 	33.3662
457	896   	1.45873e+20	1.45792e+23	8202.69	4.60805e+21	499.718	586	52 	36.5101
458	924   	4.1886e+19 	4.12468e+22	8202.69	1.30376e+21	498.851	586	108	31.7079
459	911   	6.68412e+18	6.54683e+21	8187.42	2.06927e+20	500.389	586	223	26.2692
460	887   	2.1207e+21 	1.46324e+24	8187.42	5.05117e+22	499.821	587	32 	33.5735
461	906   	3.1695e+24 	3.16941e+27	8171.72	1.00176e+26	501.438	594	54 	35.2721
462	900   	1.05703e+23	8.9628e+25 	8155.01	2.87386e+24	501.202	599	32 	44.1762
463	922   	2.48039e+24	2.48031e+27	8155.01	7.83949e+25	506.2  	586	32 	36.3331
464	915   	2.52106e+24	2.52102e+27	8143.54	7.96817e+25	507.922	589	39 	36.6085
465	924   	6.44099e+20	6.44017e+23	8141.42	2.03554e+22	509.841	600	34 	33.4135
466	908   	4.78733e+19	4.12468e+22	8141.42	1.3198e+21 	509.718	589	225	29.48  
467	921   	1.54022e+22	1.53826e+25	8130.14	4.86198e+23	505.88 	615	32 	42.2124
468	911   	1.48908e+21	1.48879e+24	8114.89	4.70561e+22	505.238	587	32 	31.5405
469	916   	2.75661e+24	2.73766e+27	8084.15	8.65301e+25	502.763	576	220	28.3979
470	928   	1.50956e+23	1.5095e+26 	8075.02	4.77107e+24	498.876	571	32 	34.2866
471	930   	4.14189e+19	4.12468e+22	8074.87	1.30368e+21	496.08 	576	205	31.8315
472	922   	4.13665e+19	4.12468e+22	8074.95	1.30368e+21	495.328	555	40 	34.2598
473	918   	2.3034e+17 	3.45456e+19	8059.34	2.10577e+18	497.421	559	34 	35.2131
474	944   	8.81536e+25	8.81508e+28	8059.34	2.78618e+27	499.731	562	32 	31.2304
475	927   	4.1354e+19 	4.12468e+22	8059.45	1.30368e+21	497.324	571	33 	38.1868
476	912   	1.05362e+26	1.04767e+29	8059.45	3.31139e+27	495.92 	555	33 	38.2891
477	890   	4.13008e+19	4.12468e+22	8057.64	1.30368e+21	494.419	557	34 	42.1715
478	922   	1.2484e+20 	4.12468e+22	8051.5 	2.25596e+21	493.159	706	32 	39.999 
479	902   	4.80618e+22	4.80139e+25	8026.01	1.51757e+24	495.66 	597	51 	32.1804
480	892   	6.80751e+18	6.54683e+21	8026.01	2.06992e+20	493.315	567	39 	38.0244
481	904   	4.86045e+19	4.12468e+22	8026.01	1.31988e+21	492.872	572	34 	41.3312
482	906   	7.14534e+18	7.08786e+21	8024.4 	2.24025e+20	492.919	570	33 	35.0054
483	896   	1.54311e+22	1.53826e+25	8015.09	4.86199e+23	494.23 	564	32 	35.9829
484	920   	1.04769e+26	1.04767e+29	8009.15	3.31136e+27	494.834	564	32 	37.9443
485	904   	3.16091e+21	3.14772e+24	8009.15	9.94899e+22	498.077	615	32 	39.1166
486	912   	1.05771e+17	1.32204e+19	8009.45	1.17746e+18	497.013	584	32 	43.493 
487	911   	6.76533e+24	6.76533e+27	8009.45	2.13832e+26	497.501	569	32 	34.0523
488	913   	1.32021e+19	6.54683e+21	8003.25	2.92488e+20	493.461	583	31 	39.6391
489	930   	7.72753e+16	1.32177e+19	8002.83	9.80765e+17	491.67 	563	32 	39.1794
490	908   	6.13025e+23	6.09499e+26	7980.38	1.92646e+25	493.063	563	40 	30.0821
491	894   	7.26605e+20	6.44017e+23	7982.21	2.04361e+22	488.53 	563	31 	41.8483
492	917   	4.13996e+19	4.12468e+22	7982.16	1.30368e+21	488.827	582	210	31.3208
493	905   	2.64717e+21	2.64646e+24	7997.54	8.36466e+22	487.947	568	35 	31.5482
494	911   	4.13439e+19	4.12468e+22	7981.07	1.30368e+21	488.808	589	243	22.8663
495	898   	4.05267e+23	3.39833e+26	7981.07	1.09354e+25	485.243	563	293	24.5466
496	916   	1.32536e+19	6.54683e+21	7977.55	2.9249e+20 	485.488	563	36 	29.2368
497	884   	1.3221e+19 	6.54683e+21	7959.71	2.92488e+20	486.409	546	236	25.1107
498	903   	8.28272e+19	4.12468e+22	7959.71	1.84276e+21	486.72 	567	235	24.7222
499	911   	5.61649e+19	4.12468e+22	7959.59	1.33322e+21	485.957	559	32 	30.3437
500	929   	3.97042e+18	3.61762e+21	7959.7 	1.14494e+20	483.833	755	36 	36.5602