   	      	                      fitness                      	              size             
   	      	---------------------------------------------------	-------------------------------
gen	nevals	avg        	max        	min    	std        	avg    	max	min	std    
0  	1000  	1.37081e+69	1.37081e+72	54674.6	4.33271e+70	12.439 	95 	3  	13.1728
1  	921   	2.57819e+34	2.57819e+37	73496.8	8.14889e+35	10.699 	74 	2  	10.5626
2  	903   	3.09687e+28	3.09687e+31	56908.7	9.78826e+29	11.934 	77 	2  	11.4569
3  	939   	7.9662e+29 	7.95151e+32	72736.6	2.51323e+31	13.154 	78 	2  	11.5366
4  	901   	1.25936e+58	1.25936e+61	70063.1	3.98044e+59	13.616 	73 	2  	9.85893
5  	925   	1.17684e+24	1.17604e+27	70063.1	3.7171e+25 	14.508 	65 	2  	9.38371
6  	899   	8.95661e+29	8.95641e+32	69671.3	2.83085e+31	16.614 	73 	2  	9.56164
7  	913   	8.65816e+19	7.55652e+22	59804.1	2.4054e+21 	19.617 	84 	2  	10.6091
8  	893   	3.55341e+39	3.55341e+42	59803.7	1.12313e+41	23.396 	75 	2  	12.1228
9  	898   	3.76979e+20	3.6634e+23 	59803.7	1.15821e+22	26.685 	75 	2  	13.3116
10 	907   	4.741e+49  	4.741e+52  	38408.1	1.49849e+51	28.928 	78 	2  	13.5901
11 	894   	1.69039e+26	1.67488e+29	38408.1	5.29397e+27	29.657 	89 	2  	13.8406
12 	881   	9.38542e+27	9.38094e+30	36936.6	2.96503e+29	30.032 	89 	2  	14.524 
13 	920   	4.46498e+31	4.46498e+34	38407.9	1.41124e+33	32.207 	104	2  	15.7519
14 	903   	1.43688e+26	1.43579e+29	36307.4	4.5381e+27 	34.766 	96 	3  	15.9237
15 	910   	3.06778e+29	3.06778e+32	36307.4	9.69631e+30	36.288 	106	3  	16.6734
16 	896   	1.0244e+23 	4.58764e+25	31599  	1.83254e+24	33.824 	108	3  	16.3812
17 	905   	1.30078e+33	1.30078e+36	34604.9	4.11137e+34	31.234 	98 	3  	15.2012
18 	902   	7.01747e+21	6.99e+24   	28675  	2.20933e+23	29.171 	104	3  	13.7099
19 	896   	8.10793e+22	7.93824e+25	29751.2	2.50953e+24	30.899 	111	5  	13.7472
20 	921   	2.87584e+19	1.20239e+22	27170.4	5.43491e+20	33.005 	89 	5  	14.1413
21 	914   	1.16798e+29	1.16798e+32	27170.4	3.69165e+30	34.723 	104	3  	14.7466
22 	913   	1.61161e+21	7.96188e+23	22508.1	3.55724e+22	36.833 	104	3  	16.9195
23 	900   	2.06746e+18	2.06295e+21	26825.8	6.52035e+19	39.778 	110	3  	19.7568
24 	933   	2.11671e+12	8.19179e+14	26825.8	3.88353e+13	41.9   	119	4  	20.3123
25 	926   	2.72689e+19	1.20239e+22	26825.8	5.44112e+20	42.66  	114	3  	20.4862
26 	905   	1.48849e+19	1.20239e+22	20751.6	3.87842e+20	43.366 	131	4  	19.426 
27 	928   	2.37821e+20	2.37178e+23	20751.6	7.49649e+21	43.643 	116	6  	19.17  
28 	905   	2.59312e+33	2.59312e+36	21553  	8.19607e+34	44.879 	119	4  	19.0306
29 	899   	1.0082e+24 	9.66016e+26	21553.9	3.05455e+25	46.758 	113	3  	18.7248
30 	917   	4.70621e+38	4.70621e+41	21553.6	1.48749e+40	48.676 	135	5  	19.3646
31 	885   	8.28148e+22	2.07187e+25	20746.8	1.30679e+24	51.948 	126	3  	19.4808
32 	931   	3.02617e+25	1.50987e+28	20746.8	6.74558e+26	55.642 	131	12 	19.2333
33 	881   	1.51424e+25	1.50987e+28	20746.8	4.77225e+26	58.184 	141	3  	21.3839
34 	909   	1.55488e+37	1.55488e+40	20746.8	4.9145e+38 	63.024 	141	8  	21.1317
35 	920   	1.26734e+23	1.08323e+26	20746.8	3.47102e+24	69.509 	152	7  	21.9619
36 	919   	2.98474e+21	2.7633e+24 	20746.8	8.74684e+22	76.615 	136	11 	20.3841
37 	908   	3.30041e+33	3.30041e+36	20744.1	1.04316e+35	81.763 	138	11 	18.5449
38 	905   	1.41919e+31	1.41919e+34	20743.7	4.48561e+32	82.404 	159	22 	20.2701
39 	903   	5.16361e+45	5.16361e+48	20230.1	1.63206e+47	83.487 	159	14 	20.2182
40 	916   	2.17196e+29	2.17196e+32	20666.1	6.86491e+30	81.099 	159	14 	21.9742
41 	909   	1.53586e+39	1.53586e+42	20381.9	4.8544e+40 	75.955 	136	10 	21.4481
42 	893   	9.56427e+22	2.07187e+25	19188.8	1.35887e+24	71.326 	142	12 	21.2739
43 	912   	9.03528e+24	8.90309e+27	19188.8	2.814e+26  	68.328 	140	10 	22.0929
44 	920   	4.14374e+22	2.07187e+25	19188.8	9.25642e+23	66.928 	145	6  	20.4437
45 	907   	3.31391e+23	1.84102e+26	18992.9	6.0579e+24 	68.068 	131	3  	20.5197
46 	927   	1.33144e+23	1.09348e+26	18991.1	3.51773e+24	68.622 	130	3  	21.2349
47 	911   	7.35583e+24	7.29654e+27	18808.9	2.30622e+26	75.405 	159	12 	21.0991
48 	914   	4.35524e+39	4.35489e+42	18805.3	1.37645e+41	79.268 	159	6  	20.2924
49 	894   	6.22544e+24	6.19574e+27	18805.3	1.95829e+26	80.215 	160	13 	20.9128
50 	895   	1.20269e+22	9.07173e+24	18425.2	2.94523e+23	82.58  	143	12 	18.7204
51 	908   	2.82075e+41	2.82075e+44	18425.2	8.91554e+42	86.418 	150	31 	18.363 
52 	900   	1.22247e+22	9.07173e+24	18313.4	3.02862e+23	89.846 	160	31 	18.6516
53 	911   	5.59988e+38	5.59988e+41	18400.3	1.76995e+40	92.26  	167	11 	19.7516
54 	911   	4.52004e+18	2.46354e+21	18400.3	1.01129e+20	94.41  	171	24 	19.7666
55 	889   	7.41965e+38	7.41965e+41	18359  	2.34513e+40	95.868 	166	22 	18.6417
56 	898   	3.26445e+26	2.58894e+29	17880.3	8.45467e+27	96.505 	170	37 	17.8215
57 	907   	1.5355e+20 	9.30655e+22	17632.1	3.37798e+21	95.879 	170	32 	18.7189
58 	908   	5.67165e+23	5.65633e+26	17632  	1.78779e+25	96.815 	176	33 	19.2364
59 	922   	9.01823e+20	7.92661e+23	17625.5	2.52754e+22	98.857 	177	35 	20.8293
60 	916   	1.01376e+22	8.9715e+24 	17367.2	2.84691e+23	101.336	177	31 	21.0554
61 	904   	1.68687e+22	1.60643e+25	17356.3	5.07975e+23	101.929	181	35 	21.6754
62 	915   	5.01931e+20	1.70225e+23	17259.7	7.48448e+21	102.357	175	35 	20.6583
63 	895   	1.84534e+22	9.07173e+24	16613.1	4.03165e+23	104.221	215	35 	21.3494
64 	919   	1.03857e+22	8.9715e+24 	16673.4	2.8517e+23 	104.035	171	35 	22.0883
65 	904   	7.70743e+20	1.70225e+23	16673.4	9.02362e+21	104.089	172	37 	22.7692
66 	908   	2.08806e+20	1.01443e+23	16673.4	4.5336e+21 	103.348	177	37 	22.8921
67 	909   	2.24664e+20	1.23182e+23	16657.4	5.04122e+21	103.979	192	35 	25.0357
68 	897   	1.44468e+20	9.30655e+22	16657.4	3.34475e+21	104.163	194	10 	24.949 
69 	890   	3.30627e+20	9.78619e+22	16651.3	4.96611e+21	103.649	191	35 	23.888 
70 	899   	8.03602e+20	2.9624e+23 	16219.2	1.35219e+22	103.193	194	38 	21.6306
71 	903   	1.50836e+20	9.30655e+22	16217.5	3.34826e+21	103.722	187	35 	21.3486
72 	925   	1.15458e+21	2.9624e+23 	16054.8	1.46123e+22	105.944	187	35 	21.6968
73 	909   	5.16723e+21	3.78986e+24	16054.8	1.23885e+23	109.312	207	36 	22.8913
74 	893   	7.38988e+20	2.9624e+23 	16054.8	1.25081e+22	112.626	210	36 	23.7407
75 	900   	4.37267e+20	1.23269e+23	16054.8	6.89073e+21	116.918	195	35 	25.7919
76 	913   	1.21477e+21	9.1394e+23 	16008.1	3.03575e+22	121.204	197	36 	24.5995
77 	909   	1.37909e+31	1.37909e+34	15964.2	4.3589e+32 	122.323	201	14 	23.7096
78 	909   	7.06224e+26	7.06221e+29	15964.2	2.23215e+28	121.326	215	40 	24.6459
79 	907   	2.12595e+20	5.86135e+22	15866.2	3.32156e+21	121.981	236	42 	25.0925
80 	927   	4.32664e+21	4.11914e+24	15865.9	1.3025e+23 	123.554	236	41 	25.3018
81 	907   	8.10252e+21	3.78986e+24	15865.9	1.69685e+23	123.277	236	42 	25.4215
82 	913   	2.85172e+20	1.01443e+23	15895.9	4.64664e+21	125.089	236	42 	27.4184
83 	890   	3.99516e+21	3.78986e+24	15651.9	1.19865e+23	132.04 	239	27 	27.5578
84 	898   	2.56744e+20	2.54848e+23	15651.9	8.05501e+21	138.794	213	42 	27.6148
85 	912   	1.19538e+18	8.37964e+20	15651.9	2.78949e+19	141.616	229	42 	29.4309
86 	913   	3.73689e+22	1.18989e+25	15600.5	6.51413e+23	143.512	221	45 	31.9048
87 	911   	2.08862e+18	8.8984e+20 	15579.4	3.97144e+19	144.386	277	42 	35.3585
88 	909   	1.52306e+20	1.01443e+23	15524.1	3.46174e+21	145.786	247	42 	35.6379
89 	904   	2.39336e+19	2.21809e+22	15186.7	7.01949e+20	146.978	241	42 	35.8181
90 	921   	1.1904e+17 	1.19023e+20	15117.2	3.76196e+18	143.35 	252	41 	32.2402
91 	908   	1.53953e+20	1.01443e+23	15117.2	3.58014e+21	142.651	252	41 	30.5265
92 	898   	1.42141e+20	5.61896e+22	15117.2	2.63209e+21	145.804	258	41 	31.7521
93 	881   	1.30833e+20	1.23269e+23	14854.7	3.89891e+21	153.321	263	45 	33.4585
94 	900   	1.16915e+20	6.43395e+22	14854.7	2.58358e+21	165.702	263	41 	32.3378
95 	921   	5.37676e+28	5.37676e+31	14851.6	1.69943e+30	173.381	263	41 	30.2458
96 	894   	7.72055e+20	2.53128e+23	14851.6	1.1856e+22 	178.861	305	42 	27.4922
97 	921   	1.29658e+20	1.23269e+23	14848.2	3.89791e+21	175.883	257	41 	27.5781
98 	918   	5.53132e+20	2.53127e+23	14841.5	9.84942e+21	176.943	269	41 	28.6367
99 	920   	6.04374e+21	6.04148e+24	14365.9	1.90953e+23	179.839	280	42 	28.9449
100	926   	1.5487e+24 	1.54857e+27	14565.2	4.89455e+25	183.159	278	42 	27.198 
101	917   	2.46e+22   	2.43005e+25	14421.2	7.68086e+23	184.97 	275	41 	26.3011
102	905   	1.9987e+15 	1.07101e+18	14421.2	3.72931e+16	185.839	269	43 	23.4889
103	903   	4.7282e+21 	4.5324e+24 	14420.4	1.43356e+23	183.183	248	42 	26.1967
104	920   	1.07936e+35	1.07936e+38	14373.6	3.41154e+36	182.19 	254	42 	25.2162
105	907   	1.23312e+20	1.23269e+23	14134.9	3.89616e+21	182.011	257	42 	27.2782
106	919   	3.00209e+30	3.00209e+33	14134.3	9.48869e+31	181.898	260	42 	27.1457
107	893   	2.76549e+38	2.76549e+41	14132.8	8.74087e+39	182.907	262	42 	25.4464
108	902   	1.12545e+35	1.07936e+38	14132.3	3.4145e+36 	183.366	265	42 	27.5214
109	919   	3.15147e+30	3.15147e+33	13731.7	9.96084e+31	183.476	266	42 	27.9963
110	895   	6.42996e+26	6.4299e+29 	13731.7	2.0323e+28 	186.436	250	42 	25.7063
111	924   	1.54924e+24	1.54857e+27	13731.7	4.89455e+25	187.403	252	44 	24.8979
112	924   	2.87867e+21	7.72444e+23	13777.2	3.86426e+22	188.747	270	43 	26.634 
113	918   	4.11197e+36	4.11197e+39	13777.2	1.29967e+38	191.991	262	42 	27.1392
114	912   	2.5234e+21 	1.75694e+24	13777.2	5.76963e+22	194.683	297	42 	28.701 
115	910   	6.4299e+26 	6.4299e+29 	13777.2	2.0323e+28 	194.909	297	43 	27.926 
116	900   	1.93817e+40	1.93817e+43	13775.7	6.12596e+41	196.903	303	42 	28.6372
117	903   	1.86101e+21	1.75694e+24	13725.2	5.56195e+22	194.625	310	42 	28.9833
118	908   	6.27068e+26	6.27065e+29	13725.2	1.98196e+28	192.798	329	42 	29.9254
119	895   	9.21568e+20	3.72558e+23	13775.7	1.6986e+22 	188.147	310	42 	30.4515
120	900   	3.43984e+24	3.43703e+27	13774.6	1.08634e+26	184.971	265	42 	30.5528
121	895   	4.7582e+20 	4.35226e+23	13758.1	1.37797e+22	183.058	263	47 	29.5972
122	899   	6.49062e+21	6.04148e+24	13737.2	1.91311e+23	181.196	283	41 	31.2029
123	912   	3.40388e+25	3.21005e+28	13620.9	1.01638e+27	182.041	272	42 	28.0903
124	888   	6.42991e+26	6.4299e+29 	13620.5	2.0323e+28 	184.13 	267	42 	26.6186
125	911   	3.07887e+21	1.75187e+24	13620.5	6.02347e+22	183.952	306	13 	27.8233
126	917   	2.65301e+21	1.68741e+24	13616.5	5.68105e+22	180.031	266	42 	30.2932
127	916   	6.44512e+26	6.4299e+29 	13487.9	2.0323e+28 	177.457	279	43 	29.9222
128	914   	1.48584e+21	4.43329e+23	13454  	2.4338e+22 	178.38 	276	42 	32.4394
129	902   	1.52275e+24	1.52168e+27	13485.5	4.80955e+25	185.288	278	73 	33.7023
130	902   	2.07712e+21	1.74077e+24	13391.4	5.53834e+22	197.913	286	43 	35.1029
131	913   	9.85939e+20	4.35226e+23	13379  	1.96519e+22	209.677	288	43 	33.179 
132	921   	9.94183e+21	6.04148e+24	13327.3	2.06403e+23	221.096	298	42 	28.7962
133	916   	5.7037e+21 	1.75694e+24	13326.3	9.68177e+22	226.316	331	42 	25.8847
134	924   	5.28564e+19	4.68166e+22	13326.3	1.48341e+21	226.69 	301	52 	26.0026
135	914   	2.53979e+27	2.53979e+30	13326.3	8.02749e+28	227.238	332	43 	25.4484
136	923   	2.86707e+38	2.86707e+41	13300.8	9.06193e+39	225.906	307	43 	26.8779
137	920   	2.4698e+21 	1.75694e+24	13249.7	5.75719e+22	227.582	319	42 	27.9943
138	895   	1.62079e+37	1.62079e+40	13187.9	5.12283e+38	227.835	314	42 	31.1571
139	911   	7.84115e+40	7.84115e+43	13187.9	2.47835e+42	232.474	321	42 	32.0882
140	897   	2.70439e+38	2.70439e+41	13187.9	8.54776e+39	238.816	308	44 	30.3393
141	924   	6.26965e+26	6.26955e+29	13146.5	1.98162e+28	243.885	339	43 	30.7167
142	904   	2.65284e+21	1.75694e+24	12778.6	5.78645e+22	249.642	324	42 	29.8169
143	929   	3.78427e+20	3.72558e+23	12778.6	1.17757e+22	252.965	310	42 	27.1748
144	911   	2.86369e+20	1.23269e+23	12694.9	5.54556e+21	252.599	381	42 	29.0137
145	918   	5.4274e+21 	4.71195e+24	12694.9	1.49548e+23	253.311	354	42 	26.5924
146	923   	9.05168e+20	3.72558e+23	12694.5	1.69828e+22	253.774	323	42 	27.124 
147	884   	2.45235e+21	1.75023e+24	12651.7	5.95801e+22	252.115	381	42 	25.5531
148	919   	7.84115e+40	7.84115e+43	12652.1	2.47835e+42	248.276	334	42 	28.6348
149	898   	2.9178e+36 	2.9178e+39 	12610.4	9.22228e+37	241.565	344	42 	29.7719
150	920   	1.92983e+21	1.7495e+24 	12317  	5.54994e+22	236.218	306	43 	26.3086
151	900   	8.02064e+40	7.84115e+43	12317  	2.47894e+42	232.695	318	42 	25.9763
152	922   	3.29756e+36	3.29756e+39	12316.9	1.04226e+38	233.087	317	111	22.1505
153	916   	5.9437e+37 	5.9437e+40 	12197  	1.87862e+39	232.325	292	42 	24.3754
154	901   	1.09386e+39	1.09386e+42	12193.4	3.45736e+40	231.284	323	42 	26.5706
155	890   	1.48697e+20	8.09204e+22	12189.1	2.91213e+21	230.703	296	42 	29.0022
156	901   	7.88879e+20	4.43329e+23	12176.4	1.53635e+22	230.861	316	42 	27.2693
157	898   	2.14021e+22	1.69704e+25	12176.7	5.42263e+23	229.979	297	42 	26.985 
158	918   	7.84115e+40	7.84115e+43	12156.4	2.47835e+42	229.78 	306	42 	29.2288
159	906   	1.90448e+21	1.75694e+24	12156.4	5.561e+22  	230.206	320	42 	30.2538
160	895   	7.84115e+40	7.84115e+43	12144.7	2.47835e+42	234.467	361	43 	30.4896
161	908   	6.85212e+21	6.04148e+24	12088.3	1.91786e+23	235.125	345	46 	31.4451
162	927   	2.76549e+38	2.76549e+41	12088.3	8.74088e+39	237.786	319	42 	32.5802
163	892   	6.26955e+26	6.26955e+29	12023.1	1.98161e+28	240.105	335	42 	37.7875
164	891   	2.02054e+37	2.02054e+40	12023.1	6.38631e+38	246.744	330	42 	37.6037
165	923   	2.97448e+21	2.34762e+24	12023  	7.55465e+22	257.262	326	42 	33.6491
166	912   	2.70401e+38	2.70401e+41	12019.8	8.54657e+39	263.935	340	42 	31.1628
167	918   	5.66201e+21	5.36336e+24	12022.7	1.69627e+23	266.29 	447	42 	31.0529
168	898   	4.5911e+25 	4.59029e+28	11951.6	1.45085e+27	267.411	350	42 	24.7779
169	920   	6.44738e+20	5.04829e+23	11950.1	1.64242e+22	265.974	361	42 	28.5731
170	910   	7.82697e+20	4.31544e+23	11950.1	1.48381e+22	267.963	343	42 	27.2372
171	889   	1.07256e+21	5.03203e+23	11942.4	2.09996e+22	268.425	351	43 	26.527 
172	913   	6.41999e+21	5.42549e+24	11942.4	1.72585e+23	268.51 	356	42 	25.2811
173	909   	1.46528e+22	1.19543e+25	11934  	3.81872e+23	267.26 	360	42 	24.2685
174	897   	6.28477e+26	6.26955e+29	11726.2	1.98161e+28	265.605	350	42 	27.9725
175	919   	6.16037e+21	6.04148e+24	11726.2	1.90963e+23	266.678	350	42 	27.8653
176	915   	7.53619e+21	5.36692e+24	11726.2	1.78211e+23	266.857	349	44 	25.8846
177	911   	1.27074e+20	1.23269e+23	11726.2	3.89686e+21	268.025	347	107	26.6348
178	904   	4.55293e+20	4.28308e+23	11726.2	1.35468e+22	267.805	360	43 	33.2268
179	891   	2.93552e+32	2.93552e+35	11726.2	9.27829e+33	269.856	343	46 	29.3322
180	924   	7.77477e+21	6.04148e+24	11725.6	1.97987e+23	269.094	352	43 	29.2373
181	923   	6.35508e+20	4.35164e+23	11624  	1.44066e+22	263.538	384	42 	31.1157
182	920   	5.16639e+20	4.35164e+23	11624  	1.38351e+22	257.894	368	42 	31.3091
183	891   	4.3999e+23 	4.39796e+26	11624  	1.39006e+25	256.316	368	44 	25.0582
184	895   	9.09715e+22	9.02891e+25	11621.8	2.85378e+24	253.456	355	42 	24.8989
185	912   	1.74527e+21	4.28308e+23	11621.8	2.45034e+22	254.035	318	79 	20.3075
186	905   	4.39829e+23	4.39796e+26	11618.4	1.39006e+25	253.055	302	43 	23.3175
187	922   	2.22938e+21	1.303e+24  	11609.1	4.54207e+22	254.541	324	42 	22.2853
188	913   	5.67636e+20	1.23269e+23	11609.1	7.99906e+21	254.301	332	46 	24.0229
189	936   	6.25188e+21	5.29687e+24	11619  	1.68159e+23	254.038	326	43 	20.9905
190	895   	5.76179e+20	4.31935e+23	11570.6	1.42001e+22	252.544	310	42 	26.6984
191	905   	1.05445e+23	9.02889e+25	11570.6	2.88436e+24	253.514	324	41 	26.7828
192	910   	7.20559e+35	7.20559e+38	11570.6	2.27747e+37	255.735	318	42 	24.35  
193	907   	2.6804e+20 	1.23269e+23	11570.1	4.45715e+21	256.164	305	42 	26.2569
194	926   	2.02054e+37	2.02054e+40	11570.1	6.38631e+38	256.319	308	42 	23.8087
195	925   	8.7553e+20 	4.35164e+23	11561.4	1.92083e+22	256.146	341	43 	21.4656
196	914   	1.13089e+21	4.33331e+23	11561.4	2.01855e+22	256.268	338	42 	24.3241
197	907   	6.47741e+21	6.04148e+24	11552.4	1.91434e+23	256.296	354	42 	21.8709
198	905   	2.36083e+22	2.34969e+25	11295.1	7.42664e+23	255.446	340	42 	23.7674
199	909   	5.09808e+21	4.72739e+24	11295.1	1.49591e+23	256.158	345	43 	24.4037
200	912   	1.63369e+23	1.61964e+26	11295.1	5.11922e+24	256.285	355	47 	22.6059
201	925   	2.74663e+21	1.65593e+24	11295.1	6.2364e+22 	256.318	342	46 	22.7984
202	927   	5.97465e+21	4.86547e+24	11295.1	1.55044e+23	256.704	348	44 	22.4276
203	910   	4.6169e+20 	4.04903e+23	11295.1	1.28832e+22	256.882	346	42 	24.1613
204	909   	6.82549e+20	4.35164e+23	11296.6	1.48085e+22	258.598	340	42 	23.4702
205	931   	4.6182e+19 	4.07123e+22	11296.6	1.29514e+21	260.755	356	90 	22.6522
206	914   	1.13496e+22	1.13048e+25	11292.2	3.57313e+23	259.784	374	42 	26.7447
207	909   	2.70401e+38	2.70401e+41	11292.2	8.54657e+39	262.278	370	43 	23.6404
208	907   	4.41777e+20	4.31935e+23	11275.1	1.36552e+22	263.542	352	45 	24.5239
209	890   	4.55233e+20	3.52228e+23	11275.1	1.151e+22  	264.988	329	43 	26.146 
210	918   	1.08255e+31	1.08251e+34	11274.8	3.42149e+32	269.038	428	43 	27.2111
211	914   	1.58301e+23	1.55723e+26	11271.6	4.92196e+24	271.898	363	97 	22.9481
212	920   	5.90005e+20	4.26841e+23	11232.1	1.38079e+22	271.167	357	43 	23.8343
213	914   	6.07035e+21	5.94449e+24	11231.2	1.87924e+23	267.342	354	42 	28.1719
214	908   	8.28072e+18	2.90047e+21	11231.2	1.3359e+20 	268.102	350	43 	25.0949
215	933   	5.83161e+21	4.41986e+24	11230  	1.41541e+23	267.486	328	41 	21.88  
216	921   	5.28951e+20	4.31935e+23	11230  	1.39583e+22	264.687	340	47 	25.0423
217	935   	1.52186e+24	1.52144e+27	11178.4	4.8088e+25 	263.273	362	43 	25.4387
218	907   	7.20337e+35	7.20337e+38	11175.7	2.27677e+37	263.43 	332	49 	24.0342
219	924   	9.93808e+20	4.35164e+23	11159.5	1.96305e+22	264.011	325	48 	27.0363
220	913   	1.53226e+24	1.52143e+27	11159.5	4.80884e+25	266.637	325	46 	23.288 
221	920   	1.57336e+23	1.55723e+26	11159.3	4.92195e+24	268.522	323	116	22.2057
222	911   	1.02984e+20	8.09204e+22	11159.3	2.65002e+21	269.447	325	50 	23.6406
223	894   	7.82974e+20	7.63578e+23	11159.3	2.41415e+22	269.252	352	56 	24.3303
224	926   	5.16132e+20	4.35164e+23	11084.9	1.38305e+22	267.385	352	49 	26.2489
225	910   	2.13598e+37	2.13598e+40	11044.7	6.75117e+38	264.263	349	45 	28.2883
226	925   	5.49561e+26	5.4956e+29 	11035  	1.73699e+28	262.476	349	49 	25.8678
227	919   	5.36131e+20	4.35164e+23	11035  	1.39226e+22	261.831	330	49 	22.1565
228	908   	5.4956e+26 	5.4956e+29 	11035  	1.73699e+28	260.497	331	48 	20.1473
229	897   	4.25882e+20	4.22102e+23	11035  	1.33414e+22	259.123	332	48 	24.3822
230	912   	5.29593e+19	2.69643e+22	11033.9	9.82893e+20	258.513	345	47 	22.2116
231	909   	9.0181e+21 	6.04148e+24	11033.9	1.99233e+23	258.217	346	43 	22.9131
232	895   	2.84675e+22	2.34963e+25	11024.1	7.57549e+23	257.943	323	48 	21.443 
233	906   	1.61923e+21	7.74731e+23	11024.1	3.13422e+22	257.631	324	45 	22.9643
234	919   	1.7035e+21 	4.35164e+23	11024.1	2.43375e+22	258.234	326	43 	24.3091
235	906   	6.6181e+21 	6.04148e+24	11024.5	1.91451e+23	258.392	325	44 	24.48  
236	901   	1.52223e+24	1.52144e+27	11024.5	4.8088e+25 	258.794	323	48 	23.534 
237	892   	1.93744e+40	1.93744e+43	11024.5	6.12366e+41	261.402	337	50 	20.3927
238	907   	2.64407e+38	2.64407e+41	11012.6	8.35712e+39	261.038	324	41 	25.008 
239	913   	2.21271e+24	2.21203e+27	10995.9	6.99154e+25	261.381	309	50 	22.6463
240	925   	2.15855e+37	2.15855e+40	10912.9	6.82253e+38	262.567	325	91 	20.541 
241	922   	3.46123e+20	3.18518e+23	10912.9	1.01025e+22	261.462	318	41 	25.0753
242	901   	4.82799e+20	1.73843e+23	10912.9	8.27456e+21	262.93 	319	40 	23.4835
243	910   	1.71035e+21	6.01733e+23	10912.4	2.75415e+22	263.374	323	40 	26.3346
244	897   	1.43564e+21	4.35164e+23	10837.5	2.38369e+22	265.489	312	40 	24.74  
245	904   	1.93744e+40	1.93744e+43	10912.1	6.12366e+41	268.401	342	43 	21.6123
246	927   	1.11513e+22	6.04148e+24	10912.1	2.42945e+23	267.326	314	40 	28.3195
247	918   	2.15855e+37	2.15855e+40	10749.1	6.82253e+38	269.022	446	40 	26.4871
248	897   	1.61542e+21	9.78538e+23	10908.7	3.62986e+22	268.996	375	40 	25.0166
249	908   	6.2088e+20 	4.35426e+23	10806.2	1.4342e+22 	269.334	319	125	20.6475
250	902   	3.20138e+21	1.65793e+24	10806.2	5.97785e+22	268.839	327	41 	22.4848
251	882   	5.0531e+20 	2.03197e+23	10806.2	9.29818e+21	267.512	340	40 	25.701 
252	891   	5.49561e+26	5.4956e+29 	10806.2	1.73699e+28	266.839	329	43 	22.1018
253	918   	1.14729e+21	4.22102e+23	10806.2	1.9554e+22 	266.286	390	53 	24.6124
254	903   	2.10633e+21	1.65593e+24	10806.3	5.41042e+22	264.864	342	45 	27.7463
255	928   	1.61554e+23	1.55723e+26	10806.3	4.92337e+24	266.369	344	49 	24.6042
256	906   	7.20336e+35	7.20336e+38	10805.8	2.27676e+37	267.797	355	49 	24.4054
257	919   	6.34182e+20	4.35164e+23	10805.6	1.43382e+22	269.419	457	44 	24.8433
258	896   	3.0017e+21 	1.01562e+24	10771.9	5.41961e+22	271.205	339	40 	24.4233
259	906   	1.93744e+40	1.93744e+43	10771.9	6.12366e+41	272.366	342	42 	23.5522
260	908   	2.50582e+21	1.65593e+24	10788.5	5.35223e+22	272.21 	339	48 	23.0697
261	917   	6.05336e+21	4.93251e+24	10788.5	1.57208e+23	271.744	348	48 	24.9369
262	919   	1.31235e+21	9.78541e+23	10769.2	3.19451e+22	273.254	332	41 	25.3983
263	915   	9.8353e+20 	9.78543e+23	10708.9	3.09288e+22	276.442	336	41 	22.6421
264	922   	6.47173e+21	6.04148e+24	10695  	1.91153e+23	278.687	360	40 	26.6465
265	901   	1.24235e+21	1.12289e+24	10630.8	3.56175e+22	281.836	342	45 	21.6181
266	923   	2.96706e+22	2.34963e+25	10630.8	7.66619e+23	283.762	345	42 	24.6133
267	905   	1.30238e+19	1.20239e+22	10630.6	3.80695e+20	285.632	351	41 	25.6731
268	911   	1.38859e+21	9.49768e+23	10613.3	3.30077e+22	288.118	422	40 	28.7223
269	916   	2.05774e+21	9.78541e+23	10629.8	3.68213e+22	291.535	418	41 	28.1509
270	932   	3.63714e+24	3.62738e+27	10626.8	1.1465e+26 	292.647	368	46 	27.5072
271	900   	1.9777e+21 	9.78541e+23	10618.4	4.05555e+22	295.716	365	40 	25.5496
272	937   	2.15861e+37	2.15861e+40	10547.3	6.82272e+38	297.258	365	126	23.6212
273	919   	6.43924e+20	6.01733e+23	10547.3	1.90426e+22	300.536	407	41 	26.3131
274	908   	9.49928e+20	9.49768e+23	10546.9	3.00193e+22	300.053	375	40 	25.8456
275	925   	1.63144e+21	9.51128e+23	10546.9	3.23409e+22	302.358	384	41 	28.7562
276	915   	9.86702e+20	9.78546e+23	10546.9	3.09294e+22	305.263	376	40 	24.2174
277	904   	4.48228e+20	3.18531e+23	10546.7	1.07922e+22	304.394	364	40 	28.0898
278	917   	2.10696e+21	9.49768e+23	10545  	3.79386e+22	305.249	463	40 	28.8523
279	920   	2.75169e+38	2.75169e+41	10545  	8.69726e+39	303.562	379	40 	33.9969
280	903   	2.4438e+22 	2.34973e+25	10528.2	7.43131e+23	305.792	399	40 	25.0967
281	903   	8.18767e+21	6.04148e+24	10528.2	1.95155e+23	303.893	413	40 	28.0886
282	896   	1.08551e+21	9.78538e+23	10528.2	3.1071e+22 	301.784	418	40 	26.1225
283	917   	5.19695e+20	2.36201e+23	10483.7	9.60954e+21	298.858	358	41 	26.4863
284	914   	7.23919e+26	7.23885e+29	10455.5	2.28798e+28	297.133	385	40 	27.9057
285	902   	3.30224e+22	3.18626e+25	10432.2	1.00741e+24	296.902	387	40 	26.9248
286	910   	4.41407e+23	4.39796e+26	10432.2	1.39006e+25	297.768	415	40 	23.4546
287	917   	2.15855e+37	2.15855e+40	10429.7	6.82253e+38	297.301	408	41 	26.0766
288	899   	2.97097e+20	1.71865e+23	10429.7	6.68921e+21	298.503	368	121	24.032 
289	910   	7.92541e+20	6.01733e+23	10429.7	1.94755e+22	299.647	390	40 	29.5627
290	900   	7.76904e+21	6.04148e+24	10429  	1.95032e+23	301.255	361	40 	29.1148
291	917   	6.33724e+21	6.04148e+24	10429  	1.9104e+23 	302.157	373	40 	24.7416
292	909   	5.66461e+21	4.36167e+24	10429  	1.41424e+23	302.731	373	128	21.701 
293	903   	2.26826e+20	8.09204e+22	10392.4	3.3742e+21 	302.655	391	42 	26.0438
294	927   	5.0841e+21 	4.66203e+24	10392.4	1.47529e+23	301.454	399	46 	22.4323
295	893   	1.62499e+20	1.23669e+23	10392.4	4.07025e+21	300.797	362	43 	25.4503
296	908   	1.20903e+21	9.73294e+23	10392.4	3.114e+22  	300.222	378	45 	22.1759
297	922   	8.80997e+20	8.75415e+23	10392.4	2.76692e+22	298.659	381	40 	28.1752
298	921   	6.6533e+21 	6.04148e+24	10392.1	1.91879e+23	299.278	363	53 	23.269 
299	922   	8.83e+21   	4.75316e+24	10360  	1.96272e+23	299.441	372	40 	22.904 
300	916   	1.60715e+21	8.43462e+23	10344.1	3.59073e+22	296.985	385	40 	28.3842
301	886   	3.93462e+22	3.73132e+25	10344.1	1.17993e+24	298.244	341	40 	25.2568
302	903   	1.41395e+19	9.57534e+21	10344.1	3.12246e+20	297.472	397	40 	25.8739
303	917   	6.04768e+26	6.00808e+29	10344.1	1.899e+28  	297.159	370	40 	25.9712
304	895   	4.69102e+21	4.6634e+24 	10342.2	1.47398e+23	296.647	367	40 	28.572 
305	917   	1.45367e+21	8.61455e+23	10342.2	2.94018e+22	296.435	393	41 	26.1074
306	917   	7.57436e+27	7.57419e+30	10317.6	2.39397e+29	295.807	359	40 	23.823 
307	901   	1.33869e+23	7.38554e+25	10314  	3.00582e+24	295.846	378	40 	21.9108
308	931   	2.10134e+40	2.10134e+43	10314  	6.64171e+41	294.268	357	42 	22.4343
309	918   	1.48176e+21	8.60889e+23	10284.9	3.13048e+22	292.414	364	47 	24.4062
310	903   	2.07199e+21	8.75884e+23	10284.9	3.90647e+22	291.93 	360	41 	27.7902
311	900   	2.14728e+21	8.60889e+23	10284.9	3.92692e+22	293.853	365	107	21.6668
312	903   	5.05325e+22	4.03724e+25	10284.9	1.29395e+24	294.179	377	40 	30.9683
313	919   	5.99529e+20	5.70251e+23	10238.8	1.80455e+22	297.317	377	55 	27.1001
314	920   	7.40811e+20	4.27198e+23	10238.8	1.50337e+22	298.932	394	41 	26.5046
315	887   	2.32678e+21	8.75884e+23	10238.8	4.15406e+22	300.309	367	47 	24.8863
316	932   	1.52176e+24	1.52144e+27	10236.7	4.8088e+25 	299.953	358	40 	26.5291
317	916   	1.6369e+21 	1.59434e+24	10236.7	5.04002e+22	301.255	379	55 	23.1031
318	924   	6.61618e+35	6.61618e+38	10236.6	2.09117e+37	301.157	391	55 	24.1258
319	893   	6.99131e+21	5.62897e+24	10236.1	1.80525e+23	300.875	370	45 	28.7513
320	904   	6.00809e+26	6.00808e+29	10236.1	1.89897e+28	301.702	385	40 	28.4932
321	889   	1.60763e+36	8.70101e+38	10195.7	3.60339e+37	301.365	364	40 	29.8412
322	898   	3.96483e+24	3.95862e+27	10143.7	1.2512e+26 	305.394	383	41 	22.356 
323	903   	6.55578e+35	6.55578e+38	10163.1	2.07208e+37	304.654	363	45 	28.9641
324	915   	1.51921e+21	8.75884e+23	10161.7	3.10864e+22	306.294	382	58 	25.4422
325	916   	1.00801e+21	9.02989e+23	10161.7	2.86568e+22	306.844	363	55 	21.2939
326	910   	4.32226e+20	3.87062e+23	10163.1	1.22692e+22	305.495	368	38 	25.433 
327	911   	9.65645e+20	9.46241e+23	10161.7	2.9911e+22 	304.966	380	51 	25.0019
328	914   	2.12191e+21	9.46247e+23	10161.7	3.64211e+22	304.284	381	38 	32.4233
329	923   	2.65644e+20	2.5164e+23 	10160.7	7.96036e+21	308.058	406	38 	25.3324
330	925   	1.5585e+23 	1.55723e+26	10092.2	4.92193e+24	308.637	421	46 	28.8068
331	915   	9.46419e+20	9.02989e+23	10092.2	2.85564e+22	307.938	385	38 	29.0817
332	899   	1.01965e+22	7.43001e+24	10092.2	2.4953e+23 	309.219	374	52 	31.1103
333	909   	1.71943e+21	1.0359e+24 	10092.2	3.59033e+22	310.414	388	57 	23.9322
334	899   	2.10134e+40	2.10134e+43	10092.2	6.64171e+41	310.85 	373	44 	22.9784
335	928   	7.02009e+21	6.04148e+24	9869.85	1.92813e+23	309.555	380	60 	25.3074
336	917   	1.18118e+22	1.16575e+25	9869.85	3.68473e+23	309.778	392	62 	23.9262
337	898   	9.80609e+20	5.09672e+23	9966.32	2.18968e+22	310.458	438	54 	26.0391
338	916   	6.21787e+20	5.70251e+23	9823.26	1.80592e+22	310.307	379	56 	27.9126
339	894   	4.18154e+36	4.18154e+39	9549.44	1.32166e+38	314.845	383	56 	27.5772
340	920   	6.00809e+26	6.00808e+29	9549.44	1.89897e+28	317.973	410	92 	27.0486
341	919   	9.74996e+20	9.46246e+23	9524.7 	2.99175e+22	322.087	401	96 	28.1731
342	904   	4.29397e+28	4.29357e+31	9524.7 	1.35707e+30	327.574	401	159	26.6409
343	897   	8.75159e+21	4.66013e+24	9524.7 	1.64686e+23	331.793	396	50 	30.2347
344	908   	8.63634e+21	7.43001e+24	9524.7 	2.3677e+23 	337.217	400	55 	32.771 
345	907   	8.58063e+20	4.69483e+23	9524.81	1.72298e+22	345.253	414	106	26.7961
346	922   	1.76956e+21	6.01733e+23	9524.81	3.17732e+22	349.443	434	91 	28.3587
347	905   	1.51229e+22	1.49878e+25	9524.81	4.73731e+23	353.159	448	90 	26.8039
348	920   	6.58364e+18	4.79318e+21	9462.41	1.54875e+20	354.837	417	96 	23.2408
349	899   	1.34888e+22	1.25359e+25	9497.95	3.96625e+23	357.277	441	185	20.9186
350	910   	9.13978e+20	5.72639e+23	9497.95	1.96179e+22	355.417	437	96 	24.9142
351	920   	7.58296e+26	7.05841e+29	9497.84	2.23694e+28	354.59 	406	94 	25.1017
352	931   	9.42473e+21	8.74992e+24	9446.49	2.77131e+23	354.023	437	97 	27.6111
353	933   	5.05089e+36	5.05089e+39	9446.49	1.59643e+38	353.891	426	94 	29.3846
354	889   	2.50819e+40	2.50819e+43	9446.49	7.92762e+41	357.933	427	98 	24.4254
355	911   	1.18136e+24	1.17187e+27	9399.59	3.70397e+25	358.938	435	96 	28.079 
356	903   	2.08094e+20	1.11163e+23	9399.59	4.23435e+21	362.103	441	97 	28.9969
357	900   	1.75998e+21	1.65793e+24	9358.63	5.24373e+22	364.716	443	96 	26.8457
358	916   	1.59067e+22	1.40921e+25	9358.63	4.46405e+23	367.728	436	94 	26.167 
359	898   	1.26284e+24	1.26131e+27	9358.63	3.98662e+25	369.587	441	94 	27.9725
360	901   	1.32002e+21	5.70251e+23	9362.63	2.57976e+22	371.346	416	95 	25.48  
361	910   	9.15177e+21	7.81178e+24	9362.63	2.48788e+23	371.338	429	94 	26.0638
362	886   	1.27664e+22	1.18312e+25	9362.27	3.74601e+23	370.625	456	94 	27.2574
363	895   	2.72057e+20	2.54485e+23	9362.27	8.05289e+21	370.03 	501	94 	29.6122
364	932   	2.17608e+22	1.34921e+25	9327.55	4.97993e+23	371.197	479	98 	28.4645
365	907   	6.69413e+20	6.68956e+23	9327.55	2.11437e+22	371.841	466	101	29.0281
366	903   	6.7105e+21 	6.04148e+24	9327.55	1.92099e+23	373.575	457	97 	27.9918
367	918   	4.71395e+22	2.34963e+25	9324.88	1.04974e+24	375.03 	491	94 	30.2248
368	925   	1.77159e+28	1.77159e+31	9324.88	5.59946e+29	374.738	467	197	27.67  
369	917   	6.85781e+21	4.75316e+24	9324.88	1.59514e+23	371.577	459	94 	30.8053
370	892   	1.59816e+21	8.43484e+23	9305.67	3.29562e+22	369.931	451	100	30.0499
371	891   	1.48222e+24	1.45855e+27	9305.67	4.61057e+25	368.024	451	144	24.0037
372	897   	1.40991e+22	1.40755e+25	9305.67	4.44883e+23	365.513	434	96 	26.5392
373	895   	7.54255e+20	2.62893e+23	9299.92	1.30197e+22	364.432	457	93 	28.8993
374	910   	4.84351e+19	2.31183e+22	9283.21	9.88702e+20	363.232	437	96 	26.6669
375	910   	2.81072e+37	2.81072e+40	9212.05	8.88384e+38	365.676	446	95 	22.2922
376	941   	4.6647e+24 	4.66279e+27	9212.01	1.47377e+26	363.954	441	94 	28.4691
377	920   	1.44928e+22	1.34921e+25	9212.01	4.27462e+23	364.956	485	94 	26.3965
378	920   	5.74586e+37	2.93513e+40	9204.92	1.28383e+39	364.695	491	95 	25.8656
379	902   	1.52148e+24	1.52144e+27	9212.01	4.8088e+25 	362.186	431	92 	30.3265
380	902   	1.33178e+21	8.43484e+23	9212.01	2.9896e+22 	363.898	438	93 	25.1213
381	930   	1.35326e+22	1.23237e+25	9212.01	3.90356e+23	364.16 	426	185	20.253 
382	912   	1.38108e+22	1.23237e+25	9209.39	3.91019e+23	362.856	444	92 	25.1932
383	905   	6.75314e+18	3.22303e+21	9209.39	1.28346e+20	361.54 	416	106	24.3491
384	898   	5.77807e+23	5.75265e+26	9209.39	1.81824e+25	361.16 	417	94 	27.0271
385	904   	8.31008e+21	7.43001e+24	9209.39	2.35554e+23	361.534	424	99 	21.0599
386	889   	5.96199e+22	5.84922e+25	9209.39	1.849e+24  	360.391	440	92 	29.1964
387	912   	2.26539e+20	1.23182e+23	9209.39	4.63633e+21	360.655	440	187	23.0275
388	905   	4.18713e+19	3.92301e+22	9197.37	1.24104e+21	360.78 	443	96 	25.6984
389	910   	1.61826e+22	1.30932e+25	9197.37	4.16649e+23	360.103	443	92 	31.2326
390	913   	2.85486e+40	2.85486e+43	9197.37	9.02334e+41	361.917	446	103	25.9508
391	923   	3.20619e+37	3.20619e+40	9174.79	1.01338e+39	363.024	446	103	22.9494
392	908   	9.73854e+21	9.43627e+24	9174.79	2.98303e+23	364.492	451	197	19.2424
393	908   	3.04915e+22	2.34963e+25	9174.79	7.58376e+23	364.553	410	99 	22.6854
394	911   	1.86359e+21	1.00347e+24	9174.79	3.83121e+22	364.891	420	100	27.4345
395	920   	1.92826e+20	1.23269e+23	9174.79	4.09527e+21	366.07 	421	189	23.6901
396	903   	7.9971e+19 	5.17846e+22	9174.79	1.69987e+21	365.526	450	100	30.2301
397	918   	6.89637e+19	2.09824e+22	9174.79	1.1051e+21 	367.25 	507	102	29.4326
398	917   	4.02067e+18	2.22096e+21	9174.79	8.01644e+19	369.543	434	208	20.9979
399	924   	1.87975e+21	8.43468e+23	9174   	3.46586e+22	366.655	427	99 	27.8168
400	893   	7.96948e+21	7.81184e+24	9172.01	2.46949e+23	365.751	434	97 	28.6525
401	913   	7.27071e+20	6.68956e+23	9157.24	2.11686e+22	365.184	432	96 	27.9859
402	925   	9.79462e+35	9.79462e+38	9149.94	3.09578e+37	362.962	471	92 	29.3676
403	910   	1.41409e+30	1.41409e+33	9144.63	4.46952e+31	364.043	450	100	23.0187
404	909   	1.39563e+24	1.39512e+27	9157.24	4.40954e+25	362.041	426	95 	25.8431
405	910   	8.04904e+26	8.04894e+29	9154.81	2.54402e+28	362.024	432	184	23.4745
406	904   	3.04202e+21	1.20687e+24	9157.24	5.14741e+22	361.539	440	97 	27.4057
407	925   	6.51985e+21	5.75802e+24	9118.83	1.832e+23  	360.926	486	116	26.4491
408	880   	5.92366e+19	2.85192e+22	9136.96	1.27504e+21	359.223	425	96 	31.0907
409	903   	6.05571e+21	6.04148e+24	9093.4 	1.90953e+23	359.201	441	100	28.1234
410	900   	3.21622e+37	3.21622e+40	9111.12	1.01655e+39	361.28 	432	97 	25.8287
411	907   	6.73694e+21	6.04148e+24	9111.12	1.91814e+23	361.47 	419	97 	24.2066
412	905   	3.54594e+20	3.4892e+23 	9111.12	1.10287e+22	361.578	468	93 	26.676 
413	915   	4.70484e+24	4.70228e+27	9040.98	1.48625e+26	361.856	447	95 	28.7691
414	915   	1.18467e+21	1.00357e+24	9040.98	3.20458e+22	362.459	447	97 	27.4716
415	896   	1.55964e+20	1.23269e+23	9040.98	3.98683e+21	362.467	447	89 	28.4096
416	891   	1.47769e+20	1.41838e+23	9040.98	4.4845e+21 	362.669	463	98 	26.1003
417	911   	6.87431e+22	5.84922e+25	9040.98	1.87208e+24	361.074	442	98 	28.8898
418	922   	1.55765e+23	1.55723e+26	9040.6 	4.92193e+24	361.08 	438	95 	24.97  
419	905   	1.04006e+21	6.68956e+23	9040.6 	2.41359e+22	361.067	462	94 	26.6727
420	908   	8.06126e+20	6.68956e+23	9040.15	2.14972e+22	359.087	450	95 	27.8201
421	920   	3.20619e+37	3.20619e+40	9013.96	1.01338e+39	358.814	462	95 	25.419 
422	917   	7.17989e+20	3.68477e+23	9013.96	1.35796e+22	356.622	453	93 	30.2565
423	903   	5.5438e+20 	3.6874e+23 	9013.6 	1.2345e+22 	356.83 	432	93 	27.8308
424	912   	1.36276e+20	9.02409e+22	8991   	3.02321e+21	355.797	426	95 	24.8342
425	913   	2.46026e+21	1.00349e+24	8998.1 	4.5573e+22 	356.168	423	95 	24.0502
426	892   	6.55578e+35	6.55578e+38	8998.1 	2.07208e+37	354.009	431	92 	26.6688
427	886   	3.20619e+37	3.20619e+40	8998.1 	1.01338e+39	355.917	421	93 	19.9493
428	917   	8.04901e+26	8.04894e+29	8976.28	2.54402e+28	355.43 	433	99 	20.8778
429	923   	1.42665e+22	1.3495e+25 	8976.28	4.2677e+23 	354.059	444	93 	26.8091
430	915   	5.44352e+19	3.92301e+22	8967.51	1.3116e+21 	354.364	451	97 	25.4966
431	899   	2.59503e+21	8.43488e+23	8967.51	4.18357e+22	353.99 	427	89 	25.0721
432	933   	3.20619e+37	3.20619e+40	8967.51	1.01338e+39	353.972	439	93 	24.8198
433	924   	8.70162e+20	6.68956e+23	8967.51	2.16028e+22	353.882	451	91 	27.2263
434	900   	1.62458e+19	9.95118e+21	8967.44	3.27949e+20	354.616	432	92 	25.6278
435	902   	1.04333e+22	9.44437e+24	8967.44	2.99702e+23	354.109	459	93 	29.9286
436	938   	7.64217e+20	6.69125e+23	8967.44	2.12045e+22	355.536	410	175	22.139 
437	911   	1.22264e+21	1.00347e+24	8967.22	3.20986e+22	355.661	422	94 	22.5913
438	906   	1.40338e+24	1.39514e+27	8966.72	4.40964e+25	356.794	441	96 	24.3271
439	902   	2.99717e+24	2.84045e+27	8912.5 	8.99078e+25	357.461	414	95 	24.1772
440	919   	1.51401e+22	1.25792e+25	8923.46	4.00218e+23	358.05 	423	132	22.011 
441	916   	3.11669e+20	2.55612e+23	8923.46	8.13806e+21	358.323	416	93 	21.2802
442	885   	1.47572e+22	1.30932e+25	8923.66	4.15205e+23	356.338	410	93 	23.8645
443	922   	4.33518e+19	3.92301e+22	8887.73	1.24221e+21	357.849	447	92 	23.7486
444	908   	6.01988e+22	5.8492e+25 	8936.9 	1.84902e+24	358.496	427	196	19.0084
445	907   	4.13494e+17	2.76792e+20	8936.9 	9.36218e+18	358.168	436	91 	27.2713
446	920   	1.48735e+21	6.68956e+23	8912.5 	3.01427e+22	358.906	432	92 	25.2266
447	902   	1.22629e+21	1.00347e+24	8912.5 	3.23766e+22	359.448	435	95 	25.1306
448	917   	1.93644e+37	1.93644e+40	8912.5 	6.12051e+38	361.274	438	95 	21.6604
449	915   	1.6836e+23 	1.55723e+26	8912.43	4.93692e+24	361.045	470	179	20.7764
450	891   	8.04896e+26	8.04895e+29	8912.43	2.54403e+28	361.711	438	93 	20.7084
451	915   	1.24338e+20	1.23269e+23	8912.19	3.89618e+21	363.794	438	176	20.2928
452	935   	2.2092e+23 	2.2032e+26 	8910.02	6.96363e+24	364.126	443	92 	25.3509
453	897   	8.04905e+26	8.04894e+29	8896.31	2.54402e+28	364.121	443	93 	26.331 
454	919   	9.83741e+21	9.78357e+24	8910.02	3.09229e+23	363.152	448	93 	31.4939
455	920   	1.8695e+21 	1.00347e+24	8847.54	4.14151e+22	364.9  	486	94 	26.7205
456	910   	2.41693e+24	1.52144e+27	8847.2 	5.57593e+25	364.505	447	100	27.8612
457	909   	3.20619e+37	3.20619e+40	8847.2 	1.01338e+39	365.621	445	93 	30.8593
458	886   	5.29202e+29	5.29202e+32	8847.14	1.67265e+31	367.844	473	93 	24.8971
459	919   	1.18232e+20	3.44657e+22	8847.14	1.80842e+21	367.176	447	99 	23.2267
460	883   	6.84307e+20	6.69082e+23	8846.97	2.11507e+22	366.507	471	95 	27.4954
461	922   	3.20619e+37	3.20619e+40	8846.79	1.01338e+39	367.466	442	107	22.0579
462	887   	4.44917e+19	3.92301e+22	8847.1 	1.24402e+21	367.96 	449	102	21.6185
463	929   	1.79477e+24	1.52144e+27	8847.1 	4.88426e+25	366.961	440	132	23.7597
464	901   	1.59799e+20	1.23269e+23	8845.76	3.97929e+21	366.481	444	98 	24.702 
465	923   	3.54315e+22	1.49819e+25	8837.08	6.33001e+23	367.932	445	105	21.3538
466	906   	1.00851e+20	2.78754e+22	8837.08	1.55559e+21	368.062	470	97 	25.0361
467	894   	6.02055e+24	5.34914e+27	8818.88	1.70375e+26	369.559	454	182	20.4952
468	925   	9.70709e+21	9.00308e+24	8818.88	2.85176e+23	367.516	431	96 	26.1521
469	915   	3.20619e+37	3.20619e+40	8818.88	1.01338e+39	368.69 	463	184	21.8491
470	919   	2.34269e+20	1.50006e+23	8817.48	4.96284e+21	368.782	459	95 	22.3195
471	924   	7.398e+20  	6.68956e+23	8814.71	2.11741e+22	369.925	446	101	24.9408
472	898   	7.64498e+19	5.92788e+22	8778.48	1.92229e+21	370.174	419	80 	31.3416
473	926   	1.00006e+30	1.00006e+33	8812.78	3.1609e+31 	372.627	420	89 	26.1457
474	871   	5.29202e+29	5.29202e+32	8814.71	1.67265e+31	375.268	434	113	20.8661
475	925   	7.55596e+40	7.55596e+43	8814.32	2.38821e+42	376.545	440	115	21.9332
476	897   	1.94192e+21	1.00252e+24	8814.71	3.88994e+22	375.565	438	92 	25.9679
477	910   	5.57733e+19	2.63046e+22	8811.05	1.17758e+21	376.525	449	89 	25.8473
478	889   	6.12129e+22	5.84922e+25	8811.36	1.84925e+24	377.424	456	100	22.1613
479	893   	3.7569e+20 	1.73843e+23	8806.77	6.87173e+21	375.21 	449	97 	30.4262
480	895   	1.01502e+21	1.00252e+24	8752.65	3.16884e+22	377.318	518	107	25.6282
481	906   	4.50066e+21	4.48403e+24	8752.69	1.41726e+23	376.909	466	98 	27.4151
482	881   	6.80359e+19	3.13938e+22	8752.69	1.20559e+21	378.932	435	99 	21.8844
483	910   	6.76415e+24	5.34914e+27	8752.69	1.74683e+26	378.454	532	102	26.389 
484	911   	9.79462e+35	9.79462e+38	8729.55	3.09578e+37	379.016	445	102	24.0689
485	912   	1.17368e+21	1.00252e+24	8752.69	3.1779e+22 	379.579	429	94 	26.245 
486	910   	3.33205e+20	2.62895e+23	8752.69	8.42279e+21	380.277	449	92 	27.6251
487	904   	6.20361e+19	3.63811e+22	8749.9 	1.27754e+21	382.143	475	103	25.4133
488	909   	6.17067e+21	6.03175e+24	8752.69	1.90681e+23	383.136	474	93 	27.8495
489	889   	1.53475e+24	1.52144e+27	8752.69	4.80893e+25	384.083	456	197	21.7516
490	917   	3.06262e+20	2.55627e+23	8744.63	8.14677e+21	383.726	441	99 	25.0798
491	909   	5.37623e+24	5.34914e+27	8744.63	1.69071e+26	384.328	482	108	25.2385
492	908   	2.97607e+34	2.97607e+37	8744.63	9.40645e+35	385.226	438	189	23.0369
493	903   	1.05043e+22	9.58608e+24	8744.63	3.0374e+23 	386.161	472	112	24.1605
494	919   	2.48207e+20	2.06395e+23	8744.63	6.63916e+21	386.799	450	92 	28.1162
495	905   	1.06987e+22	6.03175e+24	8704.57	2.04931e+23	389.988	480	228	23.0205
496	914   	2.85806e+40	2.85486e+43	8740.35	9.02333e+41	392.15 	462	96 	27.5178
497	906   	5.53052e+21	4.52848e+24	8740.35	1.44513e+23	394.017	454	115	23.9962
498	907   	1.15737e+21	1.00132e+24	8740.3 	3.19972e+22	394.173	490	108	23.9928
499	913   	2.9854e+21 	1.00132e+24	8740.3 	5.00834e+22	394.238	498	99 	26.0641
500	925   	1.23016e+37	1.23016e+40	8739.04	3.88816e+38	392.43 	513	98 	30.0308