   	      	                      fitness                      	              size             
   	      	---------------------------------------------------	-------------------------------
gen	nevals	avg        	max        	min    	std        	avg    	max	min	std    
0  	1000  	8.9487e+70 	8.9487e+73 	61456.7	2.82841e+72	12.431 	82 	3  	13.1443
1  	903   	2.77069e+27	2.02026e+30	57216.5	6.80949e+28	9.897  	79 	2  	10.0594
2  	904   	1.29817e+31	1.29816e+34	57207.9	4.10308e+32	10.455 	94 	2  	10.4227
3  	887   	8.09996e+27	8.09848e+30	57207.9	2.55968e+29	11.349 	74 	2  	10.0376
4  	906   	2.45031e+30	2.1813e+33 	44988.2	6.94508e+31	11.334 	64 	2  	8.80446
5  	883   	3.1457e+25 	6.90819e+27	40942  	4.41623e+26	11.739 	56 	2  	8.84132
6  	907   	2.36915e+25	6.91141e+27	40942  	3.83458e+26	13.59  	56 	2  	9.74515
7  	910   	2.51598e+42	2.51598e+45	40942  	7.95225e+43	15.837 	57 	2  	10.5496
8  	916   	2.22255e+42	1.12278e+45	38661.4	4.96506e+43	17.608 	62 	2  	10.642 
9  	916   	1.39994e+46	1.39994e+49	38660.7	4.42479e+47	19.46  	68 	2  	10.6937
10 	927   	4.80644e+45	4.80385e+48	38660.7	1.51835e+47	20.555 	78 	2  	10.7099
11 	898   	4.07427e+30	4.02515e+33	37815.4	1.27226e+32	22.377 	70 	2  	10.0186
12 	922   	5.0678e+44 	5.06102e+47	34824.7	1.59963e+46	24.504 	81 	2  	11.3538
13 	913   	5.08589e+44	5.06138e+47	26415.1	1.59976e+46	26.287 	75 	2  	11.7778
14 	910   	5.06138e+44	5.06138e+47	32150.5	1.59975e+46	26.146 	75 	2  	12.5455
15 	915   	7.45134e+32	7.45133e+35	29752.9	2.35514e+34	26.902 	71 	2  	13.1233
16 	903   	3.41403e+32	3.41403e+35	29017.6	1.07907e+34	27.859 	72 	2  	13.181 
17 	885   	7.42682e+32	7.42682e+35	27991.1	2.34739e+34	29.697 	78 	2  	13.6064
18 	876   	4.63253e+60	4.63253e+63	27991.1	1.4642e+62 	31.102 	85 	2  	14.2082
19 	908   	2.55908e+26	2.08391e+29	27698  	6.72421e+27	34.458 	98 	2  	15.7462
20 	907   	6.90976e+27	3.00754e+30	25604.2	1.34978e+29	37.142 	88 	2  	16.115 
21 	915   	2.04707e+32	2.04707e+35	25604.2	6.47015e+33	38.163 	88 	2  	15.5314
22 	925   	1.4707e+26 	9.58894e+28	25604.2	3.43381e+27	37.422 	98 	2  	14.7675
23 	910   	5.45843e+14	1.55065e+17	25604.2	6.96734e+15	36.667 	101	2  	14.8574
24 	895   	1.47418e+21	1.47363e+24	25604.2	4.65769e+22	35.913 	84 	2  	14.4414
25 	929   	1.83508e+21	1.83014e+24	25062.9	5.7845e+22 	37.48  	91 	2  	15.4756
26 	919   	1.08063e+17	1.08046e+20	24389.5	3.415e+18  	40.787 	94 	2  	16.7485
27 	921   	1.06174e+21	1.05121e+24	25061.9	3.32268e+22	45.16  	101	2  	17.6542
28 	920   	1.68386e+17	1.08207e+20	24389.5	3.70819e+18	49.632 	114	2  	16.4704
29 	906   	8.82964e+21	8.43752e+24	24389.5	2.6696e+23 	50.458 	114	2  	17.2485
30 	893   	2.73884e+21	2.73879e+24	24389.4	8.65649e+22	52.192 	109	2  	16.6761
31 	909   	9.92499e+33	9.92499e+36	22745.1	3.13699e+35	53.757 	118	2  	16.6779
32 	910   	7.13527e+21	4.11597e+24	22746.3	1.61264e+23	55.504 	118	2  	17.9898
33 	921   	4.13856e+12	2.18908e+15	24255.1	8.13346e+13	59.744 	131	2  	18.1099
34 	918   	7.37891e+21	6.0385e+24 	24255.1	1.95463e+23	65.735 	141	2  	18.4355
35 	904   	3.98398e+16	3.41369e+19	24106.8	1.08466e+18	69.638 	149	2  	18.8148
36 	904   	1.34038e+21	1.34038e+24	24106.8	4.23654e+22	73.153 	165	2  	18.6545
37 	908   	2.87038e+15	2.85911e+18	23993.3	9.03677e+16	74.566 	146	2  	19.1546
38 	905   	7.45458e+20	7.45447e+23	23965.5	2.35613e+22	77.88  	142	2  	18.0262
39 	920   	3.92455e+21	3.92455e+24	23965.5	1.24043e+23	80.153 	155	2  	19.5972
40 	900   	6.68099e+21	5.93551e+24	23960.4	1.89054e+23	83.506 	172	2  	21.0466
41 	926   	8.15712e+20	7.45447e+23	23656.5	2.36635e+22	87.416 	167	2  	22.105 
42 	904   	5.12275e+19	5.12126e+22	23595.2	1.61867e+21	90.307 	157	2  	21.3164
43 	896   	1.4874e+16 	1.4865e+19 	23594.9	4.69836e+17	90.327 	146	2  	21.8926
44 	914   	8.98665e+12	7.02095e+15	23502.8	2.25946e+14	89.935 	148	2  	22.0683
45 	920   	2.14916e+11	1.68814e+14	23491.5	5.39719e+12	89.395 	207	2  	21.7934
46 	939   	1.91909e+14	1.15152e+17	23491.5	3.90345e+15	90.1   	165	2  	22.2728
47 	904   	2.18231e+15	2.16744e+18	23225.7	6.85062e+16	89.736 	178	2  	23.1812
48 	905   	2.0812e+12 	9.59217e+14	23422.2	3.8749e+13 	90.226 	153	2  	22.2612
49 	904   	1.5861e+12 	5.31661e+14	23243.2	2.78909e+13	89.027 	186	2  	22.642 
50 	906   	9.87406e+12	9.84855e+15	23217.2	3.11282e+14	88.413 	162	2  	23.1225
51 	901   	2.09511e+13	8.90738e+15	21848.7	3.73551e+14	88.632 	158	2  	22.3421
52 	925   	4.04711e+14	3.63924e+17	21628.1	1.15586e+16	91.208 	185	2  	22.3329
53 	902   	2.09955e+16	2.09534e+19	22063  	6.62272e+17	92.802 	184	2  	23.2693
54 	904   	1.32081e+21	1.32081e+24	21848.7	4.17467e+22	93.807 	161	2  	23.7301
55 	908   	3.30604e+13	3.20511e+16	21848.7	1.01346e+15	94.174 	169	2  	22.2428
56 	931   	3.54354e+12	1.5539e+15 	21848.7	6.50573e+13	92.921 	186	2  	22.0857
57 	910   	3.62377e+13	3.49194e+16	21844  	1.1041e+15 	91.043 	164	2  	22.1949
58 	913   	9.75697e+13	9.7367e+16 	21848.7	3.07747e+15	90.631 	167	2  	22.4356
59 	895   	1.06599e+15	1.05035e+18	21787.6	3.31992e+16	91.359 	178	2  	22.2447
60 	895   	3.18455e+32	3.18455e+35	21119.4	1.00654e+34	93.03  	176	2  	23.2229
61 	903   	1.26403e+24	1.26403e+27	21119.4	3.99521e+25	96.716 	182	2  	22.5793
62 	909   	3.56157e+20	3.39559e+23	20230.1	1.07447e+22	97.212 	194	2  	24.0698
63 	919   	2.86731e+15	2.85662e+18	20001.5	9.02889e+16	99.13  	189	2  	23.9848
64 	912   	5.58862e+26	5.58862e+29	20001.5	1.76639e+28	100.254	200	2  	22.425 
65 	927   	2.17513e+24	2.17513e+27	19998.4	6.87493e+25	100.908	210	2  	24.8726
66 	902   	1.34595e+16	1.05143e+19	20001.5	3.43416e+17	104.689	219	2  	26.6509
67 	890   	5.604e+27  	5.604e+30  	20001.5	1.77125e+29	107.369	205	2  	27.6542
68 	914   	3.97653e+23	3.97653e+26	20001.1	1.25686e+25	109.635	216	2  	28.9079
69 	911   	4.7498e+24 	4.7497e+27 	19876.9	1.50124e+26	112.274	211	2  	27.2842
70 	899   	8.80661e+14	7.27169e+17	19876.9	2.34366e+16	113.671	211	2  	24.052 
71 	917   	7.39624e+24	7.39624e+27	19876.9	2.33773e+26	114.254	166	2  	23.0031
72 	897   	4.58295e+24	4.58295e+27	19876.8	1.44853e+26	118.901	206	2  	21.3384
73 	922   	8.43413e+30	8.43413e+33	19534.9	2.66577e+32	121.048	177	2  	20.2752
74 	911   	1.44196e+13	4.38911e+15	19811.5	2.32781e+14	122.097	172	2  	18.5811
75 	934   	3.92103e+21	3.92102e+24	19531.3	1.23932e+23	120.97 	181	2  	19.6507
76 	909   	1.52726e+14	6.95406e+16	19522.6	3.06349e+15	118.656	174	2  	23.4301
77 	909   	6.25998e+22	6.25953e+25	19529.9	1.97845e+24	120.274	172	2  	23.8777
78 	893   	8.43414e+30	8.43413e+33	19529.8	2.66577e+32	122.866	177	2  	21.5515
79 	912   	2.88925e+15	2.85662e+18	19529.8	9.02902e+16	122.887	283	2  	24.5968
80 	898   	1.68814e+15	1.6864e+18 	19524.5	5.33019e+16	123.706	220	2  	23.8693
81 	928   	3.39562e+20	3.39561e+23	19524.5	1.07325e+22	124.57 	244	2  	25.6079
82 	927   	8.57956e+15	5.71992e+18	19524.5	2.02036e+17	124.663	215	2  	24.4821
83 	903   	3.89991e+18	3.89774e+21	19497.9	1.23196e+20	123.448	191	2  	23.7078
84 	900   	1.00369e+31	1.00369e+34	19497.9	3.17237e+32	122.082	193	2  	23.2563
85 	901   	8.43971e+30	8.43971e+33	19271.6	2.66754e+32	121.629	194	2  	22.6917
86 	903   	1.10392e+14	9.11749e+16	18980.5	2.92137e+15	120.676	173	2  	24.2172
87 	913   	6.30853e+32	6.22414e+35	17033.5	1.96742e+34	119.973	193	2  	23.7225
88 	919   	3.32293e+20	3.26132e+23	17033.5	1.03088e+22	117.562	193	2  	25.3168
89 	902   	7.95176e+24	7.95176e+27	17032  	2.51331e+26	117.914	196	2  	24.5892
90 	894   	7.94071e+24	7.94071e+27	17011.9	2.50982e+26	118.649	233	2  	23.6085
91 	913   	8.53966e+22	8.53954e+25	17011.9	2.69909e+24	119.262	206	2  	25.1954
92 	932   	1.69596e+15	1.68525e+18	16360.9	5.32658e+16	122.181	207	2  	24.568 
93 	914   	1.07821e+14	8.4355e+16 	16776.3	2.73213e+15	124.297	215	2  	24.013 
94 	932   	2.39718e+18	1.25084e+21	16526.3	5.35954e+19	126.059	216	2  	26.9014
95 	909   	1.53265e+14	1.01299e+17	16526.3	3.31762e+15	127.947	217	2  	28.0298
96 	917   	7.94223e+18	7.94173e+21	16528.2	2.51014e+20	129.23 	218	2  	28.2472
97 	916   	2.50736e+19	9.20331e+21	16528.2	4.5821e+20 	128.468	213	2  	27.4894
98 	897   	4.31992e+19	2.20699e+22	16528.2	8.43811e+20	130.446	216	2  	29.4727
99 	924   	2.76056e+20	2.46976e+23	16425.3	7.85916e+21	133.679	202	2  	28.338 
100	903   	2.49333e+14	7.2708e+16 	16425.3	3.99753e+15	136.773	211	2  	27.9553
101	917   	1.19126e+19	1.19126e+22	16425.3	3.76521e+20	138.93 	214	2  	27.2953
102	906   	5.72441e+15	2.85739e+18	16422.7	1.27603e+17	140.634	216	2  	28.4086
103	889   	2.38252e+19	2.38252e+22	16409  	7.53042e+20	140.608	214	2  	30.0865
104	904   	2.20807e+19	2.20684e+22	16311.4	6.97514e+20	138.039	217	2  	32.9676
105	933   	8.54624e+16	5.69809e+19	16204.9	1.98986e+18	139.136	213	2  	29.3619
106	921   	7.21304e+22	7.21304e+25	16204.9	2.27982e+24	141.533	225	2  	29.2408
107	913   	2.2084e+19 	2.20024e+22	16096.7	6.9543e+20 	144.095	212	2  	27.0897
108	889   	1.44038e+21	1.2935e+24 	16096.7	4.11415e+22	143.312	211	2  	28.1747
109	916   	1.46583e+14	1.01367e+17	16096.2	3.29222e+15	145.328	215	2  	28.3795
110	918   	1.52049e+13	6.41919e+15	16094.8	2.38191e+14	149.956	222	2  	29.1105
111	885   	6.16371e+22	6.16138e+25	15909.2	1.94742e+24	156.011	237	2  	30.6537
112	923   	5.00601e+21	5.00601e+24	15909.2	1.58225e+23	164.232	230	2  	28.7268
113	905   	1.11358e+21	1.11358e+24	15909.2	3.51969e+22	169.337	238	2  	26.3058
114	906   	1.81128e+24	1.29443e+27	15573.2	4.40217e+25	171.79 	246	2  	28.0028
115	912   	5.00718e+21	5.00601e+24	15573.2	1.58225e+23	174.804	258	2  	30.8409
116	909   	1.61363e+16	2.8591e+18 	15573.2	2.08433e+17	176.416	247	2  	28.7234
117	891   	2.72185e+21	2.7069e+24 	15573.2	8.55575e+22	175.191	283	2  	31.8614
118	908   	6.66483e+21	6.66371e+24	15564  	2.1062e+23 	166.997	253	4  	35.349 
119	909   	7.47363e+15	2.3788e+18 	15564  	1.1891e+17 	157.038	254	2  	34.7932
120	920   	1.90666e+24	1.29443e+27	15507.1	4.52408e+25	148.742	258	2  	36.4199
121	921   	1.79614e+21	1.79614e+24	15507.1	5.67704e+22	145.417	259	2  	37.7739
122	931   	2.39092e+17	2.38965e+20	15507.1	7.55296e+18	145.566	252	2  	40.977 
123	898   	2.8888e+15 	2.8549e+18 	15370.9	9.02352e+16	147.326	254	2  	42.6583
124	921   	2.06018e+15	1.68525e+18	15169.4	5.42949e+16	153.9  	270	2  	43.5586
125	915   	6.12545e+23	6.12543e+26	15169  	1.93606e+25	155.841	259	2  	42.3683
126	918   	7.33189e+22	7.33189e+25	15020.1	2.31739e+24	155.714	266	2  	41.412 
127	897   	8.31793e+19	8.31793e+22	14882.2	2.62904e+21	160.98 	242	2  	41.0709
128	904   	7.99086e+15	2.8591e+18 	14882  	1.29846e+17	170.937	240	2  	39.474 
129	913   	6.50898e+16	5.35777e+19	14815.1	1.70783e+18	182.548	313	2  	34.8378
130	898   	5.67126e+21	5.67125e+24	14667  	1.79251e+23	187.34 	244	5  	29.5729
131	907   	1.17722e+18	1.17111e+21	14667  	3.70153e+19	187.559	252	3  	27.3639
132	897   	1.15284e+18	1.1479e+21 	14653.7	3.62816e+19	185.572	241	2  	31.9544
133	885   	1.29443e+24	1.29443e+27	14641.9	4.09131e+25	186.565	242	2  	26.8798
134	922   	3.25314e+19	3.16314e+22	14641.9	1.00014e+21	187.975	260	4  	26.7765
135	890   	3.73652e+21	3.73651e+24	14613.7	1.181e+23  	189.665	249	2  	26.9783
136	915   	8.85461e+15	7.14426e+18	14613.7	2.31972e+17	192.747	262	2  	28.4982
137	925   	6.65694e+22	6.65693e+25	14579.7	2.10405e+24	197.801	255	12 	23.6768
138	884   	7.94966e+18	7.94266e+21	14579.7	2.51043e+20	199.909	295	2  	26.6438
139	902   	1.80711e+25	1.80711e+28	14598.8	5.71173e+26	199.095	258	2  	25.8452
140	917   	2.33491e+18	9.70255e+20	14580.4	4.49957e+19	198.219	262	2  	23.3718
141	912   	4.85782e+16	4.07889e+19	14579.9	1.29522e+18	195.722	267	3  	25.7485
142	932   	1.14556e+22	5.73309e+24	14572.5	2.55639e+23	192.818	254	2  	27.3342
143	926   	1.29477e+24	1.29477e+27	14572.5	4.09236e+25	193.703	251	2  	23.8159
144	918   	1.3967e+18 	1.38935e+21	14572.5	4.39134e+19	193.189	252	2  	24.6555
145	914   	1.73757e+15	1.68667e+18	14514.4	5.33129e+16	194.482	258	2  	26.0096
146	895   	8.41381e+22	7.32542e+25	14514.6	2.32543e+24	194.941	304	2  	25.6061
147	885   	7.31973e+22	7.31973e+25	14514.6	2.31354e+24	194.917	288	2  	24.8169
148	908   	2.886e+15  	2.8591e+18 	14514.6	9.03677e+16	192.884	250	2  	24.873 
149	888   	1.67139e+15	1.54342e+18	14468.5	4.88587e+16	192.019	294	2  	26.6191
150	908   	4.56584e+15	2.85739e+18	14429.6	1.04827e+17	188.547	249	2  	29.1331
151	925   	3.56004e+15	2.85911e+18	14429.6	9.28867e+16	187.625	249	2  	28.217 
152	901   	5.80841e+21	5.71397e+24	14429.6	1.80613e+23	183.929	247	2  	31.2744
153	915   	4.41489e+15	2.82963e+18	14429.6	1.02049e+17	179.255	247	2  	30.7005
154	906   	3.97361e+21	3.97235e+24	14416.6	1.25554e+23	175.475	263	2  	26.8164
155	909   	1.08716e+16	2.85569e+18	14429.6	1.58202e+17	170.976	235	2  	23.3507
156	915   	1.30854e+24	1.30854e+27	14428.8	4.1359e+25 	167.227	234	2  	27.6982
157	896   	3.56123e+15	2.84733e+18	14400.2	9.25058e+16	168.214	230	2  	23.4569
158	931   	5.38565e+17	5.35275e+20	14418.1	1.69185e+19	169.823	227	2  	22.0135
159	912   	8.3044e+20 	8.30168e+23	14366.5	2.62391e+22	171.916	257	2  	22.4052
160	922   	9.11657e+15	2.89627e+18	14421.5	1.48957e+17	176.258	262	2  	22.3144
161	898   	5.47888e+13	1.65373e+16	14349.3	7.99639e+14	178.311	288	2  	26.8273
162	920   	1.80809e+18	1.27131e+21	14349.3	4.35813e+19	180.298	281	3  	28.4196
163	897   	5.11091e+13	3.85959e+16	14349.3	1.23371e+15	187.184	271	2  	30.3531
164	916   	9.83302e+17	9.80012e+20	14349.3	3.09752e+19	189.289	294	2  	33.0951
165	911   	2.00528e+20	1.89841e+23	14335.6	6.00739e+21	190.759	294	2  	35.6491
166	910   	5.78669e+21	5.77643e+24	14335.6	1.82575e+23	191.69 	299	2  	37.8837
167	924   	1.05834e+19	9.32511e+21	14335.6	2.9737e+20 	193.014	278	2  	34.6607
168	909   	5.66876e+23	5.66876e+26	14342.9	1.79172e+25	190.148	278	3  	31.5735
169	891   	1.01436e+14	8.36441e+16	14341.1	2.66643e+15	187.871	288	2  	28.0475
170	906   	3.60953e+16	1.27915e+19	14291.6	6.19543e+17	184.317	284	2  	26.3427
171	905   	3.50615e+15	1.78999e+18	14251.6	7.75543e+16	183.227	296	2  	26.9084
172	927   	1.31218e+24	1.31216e+27	14229.7	4.14735e+25	181.677	290	2  	25.0367
173	914   	9.62644e+18	9.57108e+21	14229.7	3.02514e+20	182.374	262	2  	26.1755
174	898   	1.90446e+19	1.77715e+22	14229.7	5.63102e+20	183.965	271	2  	28.3499
175	901   	1.02152e+18	1.02149e+21	14235.9	3.22863e+19	185.576	266	2  	30.0901
176	910   	2.85465e+19	1.77695e+22	14193.8	6.56472e+20	185.507	276	2  	25.8504
177	914   	2.68129e+17	2.58862e+20	14193.8	8.18325e+18	184.958	263	3  	27.1124
178	915   	4.95189e+15	3.03476e+18	14189.3	1.11399e+17	183.785	272	2  	28.9021
179	922   	1.21182e+18	1.20999e+21	14172.7	3.8244e+19 	185.2  	270	2  	29.5985
180	913   	1.39605e+14	8.71197e+16	14188.1	2.84301e+15	187.077	263	2  	28.6741
181	909   	1.5147e+16 	1.33935e+19	14183.3	4.26394e+17	190.334	264	2  	25.8797
182	918   	8.08058e+23	7.97959e+26	14140.5	2.52218e+25	191.653	253	2  	28.0496
183	894   	9.0991e+22 	9.09907e+25	14144.6	2.87594e+24	192.671	258	2  	28.8814
184	907   	3.19647e+19	3.19615e+22	14098.7	1.01021e+21	195.49 	270	2  	29.5437
185	906   	7.28844e+22	7.27698e+25	14093.5	2.30003e+24	199.392	271	2  	25.9461
186	906   	2.66153e+13	1.1036e+16 	13959.2	4.95821e+14	202.818	281	2  	25.2799
187	887   	1.85244e+24	1.85243e+27	13959.2	5.85496e+25	205.309	264	2  	28.3471
188	921   	1.68123e+22	1.68119e+25	13953.9	5.31372e+23	208.631	280	2  	23.2422
189	930   	6.24823e+15	3.91844e+18	13953.9	1.43549e+17	206.43 	297	2  	30.7099
190	918   	1.30767e+19	1.30603e+22	13953.8	4.12795e+20	208.244	256	2  	25.4948
191	910   	2.12773e+15	2.06685e+18	13831.1	6.5345e+16 	209.238	291	2  	28.6551
192	898   	7.13548e+22	7.07437e+25	13831.1	2.23606e+24	211.321	281	2  	29.6009
193	921   	6.89775e+15	4.04483e+18	13949.9	1.46009e+17	215.395	289	2  	29.4816
194	933   	1.00212e+21	9.8949e+23 	13891.9	3.12769e+22	217.753	289	2  	30.0967
195	909   	1.71543e+24	1.70513e+27	13868.9	5.38947e+25	223.007	290	2  	29.7884
196	908   	3.52372e+16	3.23527e+19	13866.3	1.02494e+18	228.006	307	2  	30.1124
197	882   	4.80696e+15	4.06967e+18	13862.2	1.30529e+17	231.368	309	2  	28.9062
198	895   	2.46789e+19	1.99374e+22	13824.6	6.47559e+20	234.898	318	4  	29.9331
199	861   	9.76739e+15	6.65733e+18	13621.8	2.24573e+17	236.287	313	2  	29.8237
200	914   	1.90523e+24	1.90521e+27	13594.4	6.02178e+25	237.512	314	2  	26.7107
201	921   	1.20441e+23	1.20439e+26	13589  	3.80673e+24	236.181	314	2  	28.8921
202	944   	8.27454e+21	8.27454e+24	13588.8	2.61533e+23	233.823	325	2  	32.8379
203	907   	1.20922e+19	1.2092e+22 	13552.5	3.82191e+20	231.63 	327	2  	29.2591
204	924   	4.54108e+15	4.07712e+18	13362.5	1.29632e+17	228.223	316	3  	30.224 
205	896   	1.77998e+24	1.77998e+27	13539.2	5.62597e+25	227.044	314	2  	28.7379
206	897   	3.81362e+15	3.7974e+18 	13487.9	1.20024e+17	221.284	319	2  	31.8752
207	921   	2.3311e+15 	2.23058e+18	13501.8	7.05189e+16	216.763	325	19 	25.8032
208	929   	1.05879e+23	1.05198e+26	13503.8	3.32502e+24	215.365	324	2  	25.5603
209	916   	4.83026e+20	2.91531e+23	13495.5	1.10194e+22	214.729	324	2  	23.9891
210	910   	1.85527e+18	1.72715e+21	13375.6	5.46602e+19	215.62 	270	4  	23.3101
211	892   	1.28135e+16	4.75761e+18	13375.6	2.14034e+17	214.626	295	4  	26.3222
212	898   	2.69449e+20	2.69449e+23	13371.1	8.51647e+21	215.028	277	4  	21.8144
213	904   	6.46745e+15	2.25395e+18	13345.5	1.17768e+17	213.984	277	2  	26.9915
214	917   	1.69824e+16	1.45215e+19	13345.5	4.64336e+17	215.93 	290	2  	26.7107
215	900   	3.93091e+15	3.90153e+18	13345.5	1.23316e+17	217.779	299	2  	29.4634
216	914   	7.39272e+23	7.39258e+26	13345.5	2.33657e+25	223.295	309	2  	30.847 
217	903   	4.08186e+26	4.08172e+29	13292.1	1.29011e+28	230.63 	311	2  	36.4854
218	909   	7.18359e+13	1.90591e+16	13230.7	1.01148e+15	243.916	363	4  	31.9028
219	901   	1.0592e+21 	1.03701e+24	13220.5	3.27834e+22	250.184	323	2  	32.2335
220	903   	9.45717e+21	9.45637e+24	13202.9	2.98887e+23	254.653	328	2  	33.1758
221	923   	9.57035e+21	9.45095e+24	12881.2	2.98736e+23	258.98 	320	2  	31.4739
222	900   	2.5542e+19 	2.37676e+22	13177.8	7.53246e+20	263.458	329	17 	28.7933
223	915   	3.78419e+15	3.77555e+18	13001.2	1.19333e+17	263.306	366	2  	31.6551
224	913   	2.25136e+16	1.83667e+19	12875.1	5.93354e+17	260.307	340	2  	31.0851
225	909   	1.03473e+21	1.03472e+24	12875.1	3.27045e+22	253.783	320	2  	33.4561
226	904   	7.25356e+16	7.24876e+19	12875.1	2.29111e+18	251.532	323	2  	34.5778
227	916   	2.83743e+12	1.29845e+15	12875.1	4.92427e+13	249.41 	319	44 	28.9088
228	926   	1.77711e+18	1.77631e+21	12875.1	5.61438e+19	245.104	320	2  	33.221 
229	922   	3.15514e+13	1.96675e+16	12875  	7.19385e+14	241.392	306	2  	32.0432
230	894   	6.31232e+20	6.31227e+23	12875  	1.99512e+22	235.018	315	2  	35.0075
231	923   	3.45459e+19	3.45459e+22	12840.4	1.09189e+21	232.952	329	2  	32.8271
232	922   	5.45012e+15	5.42836e+18	12796.3	1.71574e+17	229.946	338	2  	31.9986
233	914   	8.30122e+13	2.66251e+16	12796.3	1.13383e+15	227.067	318	2  	31.741 
234	918   	4.20766e+15	2.08518e+18	12796.3	9.30711e+16	225.385	322	2  	27.4154
235	911   	3.99519e+23	3.99518e+26	12795.1	1.26275e+25	221.231	301	2  	27.8717
236	884   	2.37437e+18	2.37435e+21	12795.1	7.5046e+19 	221.549	294	2  	29.1512
237	896   	1.82541e+21	1.8254e+24 	12794  	5.76955e+22	221.65 	303	2  	27.046 
238	928   	1.88814e+15	1.85808e+18	12680.2	5.87298e+16	220.511	291	2  	27.0525
239	928   	1.40238e+18	1.38342e+21	12680.2	4.3728e+19 	220.846	288	2  	30.0332
240	918   	3.67067e+15	3.52164e+18	12680.2	1.11358e+17	222.062	305	2  	27.7865
241	916   	3.98541e+19	2.49983e+22	12669.5	9.05338e+20	221.998	289	9  	24.6424
242	915   	2.42123e+34	2.42123e+37	12659.7	7.65278e+35	219.509	284	2  	29.3042
243	918   	7.74365e+13	2.38073e+16	12653  	1.18358e+15	219.788	307	2  	28.285 
244	908   	1.11177e+22	1.10972e+25	12653  	3.50748e+23	218.56 	304	2  	28.6619
245	907   	7.389e+15  	4.29478e+18	12653  	1.52403e+17	219.476	313	51 	22.396 
246	917   	7.95971e+15	6.20123e+18	12624.3	2.03331e+17	218.949	318	2  	23.7397
247	932   	9.77713e+27	9.77713e+30	12624.3	3.09025e+29	218.52 	316	2  	22.0088
248	906   	7.91472e+21	7.91472e+24	12606.9	2.5016e+23 	217.211	306	2  	26.6881
249	906   	1.65943e+28	1.65942e+31	12614.1	5.24492e+29	217.997	340	2  	24.9762
250	933   	9.65427e+22	9.64169e+25	12492  	3.04745e+24	218.193	344	2  	28.7327
251	914   	8.62322e+22	7.80852e+25	12492  	2.47559e+24	220.4  	344	2  	23.4646
252	913   	9.51467e+17	9.48818e+20	12486.3	2.99893e+19	220.652	344	5  	25.8771
253	912   	1.26181e+23	1.26181e+26	12486.3	3.9882e+24 	224.878	350	5  	22.4097
254	915   	6.7143e+21 	6.71424e+24	12486.3	2.12217e+23	226.28 	350	2  	23.257 
255	933   	1.04031e+23	1.0402e+26 	12486.3	3.28777e+24	226.806	351	2  	25.6476
256	919   	6.29312e+21	6.0035e+24 	12480.5	1.89964e+23	227.66 	315	2  	29.6445
257	895   	2.40914e+22	2.40914e+25	12480.5	7.61457e+23	228.585	315	3  	27.999 
258	895   	2.12534e+15	2.07353e+18	12465.5	6.55451e+16	228.507	318	2  	29.8705
259	913   	2.62208e+20	2.62206e+23	12465.5	8.28753e+21	229.264	321	4  	28.0881
260	910   	7.92116e+23	7.92116e+26	12473.2	2.50364e+25	229.325	318	2  	27.9291
261	918   	9.3333e+20 	9.31839e+23	12338.7	2.94526e+22	230.046	329	2  	26.8323
262	909   	8.96962e+17	8.90686e+20	12336.2	2.81521e+19	230.638	326	2  	28.086 
263	907   	2.98623e+18	2.98118e+21	12336.2	9.42261e+19	230.552	327	2  	30.4291
264	901   	9.15296e+17	8.56074e+20	12336.2	2.71188e+19	231.774	327	13 	25.8641
265	930   	4.96833e+21	4.96608e+24	12336.2	1.56963e+23	231.41 	327	2  	30.7391
266	910   	4.27301e+19	3.14935e+22	12333.7	1.04795e+21	230.023	323	2  	29.5002
267	933   	8.75727e+20	8.55462e+23	12322.5	2.70455e+22	228.213	321	2  	29.7103
268	907   	3.24742e+14	1.23906e+17	12322.5	5.60034e+15	227.769	304	2  	26.2515
269	907   	5.70247e+18	4.83429e+21	12320.5	1.55175e+20	227.003	330	2  	29.163 
270	918   	1.40996e+20	1.35373e+23	12322.5	4.28224e+21	228.43 	322	2  	25.981 
271	893   	1.94861e+17	1.89951e+20	12322.5	6.00515e+18	229.621	314	2  	24.7968
272	918   	9.15324e+15	2.48901e+18	12135  	1.31583e+17	231.084	310	11 	25.7454
273	913   	6.28854e+19	4.52934e+22	12135  	1.53523e+21	231.282	291	2  	27.3822
274	925   	9.48451e+20	9.48445e+23	12135  	2.99775e+22	232.551	300	2  	24.3617
275	918   	4.29538e+15	4.23059e+18	12144.7	1.33717e+17	231.524	303	2  	28.6167
276	899   	6.7582e+16 	5.86899e+19	12134.5	1.86425e+18	230.402	305	2  	27.2922
277	916   	9.04624e+19	3.8467e+22 	12134.5	1.6802e+21 	231.345	314	2  	25.4516
278	912   	1.70668e+14	1.23907e+17	12134.5	3.97274e+15	234.252	317	2  	27.4905
279	899   	1.1936e+17 	5.55821e+19	12133.5	2.41927e+18	236.553	338	2  	34.3136
280	922   	9.48593e+20	9.46655e+23	11999  	2.99209e+22	242.769	335	2  	32.9905
281	921   	7.89138e+19	4.48283e+22	11817.2	1.57751e+21	250.942	317	2  	36.4849
282	897   	4.47916e+15	2.2747e+18 	11947.3	9.97843e+16	259.68 	337	2  	36.3776
283	908   	3.40447e+15	2.05792e+18	11947.3	7.68477e+16	265.277	326	2  	33.3691
284	912   	6.61635e+15	4.68135e+18	11947.3	1.59599e+17	269.556	332	3  	31.1675
285	912   	3.55991e+20	3.29716e+23	11947.3	1.04535e+22	272.978	347	15 	27.1524
286	921   	9.24849e+21	9.23578e+24	11925.4	2.91915e+23	273.938	347	2  	31.085 
287	880   	6.79319e+14	6.47935e+17	11925.4	2.0493e+16 	275.346	338	2  	31.4901
288	884   	1.36888e+15	1.33948e+18	11925.4	4.23434e+16	277.283	340	2  	31.5063
289	880   	1.2905e+21 	1.29044e+24	11920.5	4.0787e+22 	280.088	359	22 	30.6712
290	910   	1.12143e+22	1.12137e+25	11878.2	3.5443e+23 	284.113	362	2  	33.2683
291	900   	7.19203e+21	7.19203e+24	11856.8	2.27318e+23	290.629	378	3  	33.478 
292	927   	8.11644e+23	8.11644e+26	11878.2	2.56536e+25	296.089	359	3  	31.2947
293	928   	1.27405e+21	9.54083e+23	11847.9	3.16656e+22	298.478	359	2  	32.6773
294	885   	1.03781e+22	1.03781e+25	11868.2	3.28019e+23	300.419	362	2  	30.4474
295	914   	1.54885e+18	1.54711e+21	11868.2	4.88995e+19	301.735	375	2  	31.1495
296	895   	6.78746e+14	6.43053e+17	11868  	2.03464e+16	302.038	362	2  	30.2103
297	903   	4.15637e+16	4.00335e+19	11847.2	1.26598e+18	304.028	366	2  	25.6279
298	914   	1.1334e+19 	1.13312e+22	11798.3	3.58146e+20	305.767	401	2  	29.5583
299	908   	5.5312e+18 	4.01581e+21	11795.6	1.3549e+20 	307.279	370	3  	28.2433
300	937   	2.02547e+16	1.98228e+19	11795.6	6.26563e+17	307.034	385	2  	36.8771
301	899   	1.49339e+18	1.4918e+21 	11795.6	4.71512e+19	309.784	389	2  	36.423 
302	905   	2.36235e+25	2.36235e+28	11794.4	7.46666e+26	313.275	386	2  	38.026 
303	909   	2.26317e+22	2.26317e+25	11772.1	7.1532e+23 	315.868	386	2  	33.3529
304	925   	4.63634e+21	4.63633e+24	11772.1	1.4654e+23 	314.006	413	2  	33.8907
305	902   	4.96431e+21	4.9643e+24 	11772.1	1.56906e+23	312.519	415	7  	34.0209
306	902   	3.88763e+18	3.87661e+21	11772.1	1.22528e+20	305.884	392	2  	35.2549
307	915   	4.23067e+18	4.19228e+21	11667.4	1.3251e+20 	302.642	373	9  	29.0507
308	929   	3.41769e+16	3.41214e+19	11667.4	1.07847e+18	300.04 	381	3  	28.4982
309	919   	5.17736e+14	4.96286e+17	11667.4	1.56908e+16	299.172	374	2  	32.5925
310	919   	9.30712e+21	9.29282e+24	11652.7	2.93718e+23	302.094	373	2  	31.1544
311	904   	6.00166e+15	3.75242e+18	11652.7	1.3766e+17 	303.763	376	130	30.8372
312	901   	2.33993e+15	2.05812e+18	11652.7	6.53317e+16	303.838	402	2  	34.1699
313	913   	1.43089e+15	7.28935e+17	11648.9	3.00513e+16	301.448	407	26 	31.7707
314	933   	4.1882e+18 	4.18766e+21	11652.7	1.32359e+20	294.558	377	3  	35.5931
315	922   	1.29214e+16	7.50826e+18	11647.9	2.76962e+17	290.811	409	5  	32.6484
316	922   	7.78382e+21	7.78212e+24	11643.8	2.45969e+23	283.823	376	2  	38.3779
317	916   	4.16891e+22	4.10361e+25	11643.8	1.29716e+24	282.56 	382	2  	32.5611
318	901   	9.61094e+17	9.60219e+20	11643.8	3.03496e+19	274.407	369	2  	35.0941
319	900   	6.66885e+20	6.6444e+23 	11642.5	2.1001e+22 	273.597	375	2  	28.7554
320	916   	1.39423e+22	1.39238e+25	11623.5	4.4009e+23 	272.698	352	2  	29.0221
321	897   	6.93751e+20	6.61644e+23	11621.2	2.09362e+22	273.692	348	2  	24.7553
322	925   	2.93415e+20	2.93412e+23	11621.2	9.27386e+21	273.253	332	2  	28.9762
323	919   	6.56044e+20	6.55967e+23	11619.3	2.07331e+22	275.742	332	2  	26.514 
324	892   	1.33334e+19	1.29944e+22	11602  	4.10841e+20	277.269	346	5  	28.8345
325	919   	2.60402e+12	2.52125e+15	11601  	7.97213e+13	280.111	344	2  	27.1971
326	922   	2.23965e+20	1.99255e+23	11601  	6.34529e+21	282.325	369	7  	28.9012
327	918   	1.69028e+18	1.68578e+21	11601  	5.32823e+19	286.007	363	2  	29.7125
328	914   	6.94065e+21	6.93793e+24	11601  	2.19287e+23	288.997	349	2  	30.6175
329	917   	7.92537e+18	7.92534e+21	11600.1	2.50496e+20	292.382	441	3  	27.9346
330	919   	3.94185e+13	1.5285e+16 	11600.1	7.06099e+14	293.001	374	10 	27.0481
331	906   	1.58391e+21	1.56331e+24	11591.5	4.9415e+22 	293.7  	373	77 	24.0663
332	902   	1.15682e+14	1.15468e+17	11588.6	3.64959e+15	293.838	375	105	24.3334
333	922   	6.4725e+16 	6.38801e+19	11579.8	2.01919e+18	291.196	370	2  	29.8859
334	897   	9.91587e+20	9.10441e+23	11579.7	2.88878e+22	294.025	370	3  	24.5476
335	886   	1.72432e+14	1.56258e+17	11571  	4.95286e+15	293.368	370	4  	25.4508
336	903   	2.04292e+20	2.02725e+23	11571  	6.40766e+21	292.225	373	2  	32.6813
337	901   	2.59826e+15	1.84328e+18	11559.6	6.17431e+16	292.152	350	2  	32.9903
338	909   	1.44301e+19	1.09682e+22	11565.9	3.63248e+20	293.672	370	2  	28.5522
339	891   	1.52744e+20	1.52744e+23	11545.2	4.82776e+21	292.299	396	2  	28.14  
340	930   	4.07283e+13	1.87297e+16	11543  	7.41537e+14	291.333	396	2  	24.2726
341	913   	3.56855e+13	7.78294e+15	11542.5	4.31987e+14	288.868	348	2  	29.4213
342	918   	1.07296e+21	1.07296e+24	11542  	3.39129e+22	290.108	355	2  	27.9513
343	922   	4.74394e+20	4.74394e+23	11536.8	1.49941e+22	291.609	374	7  	25.4856
344	900   	3.78269e+16	2.9007e+19 	11536.8	9.27149e+17	292.309	338	2  	28.8941
345	899   	8.81285e+23	8.81285e+26	11536.8	2.78547e+25	292.161	359	2  	32.0649
346	922   	5.43936e+15	5.40983e+18	11536.1	1.70988e+17	294.315	412	4  	26.7627
347	896   	2.02273e+19	2.02255e+22	11520.4	6.39266e+20	296.995	364	2  	22.7054
348	909   	1.10243e+19	1.10222e+22	11520.4	3.48379e+20	295.553	372	3  	27.1065
349	905   	5.98557e+14	5.62999e+17	11520.4	1.78085e+16	296.375	354	2  	28.9414
350	914   	1.0715e+21 	1.07146e+24	11520.4	3.38655e+22	298.115	359	115	24.0516
351	905   	6.64927e+13	1.94168e+16	11520.4	9.96806e+14	300.517	375	3  	27.671 
352	914   	1.1739e+15 	5.1412e+17 	11520.4	2.29889e+16	301.488	365	2  	29.6117
353	915   	9.45336e+21	9.45335e+24	11505.5	2.98792e+23	304.449	375	2  	31.7938
354	924   	3.43135e+16	3.4299e+19 	11503.5	1.08409e+18	310.948	415	2  	32.1539
355	915   	3.214e+15  	2.46091e+18	11505.5	7.97429e+16	317.942	380	2  	33.7526
356	907   	8.80233e+15	5.78907e+18	11494.4	1.99319e+17	325.703	384	4  	34.1112
357	915   	5.28464e+13	1.01996e+16	11494.4	7.08361e+14	329.292	408	2  	34.1511
358	914   	1.94316e+15	1.92049e+18	11494.4	6.07014e+16	331.433	384	21 	27.1695
359	927   	1.61353e+14	1.25336e+17	11494.4	4.03403e+15	328.919	389	2  	35.4019
360	906   	6.4931e+20 	6.4931e+23 	11488.8	2.05227e+22	326.076	393	2  	35.3848
361	913   	3.41963e+13	2.01588e+16	11469  	7.10639e+14	326.666	393	2  	31.8748
362	916   	2.82513e+15	2.45492e+18	11468.9	7.79669e+16	325.784	414	5  	32.1542
363	918   	1.33284e+19	1.33259e+22	11454.4	4.2119e+20 	325.908	413	8  	29.1132
364	910   	3.32839e+13	1.9259e+16 	11454.4	6.93998e+14	321.669	411	2  	35.2925
365	922   	1.23988e+22	1.23988e+25	11463.9	3.91889e+23	319.779	397	21 	28.2856
366	905   	2.10528e+14	1.65271e+17	11460.3	5.2637e+15 	316.537	416	2  	28.048 
367	926   	7.87095e+18	7.87095e+21	11442.7	2.48777e+20	313.63 	391	3  	31.7906
368	918   	5.49415e+14	5.28806e+17	11460.3	1.67178e+16	312.971	390	3  	27.5909
369	912   	2.42541e+18	2.07099e+21	11457.4	6.63982e+19	310.303	387	2  	34.2935
370	897   	5.35537e+19	5.22779e+22	11456  	1.6528e+21 	312.644	388	2  	26.5647
371	913   	2.96908e+13	1.28791e+16	11433.7	5.59787e+14	311.588	382	2  	26.951 
372	917   	1.2434e+15 	1.06009e+18	11433.7	3.37917e+16	311.01 	390	2  	31.5025
373	930   	9.08695e+21	9.08695e+24	11433.7	2.87211e+23	312.545	379	2  	30.0289
374	921   	4.60562e+21	4.58579e+24	11433.7	1.44944e+23	314.581	369	9  	26.5558
375	891   	7.71035e+20	6.46409e+23	11414  	2.08034e+22	314.176	406	2  	30.5255
376	939   	1.73356e+15	1.04689e+18	11414  	3.86157e+16	316.898	366	129	23.622 
377	915   	9.98969e+21	9.98968e+24	11414  	3.15743e+23	317.826	365	2  	30.4744
378	898   	1.71161e+14	1.35832e+17	11407.6	4.40806e+15	318.811	364	2  	29.2641
379	914   	2.01241e+16	6.18953e+18	11407.6	2.86405e+17	317.796	395	2  	34.6858
380	937   	5.19391e+19	5.19387e+22	11407.6	1.64162e+21	320.506	391	35 	25.801 
381	909   	1.85197e+15	1.11651e+18	11395.2	3.93867e+16	321.408	475	2  	29.3562
382	918   	3.3853e+16 	3.38461e+19	11350.1	1.06977e+18	322.568	372	3  	25.1555
383	919   	1.65271e+13	7.88489e+15	11350.1	3.22412e+14	320.155	406	2  	33.3756
384	904   	7.92223e+19	5.08734e+22	11350.1	1.83989e+21	319.371	388	3  	33.2293
385	897   	1.07338e+21	1.07337e+24	11349.6	3.39261e+22	320.99 	378	2  	29.8695
386	924   	2.49756e+23	2.49577e+26	11349.6	7.88838e+24	319.297	373	2  	32.9807
387	917   	5.02907e+13	1.94492e+16	11349.4	8.88789e+14	323.061	378	2  	27.1394
388	895   	5.27889e+18	5.27756e+21	11349.4	1.66808e+20	325.198	406	2  	33.6558
389	903   	2.34782e+13	1.79481e+16	11349.4	5.75205e+14	331.315	393	118	25.0555
390	886   	3.6124e+15 	3.59053e+18	11348.9	1.13486e+17	334.593	392	2  	30.4385
391	900   	3.82244e+24	3.82125e+27	11342.3	1.20778e+26	338.194	421	2  	26.5454
392	895   	1.06937e+15	1.06022e+18	11342.3	3.35107e+16	340.184	428	127	23.7394
393	924   	3.91776e+13	1.97511e+16	11322.9	7.18848e+14	339.082	380	2  	30.5925
394	924   	7.8381e+20 	7.73103e+23	11322.9	2.44374e+22	337.623	403	2  	33.5841
395	905   	1.94218e+13	1.82577e+16	11323.8	5.7743e+14 	337.998	440	9  	26.1704
396	921   	3.71157e+15	3.70298e+18	11323.8	1.1704e+17 	337.025	440	2  	26.3391
397	895   	6.62643e+14	6.40201e+17	11323.8	2.02381e+16	335.765	413	2  	27.4267
398	918   	3.04282e+20	3.04279e+23	11316.7	9.61734e+21	333.782	411	2  	29.6424
399	897   	8.79031e+15	7.85174e+18	11291.9	2.4911e+17 	334.761	397	5  	27.0718
400	903   	2.02093e+20	2.02093e+23	11291.6	6.38754e+21	335.343	400	2  	28.8927
401	898   	7.99667e+20	7.99315e+23	11291.6	2.52639e+22	337.752	396	14 	31.7642
402	911   	1.6392e+19 	1.63895e+22	11291.6	5.18024e+20	339.214	410	2  	28.6945
403	922   	1.14327e+14	1.13364e+17	11278.2	3.58312e+15	340.922	409	2  	29.2862
404	919   	3.34342e+15	3.32787e+18	11267.6	1.05184e+17	342.31 	452	2  	31.3572
405	906   	9.49161e+15	9.45486e+18	11267.6	2.98839e+17	342.795	400	2  	37.6319
406	902   	2.30143e+24	2.30084e+27	11267.6	7.27227e+25	341.746	397	10 	33.6003
407	922   	2.72513e+15	1.8801e+18 	11266.7	6.30245e+16	340.432	407	31 	28.8351
408	909   	7.64908e+15	2.50735e+18	11262.1	1.36856e+17	336.216	406	2  	34.2954
409	900   	7.83897e+14	7.78658e+17	11267.6	2.46114e+16	333.489	422	2  	33.1817
410	916   	2.17772e+14	1.5454e+17 	11264  	5.04793e+15	330.156	404	3  	34.8877
411	890   	4.16888e+21	4.16886e+24	11263.4	1.31765e+23	329.707	403	2  	36.5256
412	923   	3.39346e+25	3.39346e+28	11254.7	1.07257e+27	330.668	403	2  	34.4531
413	917   	9.96691e+15	5.21531e+18	11254.7	2.06289e+17	335.288	417	32 	29.3491
414	922   	7.81622e+16	6.88104e+19	11251.7	2.18369e+18	339.261	417	3  	33.1137
415	914   	3.39841e+21	3.39837e+24	11248.2	1.07412e+23	343.338	416	2  	34.6475
416	924   	5.23863e+15	5.21531e+18	11239.2	1.6484e+17 	346.801	417	3  	28.2438
417	892   	7.8099e+20 	7.80988e+23	11215.4	2.46847e+22	347.63 	489	4  	30.415 
418	914   	2.92622e+19	2.61511e+22	11219.8	8.32286e+20	347.11 	414	2  	33.3431
419	904   	1.6805e+23 	1.6805e+26 	11219.8	5.31153e+24	350.682	401	137	23.596 
420	893   	4.46914e+15	3.64443e+18	11219.8	1.16993e+17	351.044	429	4  	28.7462
421	930   	1.47106e+13	8.74733e+15	11219.5	3.26396e+14	350.932	409	2  	35.4772
422	894   	2.10669e+19	2.10669e+22	11218  	6.65861e+20	352.97 	453	2  	33.8395
423	919   	7.85492e+20	5.80496e+23	11218.2	1.94468e+22	354.463	421	3  	31.4165
424	920   	9.06138e+16	8.95515e+19	11218.2	2.83062e+18	356.878	432	5  	29.6285
425	916   	4.14728e+14	2.07079e+17	11215.9	9.02059e+15	356.737	431	2  	27.8531
426	906   	3.74486e+24	3.74486e+27	11215.9	1.18364e+26	354.408	435	2  	30.4281
427	908   	7.63959e+14	7.21445e+17	11215.9	2.28354e+16	354.405	410	3  	28.2597
428	904   	4.78735e+15	3.22429e+18	11185.6	1.12966e+17	354.182	409	2  	28.724 
429	908   	1.03356e+14	3.93749e+16	11185.6	1.59807e+15	351.874	458	2  	40.4191
430	923   	8.80907e+24	8.80907e+27	11185.6	2.78428e+26	354.126	418	2  	31.1872
431	899   	5.72392e+15	5.70325e+18	11185.6	1.80263e+17	357.129	418	2  	24.8203
432	893   	6.14231e+14	5.53409e+17	11185.6	1.7544e+16 	355.035	418	2  	33.7826
433	910   	8.8559e+14 	7.22556e+17	11185.6	2.31687e+16	357.83 	421	4  	26.6581
434	921   	9.0432e+21 	9.02422e+24	11176.8	2.85228e+23	356.706	419	4  	30.7296
435	890   	8.74377e+16	8.4764e+19 	11176.8	2.68038e+18	354.48 	423	2  	33.1933
436	908   	3.3379e+15 	3.22977e+18	11158.5	1.02097e+17	355.786	427	2  	25.6711
437	912   	2.23629e+14	1.71907e+17	11176.8	5.50503e+15	353.118	421	2  	33.7696
438	910   	1.84703e+14	1.22579e+17	11161.1	4.07368e+15	353.325	413	21 	26.0483
439	904   	3.12551e+15	2.45479e+18	11161.1	8.02163e+16	351.263	410	2  	33.2116
440	920   	1.02428e+12	4.72519e+14	11161.1	1.86911e+13	352.605	439	2  	32.3135
441	894   	2.89372e+14	1.22249e+17	11154  	5.50001e+15	351.999	396	9  	29.7984
442	909   	1.65446e+20	1.65439e+23	11154  	5.22904e+21	354.379	455	28 	22.0467
443	917   	2.85678e+20	2.85669e+23	11154  	9.02912e+21	355.629	454	28 	23.1719
444	909   	2.41885e+14	1.96449e+17	11146.5	6.29461e+15	356.409	429	3  	28.5547
445	909   	7.59552e+14	5.37084e+17	11146.5	1.74316e+16	357.113	411	2  	33.7338
446	917   	7.79547e+17	7.7953e+20 	11146.5	2.46386e+19	358.362	416	12 	29.0394
447	925   	3.83821e+13	1.22668e+16	11122.1	6.46071e+14	360.952	414	2  	30.7766
448	912   	7.61967e+14	6.45034e+17	11122.1	2.04979e+16	364.759	415	2  	27.5154
449	919   	2.75667e+20	2.75667e+23	11103.5	8.713e+21  	366.837	428	2  	27.859 
450	901   	4.31877e+15	3.16713e+18	11113.1	1.0488e+17 	365.563	423	2  	36.128 
451	904   	1.01986e+19	1.01964e+22	11064.8	3.22278e+20	366.887	443	2  	32.2425
452	907   	2.13467e+24	2.13467e+27	11054.6	6.74706e+25	368.808	498	4  	29.7312
453	915   	2.86932e+15	2.85323e+18	11054.6	9.0182e+16 	368.532	463	2  	41.6202
454	912   	1.5359e+13 	9.05526e+15	11054.6	3.34646e+14	373.127	449	145	26.069 
455	898   	2.32744e+15	2.32624e+18	11054.4	7.35253e+16	373.209	446	2  	32.3473
456	901   	1.5242e+19 	1.52383e+22	11005.7	4.81637e+20	375.486	428	3  	30.0208
457	918   	3.24371e+18	1.81516e+21	11005.7	7.27384e+19	376.069	434	3  	27.8109
458	944   	3.1869e+24 	3.1869e+27 	10988.8	1.00728e+26	377.654	434	2  	37.2467
459	911   	8.5677e+15 	7.47044e+18	11005  	2.38315e+17	378.997	446	2  	40.5258
460	906   	1.28213e+13	1.2084e+16 	11004.3	3.82272e+14	379.333	433	2  	41.3175
461	934   	1.19674e+14	1.1603e+17 	10997.1	3.6684e+15 	379.663	432	2  	34.1904
462	894   	1.17495e+15	1.14496e+18	10988.8	3.61929e+16	381.509	445	81 	27.77  
463	917   	1.14586e+18	1.14512e+21	10988.4	3.61938e+19	379.161	452	2  	38.908 
464	907   	4.53908e+20	4.53908e+23	10978.2	1.43466e+22	378.741	455	2  	36.3724
465	917   	6.14266e+20	6.14236e+23	10969.8	1.94141e+22	378.592	454	2  	35.0714
466	912   	1.29395e+24	1.29395e+27	10961.4	4.08978e+25	380.607	470	7  	35.6585
467	916   	1.58119e+16	1.21359e+19	10925.1	4.00399e+17	383.262	466	2  	45.1878
468	901   	9.12032e+13	2.85595e+16	10924.3	1.39608e+15	389.198	481	2  	43.0623
469	885   	1.46087e+21	1.43419e+24	10924.3	4.53371e+22	393.962	488	5  	44.0747
470	909   	2.08433e+16	1.249e+19  	10923.5	4.39312e+17	400.334	468	28 	39.8011
471	905   	3.76764e+13	1.82774e+16	10913.9	7.032e+14  	396.42 	513	2  	44.0615
472	901   	8.18808e+15	5.85022e+18	10912.4	1.98698e+17	389.611	492	2  	39.4961
473	925   	1.04737e+24	1.04408e+27	10912.4	3.30002e+25	381.02 	466	2  	38.0473
474	918   	1.94983e+15	1.80636e+18	10902.8	5.72025e+16	379.606	466	9  	34.8672
475	922   	1.01699e+15	8.97379e+17	10872.7	2.85458e+16	379.604	442	5  	30.6958
476	917   	2.42491e+13	1.75346e+16	10872.7	5.78269e+14	379.331	463	4  	31.4428
477	904   	3.20402e+13	1.89619e+16	10838  	6.95692e+14	382.099	474	162	25.9643
478	907   	4.21841e+18	4.21436e+21	10837.8	1.33203e+20	379.368	485	7  	34.6218
479	926   	3.45577e+13	3.3836e+16 	10837.7	1.06948e+15	380.278	470	2  	34.8968
480	906   	1.12573e+15	1.12506e+18	10795.5	3.55598e+16	383.536	470	2  	34.8484
481	907   	7.38047e+17	6.27628e+20	10795.5	2.00306e+19	386.503	465	2  	38.9451
482	900   	2.5535e+15 	2.14188e+18	10795.4	6.80688e+16	391.727	439	236	23.4212
483	892   	2.21613e+16	1.79809e+19	10795.4	5.80332e+17	392.745	484	8  	30.11  
484	930   	7.2609e+18 	7.26089e+21	10770.7	2.29495e+20	390.632	468	7  	33.3316
485	892   	2.69766e+19	2.69766e+22	10793.9	8.52649e+20	391.405	450	2  	33.9257
486	906   	1.72449e+14	1.495e+17  	10793.9	4.74765e+15	389.54 	479	2  	39.1451
487	921   	3.1092e+17 	2.4588e+20 	10793.9	8.03635e+18	390.615	452	2  	34.9116
488	909   	2.3071e+19 	2.29736e+22	10793.9	7.26126e+20	388.282	468	2  	36.7659
489	930   	1.33826e+22	1.33826e+25	10768  	4.22982e+23	389.925	452	156	23.7575
490	918   	1.89041e+14	1.08821e+17	10768  	4.1395e+15 	385.354	449	2  	36.9301
491	904   	4.0686e+20 	4.06441e+23	10767.9	1.28464e+22	386.12 	436	2  	31.9168
492	909   	8.3237e+14 	7.08117e+17	10763.7	2.26353e+16	385.385	440	2  	33.0278
493	924   	5.38112e+15	5.10129e+18	10763.7	1.61327e+17	383.874	434	2  	28.9325
494	903   	2.44875e+20	2.08493e+23	10763.6	6.67991e+21	382.942	450	2  	34.2131
495	909   	2.03645e+15	1.99701e+18	10763.5	6.31275e+16	379.919	427	2  	36.143 
496	915   	1.52828e+14	1.08039e+17	10676.7	3.5883e+15 	379.946	531	2  	32.25  
497	921   	1.10209e+19	1.03684e+22	10676.7	3.2834e+20 	380.723	444	2  	35.6951
498	896   	3.41866e+21	3.41717e+24	10676.6	1.08006e+23	382.456	446	2  	38.2268
499	913   	1.11428e+21	5.76686e+23	10676.6	2.49064e+22	385.484	482	2  	30.5046
500	915   	2.10238e+24	2.09705e+27	10676.6	6.62813e+25	382.26 	440	2  	37.5649