   	      	                      fitness                       	              size             
   	      	----------------------------------------------------	-------------------------------
gen	nevals	avg         	max         	min    	std         	avg    	max	min	std    
0  	1000  	2.16356e+112	2.16356e+115	32188.5	6.83834e+113	11.788 	84 	3  	12.1359
1  	923   	2.28529e+19 	2.27588e+22 	32185.3	7.19335e+20 	9.416  	69 	2  	8.2081 
2  	911   	1.55386e+30 	1.55386e+33 	32169.4	4.91127e+31 	10.122 	69 	2  	8.15139
3  	934   	6.59687e+40 	6.59687e+43 	24733.5	2.08507e+42 	10.332 	69 	2  	7.27116
4  	903   	1.85892e+41 	1.85892e+44 	24733.5	5.87549e+42 	10.12  	66 	2  	6.84964
5  	892   	1.41722e+54 	1.41722e+57 	24733.5	4.47941e+55 	10.401 	56 	2  	6.83068
6  	916   	1.2191e+47  	1.2191e+50  	24733.5	3.85319e+48 	12.32  	66 	2  	8.09046
7  	912   	6.34596e+31 	5.17446e+34 	24733.5	1.67645e+33 	13.658 	48 	2  	8.82593
8  	913   	2.08005e+52 	2.08005e+55 	28473.5	6.57441e+53 	14.674 	54 	2  	9.16841
9  	921   	5.19165e+31 	5.18851e+34 	28082  	1.63993e+33 	14.2   	61 	3  	8.86995
10 	913   	3.93635e+48 	3.93635e+51 	25545.4	1.24416e+50 	13.583 	57 	3  	7.69851
11 	911   	2.71679e+28 	9.29046e+29 	28082  	1.49828e+29 	14.501 	57 	3  	7.93914
12 	904   	2.01793e+40 	1.94561e+43 	27848.2	6.15351e+41 	15.657 	63 	3  	8.34646
13 	906   	4.23355e+28 	3.47466e+30 	26614.8	2.29673e+29 	17.822 	57 	3  	9.37445
14 	913   	3.07575e+28 	3.47512e+30 	26737.8	2.04755e+29 	19.904 	62 	4  	9.94046
15 	906   	4.09023e+28 	3.67789e+30 	26737.2	2.50356e+29 	21.755 	71 	3  	11.3495
16 	918   	1.82143e+51 	1.82143e+54 	26596  	5.75698e+52 	23.417 	77 	3  	11.992 
17 	913   	3.93635e+48 	3.93635e+51 	26534.3	1.24416e+50 	23.976 	82 	3  	12.7491
18 	920   	2.02226e+32 	1.85916e+35 	19953.2	5.8982e+33  	26.983 	91 	3  	15.067 
19 	925   	9.08688e+50 	9.08688e+53 	19953.2	2.87209e+52 	31.409 	91 	4  	16.2574
20 	874   	1.78101e+28 	3.47466e+30 	20388.1	1.71621e+29 	36.293 	91 	4  	16.2084
21 	913   	3.8214e+28  	1.01818e+31 	20388.1	3.76272e+29 	39.474 	93 	4  	15.5646
22 	905   	2.8859e+40  	2.8859e+43  	19953.2	9.12145e+41 	41.528 	107	4  	15.3465
23 	919   	7.09229e+32 	7.09198e+35 	19953.2	2.24156e+34 	43.541 	104	4  	15.2531
24 	942   	4.94387e+36 	4.94387e+39 	19953.4	1.56261e+38 	44.723 	110	4  	15.9921
25 	915   	4.77984e+28 	2.50989e+31 	19953.4	8.20385e+29 	45.744 	110	4  	16.7639
26 	906   	2.47485e+38 	2.47484e+41 	19896.5	7.82222e+39 	46.892 	131	4  	18.261 
27 	924   	9.89069e+27 	1.51513e+30 	19681.5	1.13322e+29 	47.813 	115	4  	19.0674
28 	918   	1.5201e+28  	2.62343e+30 	19681.5	1.49141e+29 	47.117 	127	4  	20.0606
29 	903   	1.36228e+28 	2.58849e+30 	19681.5	1.56722e+29 	45.996 	137	4  	19.9798
30 	909   	1.20083e+28 	1.43833e+30 	19681.5	1.21058e+29 	44.648 	105	4  	18.459 
31 	925   	1.41937e+28 	1.73386e+30 	18931.4	1.363e+29   	45.005 	124	4  	17.8703
32 	939   	8.93139e+30 	8.91722e+33 	18930.9	2.81846e+32 	43.953 	113	4  	18.0311
33 	921   	3.69071e+29 	3.57298e+32 	19213.2	1.12935e+31 	43.87  	136	4  	17.7879
34 	906   	1.98741e+28 	2.11146e+30 	19213.2	1.64538e+29 	44.289 	107	4  	17.6567
35 	907   	2.43955e+39 	2.43955e+42 	19038.5	7.71069e+40 	45.172 	107	3  	17.7497
36 	917   	2.5493e+28  	4.61666e+30 	18577.2	2.24578e+29 	47.158 	107	4  	18.7927
37 	924   	3.77701e+34 	3.77697e+37 	18577.2	1.19378e+36 	48.037 	109	4  	19.5168
38 	900   	2.88722e+30 	2.8726e+33  	18577.1	9.0794e+31  	48.79  	103	4  	19.8155
39 	927   	2.0933e+33  	2.0933e+36  	18364.7	6.61627e+34 	48.709 	131	4  	19.4787
40 	907   	1.24546e+28 	4.78368e+30 	18364.7	2.02278e+29 	47.36  	120	4  	18.1215
41 	925   	3.58111e+29 	3.37701e+32 	18364.7	1.06755e+31 	44.92  	117	4  	18.2295
42 	915   	1.15143e+28 	1.78491e+30 	18610.2	1.22073e+29 	44.518 	118	4  	17.3515
43 	903   	2.16882e+32 	2.16867e+35 	18610.2	6.85451e+33 	43.383 	103	3  	17.0307
44 	924   	1.2907e+28  	2.64694e+30 	18370.9	1.46079e+29 	43.214 	106	4  	16.7783
45 	918   	5.54825e+35 	5.54825e+38 	18604.2	1.75363e+37 	44.517 	116	4  	18.4281
46 	891   	2.62532e+28 	5.26452e+30 	18488.9	2.80156e+29 	45.447 	105	4  	18.5251
47 	929   	4.81486e+40 	4.81486e+43 	18488.9	1.52183e+42 	48.168 	123	4  	18.9808
48 	928   	3.1651e+50  	3.1651e+53  	17913.1	1.00039e+52 	50.997 	119	4  	20.1986
49 	917   	5.63941e+32 	5.63917e+35 	17913.1	1.78237e+34 	55.28  	131	3  	19.9533
50 	924   	8.92904e+39 	8.92904e+42 	17913.1	2.8222e+41  	59.9   	144	4  	21.6332
51 	913   	8.94043e+35 	8.93817e+38 	17910.6	2.82508e+37 	61.068 	141	4  	22.8013
52 	908   	3.1651e+50  	3.1651e+53  	17893.2	1.00039e+52 	63.618 	165	4  	24.9524
53 	905   	2.76749e+28 	5.11865e+30 	17799.8	2.71718e+29 	63.643 	151	4  	26.7229
54 	920   	3.60201e+29 	3.37701e+32 	17799.8	1.06756e+31 	64.524 	169	4  	26.7452
55 	897   	1.26825e+32 	1.12514e+35 	17799.8	3.58427e+33 	65.911 	152	4  	24.3872
56 	909   	6.18566e+29 	4.21894e+32 	17786  	1.45706e+31 	66.067 	147	4  	22.1425
57 	900   	4.06924e+42 	4.06924e+45 	17786  	1.28616e+44 	67.142 	136	4  	20.3776
58 	906   	7.59316e+34 	7.58689e+37 	17742.4	2.39798e+36 	68.361 	181	4  	20.6996
59 	899   	2.13433e+31 	2.13223e+34 	17652.2	6.73932e+32 	69.66  	148	4  	21.3688
60 	896   	2.03942e+31 	2.03839e+34 	17652.2	6.44273e+32 	71.178 	170	4  	23.9275
61 	918   	4.21076e+31 	2.09406e+34 	17589.1	9.35535e+32 	70.607 	149	4  	22.2597
62 	915   	2.08742e+31 	2.08656e+34 	17527.3	6.59497e+32 	68.195 	146	4  	22.3497
63 	904   	7.13935e+42 	7.13935e+45 	17527.3	2.25653e+44 	69.029 	152	4  	20.2219
64 	884   	4.24285e+31 	2.14632e+34 	17523.8	9.47522e+32 	68.127 	152	4  	20.8953
65 	914   	2.09757e+31 	2.09621e+34 	17521.7	6.62548e+32 	70.802 	137	4  	20.3875
66 	891   	4.23253e+31 	2.12973e+34 	17476.8	9.44768e+32 	70.474 	166	4  	21.9213
67 	921   	2.25693e+31 	2.04491e+34 	17476.3	6.49625e+32 	69.282 	149	4  	21.1082
68 	907   	1.66172e+31 	1.65963e+34 	17396.3	5.24557e+32 	70.139 	153	4  	21.28  
69 	905   	6.46021e+31 	2.30968e+34 	17396.3	1.17668e+33 	70.697 	157	4  	20.0209
70 	908   	5.88689e+31 	2.04209e+34 	17390.9	1.07397e+33 	71.522 	162	4  	20.7505
71 	906   	5.14443e+33 	5.10327e+36 	17243.6	1.613e+35   	72.299 	156	4  	21.8708
72 	892   	3.09151e+30 	3.03931e+33 	17243.6	9.60721e+31 	74.56  	156	4  	22.3864
73 	928   	4.29741e+29 	2.56961e+32 	17243.6	9.51268e+30 	78.563 	174	4  	23.5637
74 	913   	2.04085e+31 	2.03076e+34 	17220.5	6.41862e+32 	81.552 	162	4  	21.6129
75 	907   	5.5863e+32  	5.38925e+35 	17220.2	1.70445e+34 	83.36  	172	4  	22.5599
76 	928   	1.73483e+33 	1.71378e+36 	17234.7	5.41709e+34 	84.689 	176	4  	20.5603
77 	908   	9.41023e+33 	9.41014e+36 	17131.5	2.97426e+35 	85.437 	147	4  	20.7463
78 	900   	2.04622e+37 	2.04622e+40 	17230.6	6.46749e+38 	87.133 	168	4  	21.0432
79 	902   	2.07077e+31 	2.06277e+34 	17231.6	6.51982e+32 	87.429 	168	4  	22.3429
80 	907   	1.5891e+34  	1.58704e+37 	17166.3	5.01614e+35 	88.77  	173	4  	21.0291
81 	906   	2.74897e+28 	1.03989e+31 	17163  	4.25682e+29 	89.164 	202	4  	23.0348
82 	910   	2.97247e+52 	2.97247e+55 	17163  	9.39506e+53 	87.899 	176	4  	24.1487
83 	899   	5.6034e+32  	5.60321e+35 	17163  	1.77101e+34 	89.753 	168	4  	22.2204
84 	914   	2.02563e+31 	2.01557e+34 	17163  	6.37063e+32 	90.636 	178	4  	21.433 
85 	904   	2.04266e+31 	2.01524e+34 	17050.3	6.36998e+32 	89.614 	192	4  	21.699 
86 	913   	8.91355e+28 	7.58337e+31 	17040.2	2.40382e+30 	89.962 	188	4  	21.7664
87 	917   	3.93982e+31 	2.04235e+34 	16998.1	8.80601e+32 	90.094 	181	4  	22.3476
88 	906   	1.58003e+29 	7.64226e+31 	16998.1	3.38939e+30 	89.626 	187	4  	23.9682
89 	882   	1.18077e+30 	1.17583e+33 	16998.1	3.71643e+31 	92.069 	197	4  	24.8892
90 	917   	7.81551e+31 	2.04407e+34 	16992.1	1.21626e+33 	95.32  	191	4  	27.161 
91 	911   	7.91757e+27 	3.05328e+30 	16992.1	1.23167e+29 	100.435	197	4  	30.803 
92 	907   	4.91624e+34 	4.91624e+37 	16939.8	1.55387e+36 	109.57 	217	4  	30.2607
93 	935   	2.34462e+28 	4.81065e+30 	16926.4	2.84052e+29 	116.223	220	4  	32.1165
94 	911   	3.88732e+33 	3.88722e+36 	16922.8	1.22863e+35 	124.699	257	4  	27.9352
95 	919   	1.94581e+31 	1.94388e+34 	16916.6	6.14402e+32 	127.959	201	4  	24.6041
96 	917   	1.99424e+31 	1.9434e+34  	16916.6	6.14436e+32 	129.468	209	4  	24.0479
97 	901   	2.15122e+28 	1.08234e+31 	16916.6	3.83025e+29 	129.273	209	4  	24.4529
98 	923   	2.64758e+35 	2.64718e+38 	16916.4	8.36694e+36 	129.093	217	4  	25.7266
99 	933   	5.02062e+27 	1.20355e+30 	16912.9	7.61846e+28 	129.199	217	4  	26.9271
100	908   	3.45274e+31 	1.94502e+34 	16882.8	7.57119e+32 	130.314	197	4  	25.1033
101	900   	1.94274e+31 	1.94069e+34 	16914.3	6.13394e+32 	133.33 	217	4  	21.9832
102	925   	1.6404e+28  	1.09868e+31 	16907  	3.63866e+29 	133.31 	214	4  	24.0388
103	915   	1.47218e+31 	1.47119e+34 	16887.5	4.65e+32    	133.688	200	4  	23.966 
104	923   	3.88362e+31 	1.94133e+34 	16875.7	8.66978e+32 	135.252	212	4  	21.1855
105	920   	3.29553e+29 	2.47921e+32 	16864.3	8.17572e+30 	136.286	277	4  	21.9596
106	918   	8.70547e+31 	6.68551e+34 	16863.4	2.20067e+33 	136.733	225	4  	23.4803
107	902   	1.08178e+28 	4.79848e+30 	16856.9	1.73652e+29 	138.16 	231	4  	21.537 
108	927   	9.38746e+29 	6.88475e+32 	16845.4	2.31204e+31 	136.912	199	4  	23.2875
109	912   	1.28747e+37 	1.28747e+40 	16834.5	4.0693e+38  	136.538	215	4  	24.0176
110	900   	1.37978e+31 	1.37075e+34 	16834.5	4.33257e+32 	135.921	222	4  	23.137 
111	913   	3.97483e+31 	1.96019e+34 	16834.5	8.71878e+32 	135.751	230	4  	23.4025
112	901   	1.45931e+31 	1.4581e+34  	16834.5	4.60862e+32 	135.927	193	4  	22.5359
113	915   	3.98603e+31 	1.99558e+34 	16834.5	8.8985e+32  	136.32 	210	4  	23.1698
114	927   	2.00593e+31 	1.99324e+34 	16834.5	6.30005e+32 	136.687	207	4  	23.5286
115	901   	7.22338e+27 	4.81379e+30 	16834.2	1.61306e+29 	136.948	198	4  	25.2438
116	871   	2.35505e+35 	2.35484e+38 	16695.9	7.44292e+36 	138.654	199	4  	24.0849
117	921   	2.08658e+31 	2.04046e+34 	16694  	6.45064e+32 	140.029	217	4  	23.5788
118	879   	2.42191e+29 	2.4102e+32  	16694  	7.61797e+30 	143.145	207	4  	23.2604
119	900   	2.56098e+29 	2.46117e+32 	16694  	7.78084e+30 	144.379	209	6  	23.6276
120	894   	4.08079e+31 	2.04022e+34 	16694  	9.11499e+32 	146.871	236	4  	23.2892
121	902   	4.59552e+29 	4.27811e+32 	16694  	1.3538e+31  	147.391	239	4  	22.6203
122	899   	5.37553e+29 	4.28439e+32 	16685  	1.37699e+31 	146.671	236	4  	25.8194
123	899   	4.02713e+28 	1.06458e+31 	16664  	6.02972e+29 	146.274	200	4  	22.0369
124	901   	4.97293e+28 	1.92525e+31 	16640.6	7.45014e+29 	141.387	226	4  	25.3644
125	923   	8.63311e+28 	7.22683e+31 	16632.9	2.30856e+30 	135.69 	282	4  	26.9221
126	909   	1.30879e+32 	1.11496e+35 	16631.8	3.57626e+33 	131.954	214	4  	22.1699
127	896   	5.90768e+27 	4.73053e+30 	16631.8	1.54041e+29 	129.915	236	4  	22.6128
128	916   	2.09542e+32 	1.15037e+35 	16631.8	4.70157e+33 	127.92 	256	4  	23.6565
129	901   	1.49315e+29 	1.44752e+32 	16631.8	4.57561e+30 	127.2  	174	4  	22.4481
130	907   	4.34369e+29 	4.33185e+32 	16631.8	1.36917e+31 	127.45 	182	4  	22.8374
131	908   	3.67049e+31 	1.91093e+34 	16631.8	8.20594e+32 	128.428	209	4  	21.7868
132	899   	8.56685e+29 	8.11521e+32 	16581  	2.5683e+31  	127.896	211	4  	21.634 
133	906   	8.8667e+35  	8.86612e+38 	16626.6	2.80231e+37 	128.115	213	4  	21.3039
134	898   	1.45166e+32 	1.25749e+35 	16565.7	4.02087e+33 	127.674	175	4  	20.5219
135	894   	1.34945e+32 	1.14337e+35 	16565.7	3.66481e+33 	127    	177	4  	21.3321
136	920   	8.26322e+29 	8.26321e+32 	16551  	2.61175e+31 	127.135	206	4  	19.7654
137	901   	1.27174e+32 	1.26787e+35 	16565.7	4.00735e+33 	126.515	256	4  	21.7818
138	896   	1.30219e+32 	1.29056e+35 	16562.6	4.07912e+33 	126.008	200	4  	21.5391
139	926   	5.6416e+39  	5.6416e+42  	16560.3	1.78314e+41 	125.702	176	4  	22.7572
140	929   	3.93987e+31 	1.94584e+34 	16555.4	8.69242e+32 	126.561	203	4  	22.5275
141	905   	2.08989e+31 	1.99162e+34 	16565.7	6.30018e+32 	128.152	202	4  	20.152 
142	909   	2.02786e+31 	1.98373e+34 	16565.7	6.2713e+32  	128.898	261	4  	20.0525
143	886   	1.26787e+32 	1.26775e+35 	16565.7	4.00698e+33 	129.472	213	6  	18.1698
144	913   	3.18869e+34 	3.17982e+37 	16563.3	1.00505e+36 	129.704	195	4  	18.2123
145	931   	1.05619e+30 	8.02045e+32 	16556  	2.64815e+31 	127.736	184	4  	21.8917
146	911   	5.79964e+27 	1.17911e+30 	16555.4	8.18205e+28 	128.405	205	4  	21.7167
147	914   	6.58007e+29 	3.89353e+32 	16553.1	1.43893e+31 	128.653	215	4  	21.1007
148	900   	4.77256e+25 	2.41027e+28 	16545  	1.06591e+27 	127.321	201	4  	22.8689
149	888   	1.6293e+32  	1.23473e+35 	16535.8	3.99306e+33 	127.206	270	4  	23.1521
150	913   	2.35213e+31 	1.23513e+34 	16535.8	5.21018e+32 	125.995	256	4  	22.7109
151	923   	3.00838e+31 	1.90731e+34 	16534.3	6.93983e+32 	125.973	209	4  	22.3669
152	909   	2.30665e+32 	1.23143e+35 	16534.3	4.13218e+33 	127.056	200	4  	19.1317
153	927   	5.76221e+35 	5.76183e+38 	16534.3	1.82114e+37 	124.351	213	4  	21.4623
154	890   	1.88116e+31 	1.88012e+34 	16534.3	5.94248e+32 	124.6  	202	4  	21.6383
155	920   	8.35623e+29 	8.32156e+32 	16496.6	2.63019e+31 	124.601	185	4  	21.2793
156	891   	1.94954e+31 	1.8758e+34  	16534.3	5.93063e+32 	123.793	256	4  	23.3761
157	900   	2.03215e+31 	1.9017e+34  	16423.5	6.01626e+32 	123.604	197	4  	22.2104
158	914   	2.49238e+32 	1.25737e+35 	16423.5	5.56716e+33 	124.283	192	4  	23.3544
159	913   	2.02841e+32 	1.87207e+35 	16412.3	5.93533e+33 	124.931	210	4  	22.2277
160	901   	1.39178e+32 	1.2672e+35  	16412.2	4.02388e+33 	125.875	263	4  	23.4859
161	905   	1.39197e+29 	1.3915e+32  	16412.2	4.39809e+30 	126.93 	221	4  	22.1079
162	916   	1.90185e+31 	1.90173e+34 	16409.8	6.01078e+32 	127.551	235	4  	22.0874
163	897   	1.63042e+35 	1.63022e+38 	16409.8	5.15262e+36 	126.534	200	4  	22.5113
164	903   	3.03493e+31 	1.90144e+34 	16409.8	6.99323e+32 	127.615	251	5  	21.0698
165	921   	5.17288e+36 	5.17283e+39 	16409.8	1.63497e+38 	125.577	183	4  	21.6962
166	925   	2.57156e+35 	2.56911e+38 	16409.7	8.12019e+36 	124.345	202	4  	21.5819
167	897   	2.09286e+31 	1.93689e+34 	16405.1	6.13121e+32 	122.883	188	4  	23.081 
168	913   	4.34465e+30 	3.811e+33   	16344.9	1.21235e+32 	121.507	185	4  	19.2491
169	925   	1.9903e+31  	1.96373e+34 	16344.9	6.20716e+32 	118.602	241	4  	25.4942
170	910   	8.87659e+28 	7.47014e+31 	16344.9	2.38455e+30 	118.676	213	4  	22.6842
171	894   	5.82472e+31 	1.96339e+34 	16344.9	1.06188e+33 	117.126	190	4  	23.354 
172	922   	1.87372e+32 	1.28976e+35 	16345.7	4.20792e+33 	118.443	218	4  	22.3848
173	933   	2.74721e+29 	2.43846e+32 	16347  	7.72268e+30 	118.792	192	4  	22.6041
174	914   	2.13936e+28 	1.89259e+31 	16268.3	6.00446e+29 	118.67 	211	6  	23.6278
175	915   	1.95966e+32 	1.18747e+35 	16268.3	3.94367e+33 	119.102	234	4  	26.3181
176	925   	4.87904e+32 	4.86783e+35 	16268.3	1.53857e+34 	121.273	192	4  	27.7523
177	912   	3.90048e+31 	1.96339e+34 	16268.3	8.71163e+32 	123.112	202	4  	26.6576
178	876   	2.55041e+32 	1.27371e+35 	16259.3	5.68813e+33 	126.938	263	4  	28.8179
179	890   	2.5195e+27  	1.33641e+30 	16259.3	5.63856e+28 	131.407	248	4  	29.6594
180	915   	9.87243e+52 	9.87243e+55 	16259.3	3.12037e+54 	135.28 	197	3  	30.1604
181	928   	1.78971e+31 	1.72291e+34 	16257  	5.44751e+32 	140.502	251	4  	29.9256
182	908   	1.85522e+31 	1.85329e+34 	16240  	5.8577e+32  	145.451	240	4  	30.452 
183	913   	5.43629e+31 	1.96567e+34 	16227.5	9.72812e+32 	147.092	294	4  	30.6559
184	900   	1.18674e+27 	1.1867e+30  	16227.5	3.75079e+28 	145.705	234	4  	30.1518
185	937   	1.83062e+32 	1.35135e+35 	16227.5	4.36192e+33 	143.635	251	4  	31.125 
186	896   	1.91098e+31 	1.90979e+34 	16226.9	6.03627e+32 	140.673	232	4  	29.1814
187	922   	5.01678e+32 	4.66331e+35 	16226.9	1.47589e+34 	136.709	253	4  	28.7177
188	909   	7.95804e+28 	6.87333e+31 	16226.9	2.19418e+30 	134.1  	246	4  	28.0142
189	928   	1.05454e+32 	1.05016e+35 	16225.3	3.31927e+33 	131.849	200	4  	27.119 
190	914   	1.44595e+32 	1.14759e+35 	16225.3	3.68875e+33 	131.847	237	4  	28.1148
191	902   	1.77747e+28 	1.06978e+31 	16225.3	3.73336e+29 	130.952	223	4  	28.1551
192	903   	2.7547e+31  	2.26827e+34 	16225.3	7.30451e+32 	129.611	254	4  	26.8908
193	934   	1.98682e+31 	1.98496e+34 	16215.8	6.27386e+32 	131.865	215	4  	25.8583
194	925   	5.8313e+32  	4.6661e+35  	16212.2	1.5197e+34  	132.847	235	4  	26.6182
195	902   	2.21674e+27 	1.12157e+30 	16212.2	4.95218e+28 	133.571	210	4  	26.4856
196	917   	5.0388e+32  	4.66331e+35 	16212.2	1.47611e+34 	135.36 	214	4  	26.5778
197	913   	1.27815e+55 	1.27815e+58 	16205.7	4.03984e+56 	136.102	258	4  	29.3046
198	890   	4.78216e+32 	4.6087e+35  	16215.8	1.45764e+34 	138.5  	208	4  	29.3521
199	937   	2.34838e+30 	8.07161e+32 	16213.6	3.95182e+31 	142.551	223	4  	28.5393
200	890   	2.39275e+32 	1.25287e+35 	16197.9	5.33598e+33 	145.042	227	4  	33.0639
201	921   	3.54069e+31 	2.00218e+34 	16197.9	7.89982e+32 	150.809	251	4  	31.8773
202	908   	1.24426e+32 	1.24422e+35 	16197.9	3.9326e+33  	154.76 	254	4  	30.9779
203	895   	1.4479e+32  	1.25265e+35 	16197.1	4.00396e+33 	157.81 	243	4  	32.693 
204	893   	1.34039e+32 	1.14043e+35 	16192.7	3.64975e+33 	161.011	226	4  	30.1618
205	922   	5.74605e+31 	1.93425e+34 	16160.7	1.03167e+33 	165.123	237	4  	27.3523
206	907   	2.03468e+31 	1.86974e+34 	16160.7	5.92055e+32 	166.843	217	4  	24.8747
207	908   	1.24529e+31 	1.24505e+34 	16151.6	3.93523e+32 	168.306	239	4  	24.0903
208	908   	1.98673e+31 	1.87378e+34 	16175  	5.92863e+32 	168.064	226	4  	24.843 
209	927   	3.21598e+29 	2.4481e+32  	16175  	8.08328e+30 	166.826	336	4  	27.6267
210	908   	5.12725e+31 	5.04292e+34 	16174.6	1.5941e+33  	167.166	266	4  	24.8385
211	921   	6.08039e+27 	1.2882e+30  	16174.6	8.58192e+28 	166.195	259	4  	26.3256
212	933   	1.98311e+31 	1.96763e+34 	16173.9	6.21921e+32 	165.367	257	4  	26.7947
213	926   	1.97648e+31 	1.97029e+34 	16164.9	6.22748e+32 	165.521	253	4  	24.7631
214	916   	5.22612e+29 	5.16591e+32 	16159.3	1.63284e+31 	165.153	262	4  	24.793 
215	885   	8.69035e+28 	7.30293e+31 	16159.3	2.32006e+30 	163.786	262	4  	28.8892
216	897   	3.94589e+27 	3.94587e+30 	16159.3	1.24717e+29 	165.443	251	4  	22.626 
217	896   	1.91556e+31 	1.91272e+34 	16153.2	6.04552e+32 	164.941	230	4  	23.9232
218	905   	5.78994e+31 	1.91545e+34 	16159.3	1.04069e+33 	165.728	333	4  	23.1781
219	918   	5.01102e+29 	2.52932e+32 	16159.2	1.1139e+31  	165.675	243	4  	24.2273
220	884   	1.26848e+32 	1.26683e+35 	16159.2	4.00407e+33 	167.021	225	4  	21.3383
221	911   	4.94416e+32 	4.94317e+35 	16159.2	1.56239e+34 	166.037	343	4  	26.443 
222	932   	3.80307e+31 	1.90898e+34 	16143.4	8.46989e+32 	165.006	227	4  	27.1213
223	925   	1.48541e+28 	1.11592e+31 	16143.4	3.58968e+29 	165.46 	264	4  	26.6082
224	913   	1.40041e+32 	1.20477e+35 	16142.7	3.85355e+33 	165.507	251	4  	27.8224
225	920   	1.20517e+32 	1.20504e+35 	16140.6	3.80878e+33 	167.312	260	4  	22.7935
226	926   	5.10009e+32 	4.90923e+35 	16140.6	1.55277e+34 	166.488	256	4  	25.4235
227	910   	1.28539e+32 	1.28536e+35 	16140.6	4.06262e+33 	166.637	247	4  	28.1681
228	894   	1.10996e+28 	1.10996e+31 	16140.6	3.50824e+29 	167.391	253	4  	26.2898
229	938   	6.15935e+27 	4.92747e+30 	16140.5	1.60498e+29 	166.639	249	4  	29.7382
230	925   	1.90963e+31 	1.90864e+34 	16140.5	6.03264e+32 	169.228	244	4  	24.8094
231	900   	5.32946e+32 	4.94182e+35 	16139.9	1.56413e+34 	168.674	254	4  	26.3341
232	919   	9.93029e+30 	9.91428e+33 	16140.5	3.1336e+32  	169.162	262	4  	26.2419
233	901   	1.39326e+32 	1.20465e+35 	16136.3	3.85314e+33 	169.961	254	4  	26.4339
234	895   	1.92638e+31 	1.90638e+34 	16135.7	6.02553e+32 	171.426	228	4  	24.0291
235	901   	2.99215e+28 	1.14532e+31 	16136.3	5.29543e+29 	172.028	279	4  	26.6345
236	914   	2.95081e+39 	2.95081e+42 	16135.2	9.32662e+40 	173.597	259	4  	24.75  
237	911   	9.90563e+32 	4.96257e+35 	16134.3	2.21021e+34 	173.829	237	4  	24.9645
238	929   	1.87379e+31 	1.87353e+34 	16134.3	5.92167e+32 	174.937	215	4  	23.3183
239	901   	1.47262e+32 	1.28321e+35 	16134.3	4.09863e+33 	173.54 	210	4  	26.217 
240	886   	4.58296e+32 	4.58282e+35 	16134.3	1.44849e+34 	174.623	256	4  	26.7514
241	917   	1.26005e+34 	1.25797e+37 	16134.3	3.97606e+35 	175.245	277	4  	25.7104
242	914   	2.01007e+31 	1.93573e+34 	16134.2	6.12247e+32 	174.133	289	4  	27.1134
243	903   	2.01054e+31 	1.90893e+34 	16134.2	6.03924e+32 	177.37 	252	4  	22.3916
244	924   	6.23054e+32 	4.58313e+35 	16134.3	1.50473e+34 	176.795	276	4  	22.6075
245	912   	6.17475e+32 	4.94293e+35 	16134.2	1.59595e+34 	173.628	251	4  	29.8463
246	925   	2.55025e+29 	2.53793e+32 	16133.9	8.02168e+30 	176.315	283	4  	23.8591
247	910   	2.59126e+29 	2.54198e+32 	16133.9	8.03463e+30 	175.26 	273	4  	26.0244
248	902   	2.49413e+27 	1.25866e+30 	16133.9	5.56361e+28 	174.949	210	4  	24.2814
249	904   	1.9095e+31  	1.88203e+34 	16133.9	5.94897e+32 	172.761	294	4  	27.3122
250	917   	1.78198e+29 	1.58489e+32 	16133.9	5.02382e+30 	172.219	268	4  	27.2573
251	896   	3.88213e+31 	1.90815e+34 	16122.3	8.51576e+32 	172.899	257	4  	25.814 
252	907   	3.94261e+31 	1.97075e+34 	16122.3	8.61169e+32 	172.931	269	4  	22.7637
253	931   	3.92266e+31 	1.90895e+34 	16122.3	8.47506e+32 	169.814	257	4  	27.1744
254	901   	6.28836e+32 	5.02096e+35 	16122.3	1.6363e+34  	168.861	267	4  	28.2881
255	902   	1.64618e+29 	1.5846e+32  	16130.7	5.0108e+30  	169.404	242	4  	24.1485
256	913   	9.70722e+28 	7.61319e+31 	16130.7	2.48527e+30 	169.563	224	4  	23.6676
257	909   	3.68548e+27 	1.23178e+30 	16130.7	6.71861e+28 	169.449	239	4  	24.1558
258	897   	4.94972e+32 	4.94969e+35 	16130.7	1.56445e+34 	169.102	289	4  	28.4868
259	937   	1.96611e+31 	1.93576e+34 	16130.7	6.11898e+32 	172.241	297	4  	25.5021
260	883   	3.87649e+31 	1.88887e+34 	16119.8	8.4273e+32  	173.607	355	4  	26.2616
261	912   	4.90843e+33 	4.6538e+36  	16119.8	1.47304e+35 	174.817	271	4  	28.4681
262	923   	2.53903e+29 	2.53903e+32 	16119.8	8.02509e+30 	175.74 	236	4  	27.803 
263	884   	1.18241e+29 	1.16985e+32 	16119.8	3.69769e+30 	177.602	251	4  	28.1903
264	899   	4.94113e+32 	4.93942e+35 	16119.8	1.5612e+34  	180.217	270	4  	27.8361
265	916   	1.20385e+32 	1.20382e+35 	16130.7	3.8049e+33  	182.244	281	6  	27.2388
266	906   	7.77463e+28 	7.43084e+31 	16130.7	2.3494e+30  	181.024	228	4  	30.5152
267	914   	4.68074e+28 	4.4342e+31  	16128  	1.40252e+30 	185.39 	283	4  	24.0237
268	920   	1.88394e+31 	1.88222e+34 	16128  	5.94911e+32 	185.738	248	4  	23.4433
269	926   	1.3908e+32  	1.20258e+35 	16128  	3.84665e+33 	185.652	281	4  	25.441 
270	906   	1.89046e+31 	1.88205e+34 	16115.5	5.9486e+32  	184.449	270	4  	30.0102
271	902   	1.50895e+31 	1.37372e+34 	16115.5	4.35078e+32 	185.263	271	4  	28.3492
272	906   	5.17858e+28 	2.94656e+31 	16115.5	1.01975e+30 	184.845	382	4  	29.6614
273	913   	1.36093e+29 	1.16386e+32 	16115.5	3.69848e+30 	186.654	289	4  	24.9725
274	886   	4.58125e+32 	4.5812e+35  	16115.5	1.44798e+34 	184.261	285	4  	30.9757
275	918   	4.77613e+31 	1.94244e+34 	16115.5	9.11195e+32 	186.325	227	4  	26.958 
276	924   	2.17792e+29 	1.16395e+32 	16115.5	4.19303e+30 	186.945	278	4  	26.7974
277	912   	1.56411e+29 	7.4692e+31  	16115.5	3.32946e+30 	187.331	284	4  	27.2431
278	893   	2.65207e+27 	1.41966e+30 	16115.2	5.9382e+28  	188.664	277	4  	23.418 
279	897   	4.14559e+32 	3.76114e+35 	16115.2	1.19172e+34 	188.316	277	4  	25.8046
280	910   	1.88191e+31 	1.88129e+34 	16115.2	5.9462e+32  	187.49 	231	4  	27.1252
281	906   	4.03643e+29 	2.97221e+32 	16112.1	9.72867e+30 	188.372	357	4  	30.1241
282	914   	1.91259e+31 	1.91159e+34 	16115.2	6.04195e+32 	188.389	267	4  	26.7073
283	919   	4.93947e+32 	4.93947e+35 	16112.1	1.56122e+34 	190.26 	301	4  	26.1918
284	916   	2.46303e+27 	1.23178e+30 	16110.8	5.50197e+28 	189.814	289	5  	25.8916
285	928   	1.03393e+30 	1.02038e+33 	16110.8	3.22526e+31 	189.596	233	4  	24.8375
286	915   	5.32947e+29 	2.53794e+32 	16110.8	1.13362e+31 	187.793	301	4  	28.3751
287	920   	5.55443e+27 	1.8395e+30  	16110.8	8.8916e+28  	188.11 	388	4  	29.4247
288	922   	3.38475e+29 	1.5845e+32  	16110.8	6.63821e+30 	187.6  	296	4  	29.09  
289	909   	1.23998e+32 	1.23991e+35 	16110.8	3.91898e+33 	190.144	296	4  	27.1075
290	915   	5.13135e+32 	4.93779e+35 	16110.8	1.56179e+34 	190.408	394	4  	29.1267
291	906   	1.91695e+31 	1.90843e+34 	16109.1	6.03198e+32 	190.362	284	4  	27.5783
292	909   	7.38422e+29 	7.37151e+32 	16109.1	2.32991e+31 	190.707	279	4  	28.984 
293	908   	1.20099e+33 	1.16222e+36 	16110.4	3.67433e+34 	191.968	288	4  	24.5549
294	905   	1.93559e+31 	1.93559e+34 	16110.2	6.11781e+32 	190.408	268	4  	29.975 
295	882   	1.27074e+32 	1.27067e+35 	16108  	4.01622e+33 	192.12 	291	4  	25.9487
296	904   	5.84614e+32 	4.58208e+35 	16108  	1.50196e+34 	193.205	282	4  	23.9282
297	902   	2.08997e+30 	2.05386e+33 	16108.4	6.49194e+31 	192.477	237	4  	26.3249
298	910   	9.64371e+31 	9.64309e+34 	16108.4	3.04789e+33 	192.294	239	4  	25.5286
299	926   	1.94639e+31 	1.93811e+34 	16108  	6.12579e+32 	192.539	386	6  	26.4489
300	920   	1.95555e+31 	1.90878e+34 	16080.6	6.03391e+32 	192.33 	262	4  	26.2826
301	910   	1.17688e+32 	9.77635e+34 	16108.4	3.14776e+33 	192.384	264	4  	26.8652
302	909   	1.94745e+31 	1.85197e+34 	16108  	5.85973e+32 	192.038	286	4  	29.5657
303	932   	3.32362e+28 	3.07948e+31 	16108  	9.74779e+29 	191.993	258	4  	26.9614
304	918   	1.67283e+29 	1.58438e+32 	16107.8	5.01054e+30 	191.774	282	4  	25.4425
305	915   	1.93337e+31 	1.90774e+34 	16107.8	6.03024e+32 	191.048	247	4  	27.2948
306	922   	4.59547e+32 	4.59385e+35 	16106.6	1.45198e+34 	191.657	269	4  	25.3646
307	916   	5.10635e+32 	5.10429e+35 	16106.6	1.61331e+34 	190.212	280	4  	28.8333
308	908   	1.99832e+31 	1.96907e+34 	16106  	6.22382e+32 	188.827	260	4  	30.1989
309	924   	7.0397e+33  	7.02062e+36 	16106  	2.21901e+35 	188.491	295	4  	31.6165
310	924   	2.66445e+27 	1.4265e+30  	16106  	5.96685e+28 	189.263	388	4  	30.6819
311	915   	2.47965e+27 	1.23806e+30 	16106  	5.53097e+28 	188.666	238	3  	26.3728
312	907   	1.46013e+36 	1.46012e+39 	16106  	4.615e+37   	189.369	386	4  	28.8779
313	911   	1.08486e+29 	1.06016e+32 	16106  	3.35122e+30 	189.188	297	6  	25.6342
314	902   	1.90885e+31 	1.90859e+34 	16106  	6.03247e+32 	189.394	282	5  	25.5282
315	938   	1.86373e+31 	1.86209e+34 	16106  	5.88551e+32 	187.541	295	4  	29.9512
316	893   	1.46857e+32 	1.27449e+35 	16106  	4.07388e+33 	188.446	301	4  	26.9634
317	925   	3.41113e+31 	1.97814e+34 	16106  	7.71585e+32 	186.752	281	4  	31.2434
318	919   	9.42565e+29 	8.53634e+32 	16106  	2.70821e+31 	189.432	274	4  	25.0033
319	909   	3.03981e+29 	3.03981e+32 	16106  	9.60791e+30 	188.088	278	4  	30.3715
320	897   	9.89109e+30 	9.8897e+33  	16102.9	3.12583e+32 	190.067	384	4  	29.0597
321	908   	2.24165e+28 	1.13196e+31 	16105  	3.994e+29   	189.269	288	4  	28.8855
322	900   	1.90974e+31 	1.90876e+34 	16104.9	6.033e+32   	190.396	301	4  	26.5076
323	903   	3.51271e+29 	7.9202e+31  	16104.9	5.0225e+30  	191.37 	306	4  	26.0299
324	938   	1.89055e+31 	1.88203e+34 	16103.6	5.94855e+32 	190.727	235	4  	27.99  
325	930   	5.77407e+28 	4.43438e+31 	16104.6	1.45346e+30 	190.72 	307	4  	29.1324
326	899   	1.24667e+29 	7.78588e+31 	16104.6	2.83124e+30 	191.234	249	4  	28.2623
327	920   	1.03259e+29 	9.7073e+31  	16104.9	3.07219e+30 	191.216	283	4  	30.2852
328	921   	7.39671e+29 	7.37207e+32 	16104.9	2.33009e+31 	191.024	235	4  	29.5861
329	900   	2.00128e+31 	1.90859e+34 	16103  	6.03818e+32 	193.63 	299	4  	26.9697
330	926   	1.65334e+29 	1.59175e+32 	16103  	5.03339e+30 	193.145	283	4  	27.0962
331	909   	1.25057e+28 	5.08406e+30 	16103  	2.30785e+29 	193.971	307	4  	27.2326
332	904   	1.1886e+29  	1.1639e+32  	16103  	3.67907e+30 	193.423	252	5  	27.2278
333	895   	1.00281e+31 	9.8565e+33  	16103  	3.1157e+32  	193.623	294	4  	28.6136
334	887   	4.18977e+32 	3.80732e+35 	16103  	1.20629e+34 	194.393	300	4  	27.9103
335	911   	1.1636e+29  	1.1636e+32  	16102.8	3.6778e+30  	193.47 	317	4  	28.2509
336	916   	1.92704e+31 	1.91534e+34 	16102.7	6.05388e+32 	194.893	291	4  	25.1657
337	912   	2.09289e+31 	1.90869e+34 	16102.8	6.04401e+32 	194.843	274	4  	26.467 
338	914   	1.22121e+32 	1.21648e+35 	16102.8	3.84491e+33 	195.269	299	4  	28.3576
339	925   	1.96e+31    	1.88196e+34 	16102.8	5.95265e+32 	196.734	293	5  	25.5517
340	924   	4.96047e+32 	4.57323e+35 	16102.8	1.44781e+34 	197.264	314	4  	27.1007
341	911   	6.18608e+27 	1.25881e+30 	16102.8	8.72687e+28 	198.298	308	6  	25.0497
342	902   	1.00757e+31 	9.85616e+33 	16102.8	3.11555e+32 	198.668	289	5  	25.319 
343	903   	9.83003e+28 	9.70685e+31 	16102.2	3.06825e+30 	196.483	287	4  	29.0477
344	900   	1.45354e+29 	9.70648e+31 	16102.2	3.37223e+30 	198.087	244	10 	22.3367
345	912   	4.76314e+32 	4.57324e+35 	16102.2	1.44662e+34 	195.544	307	4  	31.7042
346	911   	1.91761e+31 	1.90869e+34 	16102.2	6.03281e+32 	196.943	260	4  	27.5775
347	913   	1.88225e+31 	1.88212e+34 	16102.2	5.94882e+32 	197.022	293	4  	27.5669
348	916   	8.34126e+29 	7.3718e+32  	16102.2	2.34282e+31 	196.377	310	4  	27.4505
349	919   	1.18165e+29 	9.70686e+31 	16100.7	3.09538e+30 	197.666	305	6  	24.1667
350	929   	1.88977e+31 	1.88209e+34 	16100.7	5.94874e+32 	197.115	242	4  	24.1163
351	897   	3.88237e+31 	1.90822e+34 	16102.2	8.47065e+32 	196.638	304	5  	26.1654
352	881   	1.93562e+31 	1.93549e+34 	16102.2	6.11751e+32 	197.762	241	6  	23.6387
353	909   	7.41814e+27 	4.92699e+30 	16102.2	1.65284e+29 	196.755	328	4  	27.5141
354	925   	2.1092e+31  	1.90869e+34 	16102.2	6.0473e+32  	197.465	268	4  	24.6313
355	903   	5.29056e+28 	3.07574e+31 	16102.2	1.15488e+30 	198.069	313	6  	24.2639
356	916   	1.2303e+27  	1.23029e+30 	16102.1	3.88859e+28 	197.679	301	4  	25.9724
357	899   	6.18865e+29 	6.13929e+32 	16102.1	1.94044e+31 	198.248	302	4  	26.3233
358	909   	2.4606e+27  	1.2303e+30  	16102.1	5.49654e+28 	198.871	303	4  	24.6751
359	942   	1.87145e+31 	1.85519e+34 	16102.1	5.86386e+32 	196.429	276	4  	30.8539
360	916   	1.46091e+32 	1.27002e+35 	16102.1	4.05863e+33 	197.9  	296	4  	27.0198
361	924   	1.26263e+31 	1.25433e+34 	16102.1	3.9646e+32  	197.07 	305	4  	29.7353
362	901   	4.5624e+27  	1.23186e+30 	16099.9	7.2675e+28  	195.986	293	4  	29.5643
363	902   	1.90914e+31 	1.90852e+34 	16099.9	6.03225e+32 	195.707	290	4  	29.6172
364	901   	1.54817e+32 	9.77863e+34 	16099.9	3.25893e+33 	197.008	288	4  	27.7739
365	898   	1.27008e+32 	1.27002e+35 	16099.9	4.01415e+33 	198.253	316	6  	25.0475
366	893   	1.26919e+32 	1.26916e+35 	16099.9	4.01144e+33 	197.932	279	4  	25.188 
367	914   	1.36196e+32 	1.25335e+35 	16099.9	3.97349e+33 	197.69 	283	4  	26.9341
368	924   	1.35329e+32 	1.25402e+35 	16099.9	3.97558e+33 	198.421	289	4  	26.1245
369	908   	5.04282e+28 	4.42906e+31 	16099.9	1.40237e+30 	198.542	405	4  	28.7316
370	899   	1.22123e+33 	7.63765e+35 	16097.9	2.81242e+34 	198.05 	287	4  	27.0348
371	903   	1.91096e+31 	1.91059e+34 	16097.9	6.0388e+32  	196.732	300	4  	29.2837
372	924   	1.91552e+31 	1.91527e+34 	16097.9	6.05358e+32 	197.481	307	4  	26.7371
373	903   	1.25939e+32 	1.25772e+35 	16097.9	3.97527e+33 	196.201	316	4  	27.5418
374	912   	6.41644e+32 	4.95457e+35 	16097.9	1.61728e+34 	196.759	281	4  	27.2926
375	917   	9.96775e+31 	8.08426e+34 	16097.9	2.62294e+33 	196.514	295	4  	24.756 
376	905   	1.9689e+31  	1.94235e+34 	16097.9	6.13964e+32 	197.045	287	4  	24.8304
377	924   	6.0507e+32  	4.6823e+35  	16097.9	1.53329e+34 	197.007	306	4  	25.9023
378	935   	6.59104e+50 	6.59104e+53 	16097.9	2.08323e+52 	196.253	235	4  	26.4534
379	916   	4.94798e+32 	4.94765e+35 	16097.9	1.5638e+34  	196.704	290	5  	26.5131
380	918   	6.18681e+27 	1.23802e+30 	16097.9	8.72721e+28 	195.416	235	4  	27.9515
381	907   	2.07382e+31 	1.9148e+34  	16097.9	6.06197e+32 	196.645	285	4  	26.7277
382	917   	1.27133e+32 	1.27086e+35 	16097.9	4.0168e+33  	197.445	273	4  	27.6712
383	911   	2.08356e+31 	1.91544e+34 	16097.4	6.06404e+32 	199.962	287	6  	22.7966
384	898   	1.93791e+31 	1.93705e+34 	16097.4	6.12242e+32 	197.834	302	4  	29.9938
385	907   	2.02686e+31 	1.91544e+34 	16097.4	6.06236e+32 	198.84 	396	4  	28.5612
386	917   	2.2494e+28  	1.13604e+31 	16097.4	4.23142e+29 	199.63 	310	4  	26.8476
387	911   	8.73192e+44 	8.73192e+47 	16097.4	2.7599e+46  	199.713	286	4  	28.232 
388	892   	2.58805e+29 	2.5507e+32  	16097.4	8.06214e+30 	200.32 	279	4  	24.7678
389	907   	2.00269e+31 	1.99194e+34 	16097.4	6.29597e+32 	198.908	285	6  	27.0235
390	909   	2.08113e+38 	2.08113e+41 	16097.4	6.57781e+39 	199.777	309	4  	26.6546
391	936   	3.9072e+31  	1.93688e+34 	16097.2	8.54963e+32 	200.18 	308	6  	26.9321
392	914   	1.27101e+32 	1.27099e+35 	16097.2	4.01723e+33 	200.478	403	4  	27.3028
393	902   	2.62548e+29 	2.60075e+32 	16097.2	8.2203e+30  	199.613	313	4  	31.3657
394	900   	1.03991e+30 	1.01889e+33 	16097.2	3.22056e+31 	201.186	278	6  	25.9791
395	927   	7.41771e+27 	4.94514e+30 	16097.2	1.65699e+29 	201.612	291	4  	27.1378
396	902   	1.91066e+31 	1.91004e+34 	16097.2	6.03706e+32 	202.734	298	4  	25.3383
397	895   	3.81356e+31 	1.91004e+34 	16097.2	8.51663e+32 	203.744	407	6  	23.4217
398	925   	1.4913e+28  	1.11266e+31 	16097.2	3.58185e+29 	202.086	308	4  	26.8528
399	915   	1.8781e+31  	1.87772e+34 	16097.2	5.93491e+32 	203.441	310	4  	23.5778
400	920   	7.50411e+27 	4.94459e+30 	16097.2	1.65702e+29 	202.119	398	5  	31.2312
401	896   	1.23629e+27 	1.23629e+30 	16097.2	3.90752e+28 	203.458	237	4  	26.9681
402	904   	5.11963e+32 	4.93388e+35 	16096.7	1.56049e+34 	202.027	298	4  	32.7227
403	904   	8.53894e+29 	8.46128e+32 	16096.7	2.67439e+31 	204.178	431	6  	29.3548
404	910   	1.8838e+31  	1.88266e+34 	16096.7	5.95051e+32 	205.254	254	4  	24.8884
405	920   	1.51042e+31 	1.49693e+34 	16097.2	4.7314e+32  	203.752	242	4  	28.3517
406	913   	1.39283e+32 	1.38432e+35 	16097.2	4.37548e+33 	201.783	306	4  	33.1037
407	890   	8.26351e+29 	8.22643e+32 	16097.2	2.60012e+31 	205.653	316	4  	23.739 
408	903   	1.937e+31   	1.93688e+34 	16097.2	6.12188e+32 	204.784	293	4  	29.8882
409	919   	2.38878e+29 	1.59706e+32 	16097.2	5.61476e+30 	205.374	279	4  	27.3041
410	904   	3.16538e+31 	1.91004e+34 	16097.2	7.22073e+32 	204.041	279	4  	29.8911
411	886   	8.33774e+28 	7.44124e+31 	16097.2	2.3585e+30  	208.121	318	6  	24.149 
412	911   	1.37563e+28 	5.10226e+30 	16097.2	2.34272e+29 	205.992	315	6  	30.4211
413	914   	2.99872e+31 	1.93688e+34 	16097.2	6.87242e+32 	207.075	308	6  	27.7501
414	919   	4.76705e+32 	4.57603e+35 	16097.2	1.44754e+34 	208.595	324	4  	25.7814
415	925   	3.85247e+29 	3.04652e+32 	16097.2	9.91099e+30 	205.993	320	4  	33.0868
416	907   	2.67996e+31 	1.91004e+34 	16097.2	6.4891e+32  	208.155	292	4  	26.0585
417	895   	1.87237e+30 	1.01883e+33 	16097.2	4.18383e+31 	210.448	316	6  	23.3608
418	911   	1.25595e+32 	1.2543e+35  	16097.2	3.96446e+33 	210.695	274	4  	24.307 
419	914   	7.37725e+29 	7.37674e+32 	16097.2	2.33156e+31 	207.491	286	4  	32.4365
420	906   	2.90561e+31 	1.91004e+34 	16096.6	6.79183e+32 	208.566	318	6  	28.6186
421	919   	5.39863e+28 	4.9793e+31  	16096.6	1.57558e+30 	208.504	251	4  	25.2112
422	914   	1.14069e+30 	1.01889e+33 	16096.6	3.24248e+31 	208.622	293	4  	25.0235
423	903   	1.88392e+31 	1.88328e+34 	16096.6	5.95249e+32 	209.176	356	4  	30.1015
424	929   	2.09095e+24 	2.08438e+27 	16096.6	6.58808e+25 	209.39 	324	4  	28.6687
425	924   	7.7424e+28  	7.44124e+31 	16096.6	2.35258e+30 	207.41 	417	4  	33.8783
426	904   	1.91078e+31 	1.91078e+34 	16096  	6.03939e+32 	209.544	295	4  	29.6586
427	907   	1.91039e+31 	1.91002e+34 	16096  	6.03699e+32 	211.475	307	4  	29.242 
428	910   	1.91017e+31 	1.91004e+34 	16096  	6.03706e+32 	211.93 	275	4  	32.0276
429	890   	4.95282e+32 	4.57603e+35 	16096  	1.44867e+34 	216.095	321	4  	25.1777
430	884   	2.92008e+38 	2.92008e+41 	16096  	9.22948e+39 	215.766	355	4  	27.6011
431	927   	1.18007e+48 	1.18007e+51 	16096  	3.72986e+49 	218.196	316	4  	31.3422
432	905   	4.90639e+32 	4.90502e+35 	16096  	1.55033e+34 	222.06 	337	4  	25.8933
433	918   	5.42574e+31 	3.48869e+34 	16096  	1.2607e+33  	220.757	333	4  	31.5127
434	937   	1.90982e+31 	1.90919e+34 	16096  	6.03435e+32 	221.704	336	4  	30.7334
435	914   	1.95013e+31 	1.93705e+34 	16096  	6.12247e+32 	223.988	258	4  	24.5365
436	880   	1.17664e+48 	1.17664e+51 	16096  	3.719e+49   	223.138	350	4  	29.8957
437	923   	5.37868e+39 	5.37868e+42 	16096  	1.70004e+41 	224.011	328	6  	30.9713
438	907   	1.14991e+31 	9.86416e+33 	16096  	3.13853e+32 	222.509	333	4  	35.3009
439	917   	3.4957e+28  	2.87723e+31 	16096  	9.23363e+29 	224.439	264	4  	29.8247
440	894   	1.91017e+31 	1.91004e+34 	16096  	6.03707e+32 	224.413	343	4  	28.8487
441	909   	7.54196e+28 	4.45096e+31 	16096  	1.71197e+30 	222.944	353	4  	31.4516
442	904   	5.12255e+32 	4.93422e+35 	16096  	1.56063e+34 	222.486	458	6  	32.7308
443	915   	7.41772e+27 	4.94514e+30 	16096  	1.65699e+29 	224.241	315	4  	26.9412
444	910   	1.93955e+31 	1.93718e+34 	16096  	6.12285e+32 	224.102	326	4  	29.2932
445	913   	7.50037e+29 	7.37674e+32 	16073.4	2.33163e+31 	225.104	342	4  	26.3102
446	931   	1.12835e+28 	5.10208e+30 	16073.4	2.27787e+29 	222.553	357	4  	29.9346
447	907   	2.05859e+31 	1.97194e+34 	16074.6	6.23787e+32 	221.963	320	6  	31.8173
448	905   	2.92006e+38 	2.92006e+41 	16074.6	9.22944e+39 	222.724	321	4  	30.969 
449	941   	6.18251e+27 	4.94626e+30 	16074.6	1.61107e+29 	223.82 	317	7  	29.0371
450	918   	1.07127e+31 	9.86537e+33 	16074.6	3.12932e+32 	223.18 	305	4  	32.2269
451	904   	1.01796e+30 	8.46129e+32 	16074.6	2.70281e+31 	223.726	332	4  	32.3983
452	915   	1.4014e+32  	1.2131e+35  	16074.6	3.87954e+33 	225.7  	340	4  	28.5951
453	909   	1.86362e+28 	1.11266e+31 	16074.5	3.64499e+29 	225.637	342	4  	29.9377
454	910   	9.62084e+27 	5.26663e+30 	16074.5	1.84963e+29 	226.699	474	5  	28.0031
455	919   	2.92626e+38 	2.92626e+41 	16074.5	9.24902e+39 	224.851	327	4  	29.9932
456	910   	1.466e+32   	1.27084e+35 	16073.6	4.06318e+33 	223.712	280	4  	29.2984
457	902   	1.79741e+33 	1.7966e+36  	16072.7	5.67849e+34 	223.637	299	6  	29.7324
458	911   	1.444e+29   	9.74154e+31 	16050.2	3.38424e+30 	223.072	333	8  	28.0038
459	908   	2.7794e+31  	1.92366e+34 	16050.2	6.65188e+32 	224.021	344	4  	27.5686
460	902   	1.27976e+32 	1.27079e+35 	16050.2	4.01664e+33 	225.451	290	4  	24.5082
461	916   	8.96114e+27 	5.25213e+30 	16050.1	1.79137e+29 	223.783	268	4  	29.6767
462	919   	5.32954e+44 	2.66523e+47 	16050.1	1.19053e+46 	223.189	270	4  	31.9168
463	926   	1.91023e+31 	1.9101e+34  	16050.1	6.03725e+32 	223.964	354	4  	32.9718
464	895   	1.93876e+31 	1.93814e+34 	16050.1	6.12587e+32 	226.01 	341	6  	28.8787
465	912   	4.76822e+32 	4.57557e+35 	16049.8	1.4474e+34  	225.453	341	4  	29.8547
466	898   	1.47419e+32 	1.27081e+35 	16050.1	4.0631e+33  	225.547	267	3  	29.1155
467	911   	3.78864e+27 	1.31413e+30 	16050.1	6.90954e+28 	226.155	328	6  	29.7284
468	905   	2.80634e+32 	1.21303e+35 	16050  	5.48373e+33 	226.317	312	4  	27.6332
469	932   	2.71823e+29 	1.72876e+32 	16048.7	6.26962e+30 	223.188	356	4  	32.2357
470	929   	7.44143e+28 	7.44143e+31 	16048.7	2.35201e+30 	222.86 	259	4  	30.9363
471	900   	4.93377e+32 	4.93375e+35 	16048.7	1.55941e+34 	222.533	312	4  	29.7666
472	920   	1.40052e+32 	1.27074e+35 	16041.2	4.03593e+33 	223.52 	273	4  	26.8626
473	898   	1.91092e+29 	1.20596e+32 	16041.2	4.11177e+30 	223.3  	260	4  	25.914 
474	921   	2.42598e+32 	1.21298e+35 	16041.2	5.41918e+33 	219.175	274	4  	33.4852
475	904   	8.22868e+29 	8.22633e+32 	16041.2	2.60009e+31 	222.614	311	4  	26.8127
476	876   	1.95204e+31 	1.92514e+34 	16041.2	6.08498e+32 	220.639	266	4  	29.6711
477	905   	1.21372e+32 	1.21292e+35 	16041.2	3.83368e+33 	220.527	334	4  	28.5368
478	919   	1.02178e+30 	1.0193e+33  	16041.2	3.22171e+31 	217.741	327	6  	28.4349
479	902   	1.2891e+47  	1.2891e+50  	16041.2	4.07446e+48 	216.342	266	4  	33.0443
480	906   	6.35432e+32 	4.94255e+35 	16038.8	1.60924e+34 	216.468	291	6  	29.6664
481	903   	2.47524e+27 	1.23669e+30 	16038.8	5.52494e+28 	217.533	316	6  	29.2384
482	920   	1.88337e+31 	1.88325e+34 	16007.9	5.95237e+32 	218.588	354	4  	32.0288
483	913   	3.824e+31   	1.93701e+34 	16007.9	8.47464e+32 	221.19 	293	5  	29.3094
484	900   	3.71014e+27 	1.23673e+30 	16007.9	6.76357e+28 	223.964	342	6  	28.7039
485	907   	1.86375e+28 	1.11302e+31 	16007.9	3.88677e+29 	223.676	469	6  	34.4037
486	898   	2.47321e+27 	1.23672e+30 	16007.9	5.52456e+28 	229.017	358	4  	27.0106
487	915   	1.4315e+35  	1.05013e+38 	16007.9	3.53011e+36 	229.07 	318	4  	27.7465
488	906   	1.9325e+31  	1.91282e+34 	16007.9	6.04599e+32 	231.025	329	4  	25.562 
489	894   	1.92347e+31 	1.92323e+34 	16007.9	6.07873e+32 	231.697	329	4  	28.4483
490	913   	1.42449e+28 	1.15839e+31 	16007.9	3.70867e+29 	232.959	326	6  	28.8566
491	907   	5.56586e+28 	4.45252e+31 	16007.3	1.42473e+30 	234.534	375	4  	31.1486
492	925   	1.78352e+29 	1.59792e+32 	16007.3	5.06488e+30 	235.019	370	4  	32.6504
493	910   	7.57792e+27 	4.94909e+30 	16007.3	1.67043e+29 	233.191	290	4  	32.2952
494	919   	4.9465e+27  	4.94649e+30 	16007.3	1.56343e+29 	230.24 	314	6  	32.4666
495	932   	1.91007e+31 	1.90995e+34 	16007.3	6.03676e+32 	229.492	339	15 	27.7122
496	891   	1.88761e+31 	1.88324e+34 	16006.3	5.95235e+32 	225.922	271	4  	31.334 
497	921   	3.09157e+28 	1.97868e+31 	16006.3	7.17226e+29 	222.987	329	4  	32.7945
498	907   	5.19193e+32 	4.90156e+35 	16006.3	1.55186e+34 	224.786	430	4  	29.9271
499	924   	1.96704e+31 	1.96525e+34 	16007.3	6.21156e+32 	222.935	347	4  	34.292 
500	894   	2.94227e+31 	1.91006e+34 	16007.3	6.81912e+32 	224.371	344	4  	32.0122