tex_3_seed_01.txt	tex_3_seed_02.txt	tex_3_seed_03.txt	tex_3_seed_04.txt	tex_3_seed_05.txt	tex_3_seed_06.txt	tex_3_seed_07.txt	tex_3_seed_08.txt	tex_3_seed_09.txt	tex_3_seed_10.txt	AVG
36275.3	37129.4	36501.4	37203.8	37607.9	36919.8	35856.4	37018.7	37075.1	37695.4	36928.32
31820.7	32715	31462.7	32318.7	34947.4	31447.8	28445.7	32352.1	32702.9	35141.1	32335.41
23591.7	24887.8	23869.5	23514.5	28236.4	24052	20480.6	27382.8	27565.7	27958.2	25153.92
18677.4	19263.9	19125	20849.2	23735.6	20370.3	17243.3	22229.3	22341.5	21572.9	20540.84
15261.2	16488.9	17626.4	17438.1	20784.2	16792.9	17366.8	18297.3	19159.4	18480.7	17769.59
17666.3	17547.3	17283.9	16882.2	18363.3	16587.7	17762.6	15339.4	18670	18786.8	17488.95
17187.2	17775.4	17266.2	18047.7	19356.1	16868.7	15661.6	18801.2	18519.5	16117.8	17560.14
17590.2	18000.5	18243.8	17613.5	17870.5	17462	16300.4	17517.5	20440.9	18692.8	17973.21
17330.1	19927.1	15469.1	18537.8	19340.5	16265.5	16923.9	16095.5	17229.7	17995.2	17511.44
15023	18741.9	15627.2	14652.2	19871.6	15266.9	15718	16106.1	17482.9	15667.5	16415.73
15353.5	17893.6	15966.5	14771.5	16165.3	17245.2	16248.8	13188.9	19412.1	15726.3	16197.17
17733.5	16913.2	16218.2	15733.8	16786.4	15783.3	17330.3	13010.3	17314	16465.4	16328.84
15688.8	15763.7	16452.1	14570.5	17364	14824.7	15749.8	12675.4	14864.9	16600.3	15455.42
14618.4	18821.9	14665.5	14167.9	17078.8	14842	15888.2	13094.5	16731.5	15448.5	15535.72
14631.9	16149	15426.9	14578	18766.3	15161.9	15776.5	12712.8	16019	15396.7	15461.9
14781.6	16170.6	14041.3	13345.1	20345.4	15109.6	16055.9	11928.4	14518.8	17459.6	15375.63
14705.5	16152.9	12609.4	14487.1	15163.3	15357.9	14892.9	11092.6	15148.7	16433.2	14604.35
18204.1	15733.5	12723.7	13822.9	17077.5	15401.1	14066.2	11829.6	15153.7	14104.3	14811.66
15840	15214.3	12992.2	14692.7	16422.2	14017.2	13588.6	10862.3	13986.2	14253.8	14186.95
15354.3	15335.5	13310.9	13288.5	16027.9	13926.5	13981.1	10752.5	11612.1	14926.1	13851.54
15730.1	14590.6	12502.6	13596.2	15381.6	14682	12825.4	12530.9	11866	15365.4	13907.08
15709.8	14229.6	13277.7	14097.9	14778.8	12138	13279.2	9580.21	11793.2	14418.5	13330.291
15169	13852.2	14619.1	13901.3	14503.4	12932.8	13603.4	9848.29	11364.4	14975.7	13476.959
16057.9	14774.5	12551.8	12849.2	14938.3	12721.5	14070.1	9264.62	10453.9	13959.5	13164.132
15316.8	16078.1	10851.1	12571.9	14857.5	11681.9	13289.7	9494.53	9831.24	13220.5	12719.327
14144	14947.7	11984.4	12964.7	15295.9	11977.9	13606.9	9263.56	11418.9	14110.2	12971.416
15300.3	13802.5	10776.8	11809	14758.2	12159.5	14051	10051	10490.2	13031	12622.95
14500.4	14941.6	10681.5	12425	17570.2	12623.8	13285.4	10330.3	9013.39	13231.1	12860.269
13287.1	14700.8	10675.6	11759.2	14486.4	11948.7	13388.1	10168.9	9139.8	13166.4	12272.1
14316.5	15151.1	10645.6	12343.1	14111.9	10644.9	12223.7	9581.6	9888.65	13776.8	12268.385
13628.4	14322.7	10795.1	11824.5	15473.2	10548.1	11435.9	10487.4	8798.92	14186.4	12150.062
14483.4	13599.9	9596.8	10458.6	15180.3	11733.8	13280	9685.88	9428.25	13189	12063.593
13841.6	13878.5	10282.6	10729.9	15729.5	10603.5	11018.3	9235.97	9772.44	13330.4	11842.271
13776.7	13249.4	10021.2	10259.2	16040.2	10599.3	11942	9494.07	8859.51	13276.2	11751.778
14472.1	13679.3	10011.2	10062.8	15720.9	10507.7	10580.8	9450.32	9479.49	12749.7	11671.431
14044.8	12663.5	9661.1	10761	14566.6	9115.28	10431.7	10307.1	9271.1	13411.4	11423.358
14691.7	12348.7	10424.3	10931.3	15052.3	9686.19	11292.7	9374.4	9165.1	13696.5	11666.319
13258.8	13551.5	10679.3	10218.1	15175.2	9443.77	10988.4	9621.67	9191.32	13333.7	11546.176
13621	14107	10353.9	10517.7	15496.3	9451.16	11815.6	9856.11	9602.62	12648.9	11747.029
13549	12968.6	8861.22	9834.51	14955.1	9552.83	10744.7	9600.28	8899.13	13186.2	11215.157
13560	12501.8	8823.99	9951.12	13487	9309.8	11408.2	10268	9497.83	13179.6	11198.734
13280.6	12788.9	9152.72	10347.6	16353.2	9663.29	10814.2	9377.03	8308.28	12686.5	11277.232
13637.5	12153.5	8499.11	9168.54	13906.8	9554.67	9961.74	8503.14	8846.74	13196.6	10742.834
13572.6	11844.8	9074.5	10056.8	14991.9	9280.61	10345	9322.74	8542.94	13291.1	11032.299
13619.4	11663.7	8326.86	9696.78	14311.6	8318.09	9961.81	8991.59	9286.42	12922.5	10709.875
13549.8	11309.8	9464.39	10932.7	14651.6	9060.65	9572.67	8341.14	8569.27	12986.9	10843.892
13774.8	11765.7	7836.2	9599.41	13999	9278.48	9448.18	8880.21	9319.45	12657.5	10655.893
13287.3	12035.2	8782.04	9936.49	13884.9	8938.64	9061.1	8610.83	9209.01	12998.1	10674.361
13284.4	11639.8	8268.64	10427.9	14369	9025.15	8618.19	8321.55	9653.15	13218.8	10682.658
13957.1	11900.7	8557.24	9864.14	13898.7	8905.43	8457.24	8673.72	9102.75	13182.6	10649.962
14098.4	11763.6	8498.43	8776.96	13915.6	9589.27	8185.29	8487.72	8859.21	12663.5	10483.798
