0.059883415
0.063743891
0.069525284
0.167395514
0.191098234
0.205292901
0.247843204
0.066134612
0.069101078
0.069850364
0.198578956
0.222365895
0.161032847
0.216359027
0.190642921
0.222274154
0.072670428
0.076619548
0.073483639
0.073044061
0.070747694
0.066962811
0.066003788
0.068217481
0.067467427
0.07187664
0.071309632
0.070645891
0.070091953
0.068443104
0.06822047
0.06655043
0.068335773
0.068709198
0.067674003
0.068171297
0.066752906
0.070449348
0.068971956
0.068402003
0.071312134
0.070741147
0.068319201
0.068809308
0.069584946
0.068610009
0.070511324
0.070092102
0.069189735
0.06675046
0.061820092
0.067903282
0.067652071
0.068065311
0.069961923
0.070205956
0.067864829
0.069218484
0.070293954
0.066947474
0.064378866
0.071773302
0.068580453
0.070515303
0.068613404
0.070484505
0.06944534
0.067943387
0.07050033
0.069675457
0.070511892
0.071372742
0.069337827
0.069280418
0.070794137
0.06975878
0.061820861
0.068588835
0.06840366
0.066030655
0.066753807
0.070201989
0.070279245
0.061820736
0.066602236
0.071860884
0.069991626
0.068157253
0.061820689
0.068298828
0.06182086
0.068253325
0.068118796
0.068872085
0.069161948
0.067595949
0.068065982
0.068956004
0.069941109
0.070061093
0.216857278
0.068805249
0.061819991
0.067268676
0.072918402
0.067617432
0.057705377
0.072297829
0.067790499
0.068093967
0.067761239
0.067980614
0.073433293
0.068954879
0.06181985
0.071009499
0.068953271
0.068946311
0.069723048
0.070885496
0.068060034
0.069101527
0.068507617
0.068746715
0.072376816
0.068084326
0.068256996
0.070666992
0.06960584
0.066375916
0.067732707
0.066092875
0.061819658
0.067165384
0.066091624
0.069261702
0.070588893
0.066606108
0.067820591
0.070786915
0.06774086
0.070380639
0.066133316
0.065590829
0.067574341
0.069493867
0.067664813
0.06601166
0.06908103
0.06983211
0.061180341
0.068573786
0.070787907
0.069257134
0.067543088
0.068613086
0.071207125
0.067850014
0.066014101
0.065093697
0.066014204
0.07637619
0.067811673
0.069323187
0.067943826
0.059663131
0.069766097
0.067827695
0.070254265
0.071425626
0.276930725
0.069078394
0.069289986
0.069841749
0.066974943
0.067371743
0.071313069
0.069885044
0.059663115
0.071477478
0.071656936
0.067661713
0.221906907
0.070635179
0.072327268
0.078267935
0.069175235
0.067195956
0.069399619
0.073837653
0.068563059
0.068224363
0.066259794
0.071526615
0.06934958
0.061817894
0.072083238
0.066060776
0.071716383
0.068151501
0.069402741
