0.2825756144
0.2897753796
0.2998202813
0.306589468
0.3105371037
0.3120724732
0.3143573824
0.3151302359
0.3163478399
0.3170612752
0.3176481412
0.317821665
0.3179540943
0.3184122995
0.3188057162
0.3195893698
0.3199144458
0.3200281558
0.3201701432
0.3204158664
0.320607838
0.3208290343
0.3209368451
0.3211119919
0.3211993773
0.3213422133
0.3216220087
0.3217510259
0.3218193922
0.3219644786
0.3220374501
0.3221522362
0.3223875595
0.3224863225
0.3225101206
0.3225924362
0.32272319
0.3228382986
0.3229673538
0.3230455228
0.3231471112
0.323231053
0.3233550373
0.3233932539
0.3234521095
0.3234981849
0.3235763904
0.32361614
0.3237225301
0.3238058208
0.3239470699
0.3240743516
0.3242673268
0.3243797446
0.3245034682
0.3245870886
0.324703988
0.3247931416
0.324864158
0.3249244816
0.3250499368
0.3251131188
0.3252530703
0.325344846
0.3253985828
0.3255929432
0.3256545467
0.3256700669
0.3257201569
0.3257804477
0.325805453
0.3258809081
0.3259556538
0.325982519
0.3260882993
0.3261232321
0.3261480207
0.3261796758
0.3262473461
0.3263086871
0.3263242131
0.3263441137
0.3263556244
0.3263979882
0.326515217
0.3265362059
0.3265669194
0.3266061969
0.3266197813
0.3266513104
0.3266877801
0.3267607495
0.326800986
0.3268625074
0.326884833
0.3269543473
0.3270973624
0.3271108475
0.3271898217
0.3272185007
0.3272977309
0.3273203882
0.3273487401
0.3273795977
0.3274177136
0.3274026555
0.3274307635
0.3274569392
0.3274759916
0.3274902772
0.3275243261
0.3275494764
0.3275715282
0.3275793083
0.3276222218
0.3276543058
0.3277092162
0.3277292099
0.3277432638
0.3277788169
0.3278172715
0.3278443928
0.3278515454
0.3278705566
0.3278973221
0.3279133367
0.3279991945
0.3280266609
0.3280583514
0.3280989036
0.3281217943
0.3281453912
0.3281863553
0.3282337743
0.328236107
0.3283119784
0.3283355303
0.3283625136
0.3283845325
0.3284204245
0.3284313885
0.3284513794
0.3284742115
0.3284960948
0.3285101199
0.328533207
0.3285450316
0.3285708343
0.3285891766
0.3286096979
0.3286172998
0.3286588832
0.3286617748
0.3287000223
0.3287210555
0.3287483897
0.3287923099
0.3288048164
0.3288160375
0.3288368235
0.3288481292
0.3288593722
0.3288736553
0.3288898053
0.3288984844
0.328907889
0.328915838
0.3289390011
0.3289542906
0.3289779392
0.3289838805
0.3290263561
0.3290350676
0.3290537692
0.3290637642
0.3290802566
0.3290998722
0.3291127707
0.3291243107
0.3291543403
0.3291602888
0.3291725337
0.3291856822
0.3291900416
0.3291996402
0.3292101932
0.3292164228
0.3292197042
0.3292361332
0.3292509445
0.3292558347
0.3292695211
0.32927287
0.3292840281
0.3293038874
0.3293111156
0.3293333262
0.3293399104
0.3293536023
0.3293642843
0.3293737704
