paramSet_01.txt	paramSet_02.txt	paramSet_03.txt	paramSet_04.txt	paramSet_05.txt	paramSet_06.txt	paramSet_07.txt	paramSet_08.txt	paramSet_09.txt	paramSet_10.txt	paramSet_11.txt	paramSet_12.txt	paramSet_13.txt	paramSet_14.txt	paramSet_15.txt	paramSet_16.txt	paramSet_17.txt	paramSet_18.txt	paramSet_19.txt	paramSet_20.txt
5009.16	3610.49	4297.18	3181.56	2348.67	5148.34	3843.25	3280.11	3089.62	3249.72	4066.6 	3454.41	1631.64	3375.82	2582.49	3906.73	3067.97	2164.06	4364.76	3495.51
5207.79	3610.49	4170.88	1381.66	2166.42	3289.89	3166.53	3285.05	2012.66	3249.72	3711.94	2838.95	1588.94	2284.77	1673.05	3211.74	1943.21	1520.87	3712.2 	2464.18
4541.44	2273.22	2948.17	1380.75	1710.4 	2114.01	2622.39	1927.06	1723.35	2586.03	1760.29	2134.5 	1588.94	2284.54	1620.75	2186.16	1658.73	1432.5 	3216.22	1577.94
2073.85	2058.98	2695   	1370.79	1606.84	2064.5 	2622.39	1968.09	1362.88	1645.33	1746.18	1680.33	1588.94	1860.09	1450.68	1667.66	1727.74	1440.86	2326.9 	1577.94
2018.21	1564.1 	2062.98	1311.78	1646   	2114.01	1803.6 	1751.07	1355.26	1611.97	1626.55	1316.11	1535.91	1576.36	1450.68	1794.84	1449.9 	1392.21	2249.62	1577.94
2018.21	1521.45	1998.4 	1304.6 	1610.26	1900.88	1376.53	2002.67	1355.26	1553.62	1486.49	1360.69	1535.91	1576.36	1450.68	1651.91	1449.9 	1383.51	1942.9 	1539.22
1551.09	1479.13	1914.45	1304.66	1606.84	1542.6 	1376.53	1663.22	1264.18	1491.9 	1486.49	1280.61	1535.91	1565.64	1470   	1583.89	1449.9 	1367.17	1924.95	1488.33
1551.09	1461.19	1812.88	1304.66	1577.92	1483.68	1314.82	1612.36	1264.18	1477.59	1486.49	1280.61	1515.65	1565.64	1455.23	1413.18	1449.9 	1366.85	1924.95	1488.33
1551.09	1461.19	1541.34	1304.66	1577.43	1477.81	1318.56	1612.36	1264.18	1450.69	1476.05	1262.17	1436.43	1563.38	1368.07	1411.88	1437.91	1263.37	1713.7 	1488.33
1521.75	1445.24	1503.43	1290.42	1548.96	1383.95	1270.81	1612.36	1234.13	1418.22	1486.49	1242.22	1341.26	1565.64	1362.29	1394.8 	1437.91	1263.37	1698.24	1488.33
1521.75	1434.9 	1476.57	1276.94	1548.96	1332.43	1270.81	1612.36	1216.83	1418.22	1476.05	1227.64	1341.26	1565.64	1354.39	1364.46	1437.91	1243.35	1521.05	1488.33
1513.35	1438.01	1472.38	1276.94	1548.96	1332.43	1270.81	1612.36	1216.83	1400.57	1476.05	1227.64	1341.26	1556.4 	1337.4 	1344.72	1437.91	1243.35	1483.04	1488.33
1513.35	1435.96	1470.09	1276.94	1486.52	1332.43	1270.81	1612.36	1223.62	1395.34	1476.05	1227.64	1341.26	1555.71	1325.09	1329.98	1437.91	1243.35	1491.58	1488.33
1513.35	1438.01	1466.6 	1262.78	1358.02	1314.2 	1265.21	1599.22	1220.94	1393.14	1415.29	1227.42	1366.38	1546.2 	1319.36	1299.51	1436.6 	1222.58	1491.58	1488.33
1511.6 	1422.83	1464.78	1267.82	1352.25	1314.2 	1259.56	1595.6 	1214.44	1373.84	1442.27	1156.78	1317.98	1546.2 	1304.49	1297.19	1436.6 	1206.69	1448.51	1465.49
1488.52	1422.83	1420.36	1261.81	1324.5 	1262.86	1250.51	1592.54	1212.7 	1325.16	1294.38	1156.78	1317.22	1546.2 	1275.68	1287.83	1436.6 	1222.58	1379.24	1439.85
1488.52	1422.67	1420.36	1261.81	1324.5 	1262.86	1250.51	1592.54	1212.08	1324.43	1293.34	1156.78	1317.22	1541.99	1268.01	1252.79	1434.71	1214.62	1242.21	1439.85
1483.07	1422.67	1456.01	1261.81	1336.81	1247.54	1229.82	1582.81	1209.93	1293.09	1293.34	1149.56	1317.22	1533.66	1261.01	1252.79	1434.33	1211.36	1242.21	1434.51
1453.64	1422.67	1451   	1247.54	1317.15	1254.29	1229.82	1574.51	1209.93	1293.08	1293.34	1149.6 	1312.68	1529.67	1257.89	1259.9 	1434.33	1207.58	1235.51	1434.51
1453.64	1417.3 	1438.95	1239.67	1316.3 	1247.54	1229.82	1574.51	1209.93	1292.16	1293.34	1148.83	1300.92	1529.42	1249.79	1258.02	1426.32	1177.58	1202.89	1415.58
1439.42	1410.43	1438.95	1236.83	1272.06	1258.8 	1229.82	1558.72	1208.26	1291.1 	1293.34	1147.21	1300.92	1528.65	1246.78	1239.37	1423.08	1171.78	1202.89	1410.65
1410.07	1410.43	1425.73	1236.35	1246.99	1246.02	1229.82	1558.55	1208.26	1291.1 	1293.41	1146.71	1294.84	1528.23	1234.75	1239.37	1413.96	1171.78	1198.19	1394.55
1410.07	1407.22	1424.45	1235.62	1237.69	1245.58	1229.82	1544.33	1204.42	1284.59	1287.89	1146.31	1294.84	1523.39	1230.24	1241.64	1412.55	1168.09	1198.19	1389.14
1410.07	1410.43	1422.22	1232.3 	1234.67	1242.44	1229.04	1544.33	1204.42	1284.26	1244.53	1143.96	1292.21	1523.39	1229.46	1231.57	1411.84	1159.82	1196.34	1366.77
1410.07	1410.43	1422.22	1232.3 	1232.54	1240.76	1225.95	1532.28	1189.79	1284.26	1243.62	1138.82	1286.39	1523.39	1226.96	1230.69	1411.29	1159.25	1195.59	1366.77
1373.59	1409.65	1422   	1230.63	1232.54	1240.76	1225.74	1515.37	1189.79	1282.12	1243.62	1138.8 	1286.07	1522.32	1222.75	1214.37	1410.01	1158.51	1195.59	1366.54
1373.59	1409.65	1409.09	1229.44	1225.43	1239.08	1211.95	1512.88	1189.75	1277.08	1242.17	1137.38	1286.07	1522.3 	1222.75	1203.69	1333.5 	1141.82	1185.78	1366.54
1371.28	1409.65	1409.09	1218.06	1225.43	1236.44	1211.17	1505.85	1189.75	1274.74	1242.01	1136.98	1286.07	1522.32	1211.38	1200.71	1333.5 	1140   	1185.78	1336   
1371.04	1409.65	1409.09	1218.06	1225.43	1231.06	1206.12	1500.51	1184.81	1273.6 	1242.01	1133.11	1285.28	1520.89	1206.6 	1195.4 	1333.5 	1139.67	1185.42	1336   
1370.92	1409.65	1409.09	1214.37	1223.73	1229.87	1206.12	1475.15	1181.3 	1273.6 	1236.84	1132.14	1277.57	1520.89	1206.6 	1185.87	1327.45	1134.58	1173.08	1336   
1370.85	1409.65	1409.09	1203.02	1220.68	1229.87	1199.44	1475.15	1181.3 	1271.92	1236.84	1131.88	1264.14	1517.51	1205.19	1185.87	1327.45	1134.56	1173.08	1336   
1370.69	1409.65	1410.03	1189.54	1220.68	1229.87	1199.44	1472.53	1181.3 	1270.48	1236.84	1130.6 	1264.14	1517.51	1191.95	1185.87	1320.94	1128.63	1171.94	1316.02
1370.69	1409.65	1408.98	1183.01	1220.68	1229.87	1200.07	1450.97	1183.54	1268.5 	1232.77	1129.94	1255.84	1517.51	1191.76	1185.87	1232.97	1128.14	1169.6 	1316.02
1357.87	1408   	1408.98	1182.81	1219.61	1229.82	1200.07	1440.51	1175.63	1268   	1227.84	1127.34	1252.5 	1514.86	1190.39	1180.45	1232.97	1128.14	1169.6 	1315.74
1357.87	1408   	1408.98	1181.84	1219.61	1225.85	1200.07	1440.51	1174.59	1268   	1227.84	1127.39	1247.5 	1514.86	1190.39	1180.45	1232.97	1128.14	1169.6 	1313.38
1357.87	1408   	1408.3 	1181.02	1219.61	1223.3 	1198.8 	1432.94	1171.52	1266.91	1226.06	1126.65	1241.89	1514.86	1185   	1180.45	1232.97	1126.43	1164.5 	1304.86
1352.65	1405.41	1407.08	1181.02	1218.33	1221.72	1198.75	1425.03	1170.36	1257.84	1225.45	1126.65	1241.89	1514.21	1175.48	1180.45	1224.07	1126.43	1164.77	1281.66
1352.63	1405.41	1407.08	1180.73	1218.33	1221.72	1196.49	1419.5 	1161.54	1257.84	1222.02	1125.59	1241.89	1514.21	1175.48	1180.22	1183.49	1126.18	1163.47	1281.66
1343.03	1405.41	1407.08	1180.73	1218.33	1221.72	1195.46	1400.47	1161.54	1257.84	1221.83	1125   	1239.93	1513.53	1167.63	1179.35	1155.41	1126.15	1162.13	1281.66
1328.97	1403.45	1406.65	1180.89	1216.74	1220.9 	1183.91	1400.47	1158.78	1257.84	1219.13	1125   	1239.63	1513.04	1165.05	1177.57	1155.41	1123.98	1162.13	1281.66
1325.3 	1402.11	1405.96	1180.76	1218.33	1217.79	1183.66	1400.47	1158.52	1223.14	1219.13	1125   	1239.16	1513.04	1154.94	1175.2 	1155.41	1123.98	1161.86	1281.66
1325.04	1398.57	1405.96	1180   	1216.74	1216.12	1182.08	1389.54	1157.35	1223.14	1219.09	1124.28	1239.16	1498.87	1153.08	1175.2 	1155.41	1123.98	1156.4 	1279.44
1324.41	1398.57	1394.06	1180   	1214.57	1213.45	1180.29	1378.47	1151.2 	1225.72	1218.91	1121.76	1239.16	1498.87	1152.9 	1175.2 	1154.37	1119.3 	1153.91	1256.63
1316.39	1397.57	1405.96	1177.26	1208.64	1213.45	1179.08	1378.47	1149.66	1221.76	1218.07	1121.76	1237.94	1498.87	1151.25	1173.93	1151.03	1119.3 	1153.91	1256.63
1304.85	1396.89	1405.96	1176.25	1208.64	1206.87	1175.58	1378.47	1149.66	1221.76	1218.07	1121.76	1237.94	1498.07	1150.21	1171.08	1147.71	1118.6 	1153.91	1256.63
1302.16	1396.89	1405.96	1174.62	1208.64	1206.87	1173.49	1374.24	1143.57	1219.96	1216.94	1121.6 	1236.46	1497.99	1147.53	1171.08	1151.03	1118.6 	1151.15	1255.1 
1300.78	1395.24	1404.71	1174.62	1204.2 	1200.58	1171.94	1375.81	1143.57	1219.23	1216.94	1121.14	1233.04	1489.18	1142.39	1169.95	1146.39	1118.57	1151.15	1252.04
1299.93	1394.04	1397.15	1174.62	1204.2 	1200.58	1171.94	1368.45	1141.08	1219.42	1216.94	1119.82	1236.46	1489.18	1142.39	1168.54	1146.39	1117.23	1151.15	1250.44
1284.04	1389.71	1397.15	1174.62	1200.53	1200.58	1171.41	1368.45	1139.89	1214.64	1216.94	1118.44	1236.14	1483.96	1138.25	1166.17	1142.64	1114.74	1150.71	1243.46
1283.01	1380   	1397.15	1174.38	1196.61	1197.99	1170.78	1351   	1138.91	1218.02	1215.97	1118.44	1235.23	1483.96	1136.64	1166.17	1142.64	1117.23	1146.37	1237.09
1277.06	1371.59	1393.72	1172.86	1186.56	1197.99	1166.93	1351   	1135.65	1212.32	1215.97	1116.95	1228.8 	1482.6 	1136.22	1165.82	1133.11	1114.74	1150.71	1221.12
1273.73	1370.99	1389.45	1172.86	1184.8 	1197.5 	1166.91	1351   	1135.65	1209.06	1215.97	1116.95	1228.8 	1479.22	1136.22	1163.42	1133.11	1113.73	1150.71	1173.53
1273.68	1370.43	1384.33	1172.86	1184.43	1197.99	1166.91	1273.98	1133.4 	1214.26	1215.77	1115.81	1228.79	1463.94	1133.24	1163.42	1131.52	1113.73	1148.79	1173.53
1271.5 	1370.92	1381.5 	1163.22	1176.44	1197.99	1166.47	1260.34	1133.1 	1213.75	1215.43	1115.81	1228.79	1463.94	1128.29	1163.42	1128.48	1113.6 	1148.54	1159.65
1271.28	1368.1 	1375.25	1157.02	1174.1 	1197.99	1166.47	1244.26	1132.47	1212.97	1215.43	1115.57	1228.08	1448.44	1128.29	1163.42	1118.64	1109.84	1148.5 	1159.65
1270.97	1367.52	1375.25	1157.02	1173.95	1197.99	1165.32	1222.47	1132.37	1211.19	1209.59	1115.47	1225.61	1448.39	1124.96	1157.05	1118.64	1109.83	1148.45	1159.65
1270.57	1367.43	1367.03	1157.02	1172.41	1195.87	1163.48	1221.64	1124.07	1210.58	1209.59	1114.23	1225.02	1434.59	1123.28	1147.4 	1110.25	1109.83	1146.3 	1159.65
1270.57	1367.43	1363.02	1157.01	1172.41	1183.34	1160.68	1221.64	1124.08	1208.12	1209.39	1114.23	1216.89	1434.59	1123.28	1147.4 	1108.47	1109.83	1146.3 	1144.83
1270.24	1364.23	1361.34	1155.68	1166.45	1183.34	1159.89	1217.76	1124.08	1206.19	1209.39	1113.61	1224.48	1428.61	1111.66	1147.06	1108.47	1106.9 	1146.3 	1140.69
1269.43	1364.23	1361   	1155.68	1163.84	1179.62	1159.89	1207.32	1123.57	1205.73	1208.22	1113.61	1224.33	1428.61	1105.04	1139.8 	1106.93	1106.9 	1146.3 	1144.83
1269.43	1363.64	1356.88	1155.68	1163.84	1179.62	1159.89	1204.15	1122.93	1205.09	1206.42	1110.17	1222.87	1422.44	1105.04	1139.8 	1096.68	1106.81	1145.42	1112.76
1236.54	1362.3 	1356.88	1155.15	1163.22	1178.33	1159.65	1204.15	1122.93	1204.12	1206.42	1110.17	1221.57	1413.17	1104.32	1136.92	1096.68	1103.17	1145.42	1135.64
1236.54	1361.74	1353.14	1155.15	1163.22	1178.33	1155.96	1204.15	1121.7 	1203.28	1203.81	1110.15	1221.57	1395.65	1104.32	1121.49	1094.15	1103.17	1144.87	1111.89
1230.91	1360.93	1343.68	1154.74	1156.32	1178.33	1155.83	1204.15	1121.69	1198.32	1203.81	1110.1 	1221.6 	1385.38	1102.25	1120.67	1090.05	1103.16	1143.91	1111.08
1227.71	1357.1 	1340.62	1154.45	1156.32	1178.33	1155.52	1200.33	1121.32	1198.32	1203.81	1109.06	1221.6 	1379.48	1102.25	1121.42	1089.4 	1102.66	1143.34	1106.19
1226.71	1357.1 	1271.42	1154.45	1156.32	1178.33	1155.52	1182.49	1120.49	1197.86	1203.4 	1108.86	1221.54	1379.46	1100.7 	1114.18	1088.73	1102.63	1143.34	1105.93
1226.71	1357.02	1271.42	1154.45	1156.32	1177.99	1151.08	1182.49	1120.4 	1197.4 	1203.4 	1108.86	1220.39	1366.1 	1095.36	1114.18	1086.03	1100.36	1143.34	1104.65
1226.69	1353.53	1269.93	1154.45	1156.32	1177.81	1151.08	1182.2 	1115.97	1197.8 	1202.45	1108.65	1219.57	1365.58	1100.7 	1114.04	1085.01	1100.36	1143.23	1104.65
1226.65	1353.53	1269.93	1154.27	1156.32	1170.46	1149.52	1182.2 	1115.97	1195.87	1202.45	1107.33	1219.57	1355.71	1100.7 	1114.04	1085   	1100.36	1143.08	1101.49
1226.6 	1353.53	1269.93	1154.02	1155.02	1170.46	1149.46	1178.23	1115.95	1195.44	1202.45	1107.33	1216.47	1345.96	1098.82	1113.65	1081.96	1100.25	1141.37	1096.82
1226.6 	1348.89	1269.77	1153.98	1152.25	1169.56	1149.46	1177.99	1115.88	1194.95	1200.31	1107.33	1215.01	1346.55	1098.82	1111.13	1081.96	1100.09	1141.37	1099.09
1226.18	1345.93	1248.58	1153.99	1152.25	1169.56	1149.29	1177.99	1114.79	1194.83	1200.31	1107.33	1215.01	1344.07	1098.82	1110.65	1076.01	1099.84	1141.37	1095.83
1218.25	1345.93	1247.97	1153.99	1149.01	1168.41	1149.29	1171.22	1113.92	1194.07	1198   	1103.15	1213.89	1340.74	1095.77	1110.56	1076.01	1099.65	1139.05	1095.83
1218.24	1345.24	1247.97	1153.99	1149.01	1168.41	1146.56	1171.22	1113.92	1194.07	1195.66	1102.91	1213.54	1338.5 	1095.29	1110.56	1071.53	1099.6 	1139.05	1095.83
1217.78	1320.26	1246.05	1153.92	1143.69	1168.41	1146.56	1171.22	1110.61	1190.41	1197.79	1102.14	1213.5 	1335.03	1094.11	1107.09	1066.09	1098.61	1138.74	1095.6 
1217.78	1320.26	1237.61	1153.52	1143.69	1168.41	1146.23	1171.22	1112.29	1190.41	1196.95	1102.14	1207.68	1334.52	1094.11	1106.91	1065.95	1098.61	1138.74	1092.95
1217.44	1320.17	1237.61	1153.43	1143.69	1168.41	1145.91	1171.22	1112.28	1190.41	1196.95	1095.86	1207.68	1330.71	1094.11	1106.56	1065.95	1097.58	1138.56	1092.95
1217.39	1319.16	1237.61	1153.42	1143.69	1168.41	1142.74	1169.97	1111.26	1189.38	1194.98	1095.86	1207.49	1329.84	1092.06	1106.72	1065.16	1097.49	1136.98	1091.92
1215.92	1319.05	1215.17	1153.3 	1143.69	1167.87	1142.36	1168.1 	1110.3 	1189.21	1194.11	1095.86	1205.24	1329.82	1092.06	1105.52	1063.59	1097.41	1136.98	1091.92
1215.92	1304.34	1215.17	1153.28	1143.69	1167.87	1142.36	1168.1 	1109.44	1189.07	1194.11	1095.1 	1204.62	1327.15	1090.95	1100.36	1059.47	1096.77	1136.98	1091.92
1215.92	1304.34	1215.17	1152.97	1143.67	1167.87	1139.53	1168.1 	1109.44	1189.07	1193.58	1095.1 	1204.62	1327.15	1090.11	1100.36	1058.8 	1096.77	1136.89	1089.42
1215.92	1303.27	1206.95	1152.97	1143.58	1167.87	1139.49	1167.51	1107.86	1188.62	1193.56	1094.1 	1204.62	1326.94	1090.11	1103.65	1058.8 	1096.77	1136.89	1089.42
1215.31	1299.35	1210.14	1152.74	1142.68	1167.87	1139.46	1167.46	1106.85	1187.73	1193.58	1093.18	1204.62	1326.94	1089.8 	1103.65	1058.8 	1096.77	1136.78	1089.42
1215.31	1299.35	1203.52	1152.74	1142.68	1167.46	1139.47	1167.46	1103.71	1187.73	1193.4 	1093.18	1204.62	1322.76	1088.15	1101.87	1056.22	1096.31	1136.78	1089.19
1215.31	1285.06	1181.96	1152.74	1142.68	1167.46	1138.91	1167.25	1102.2 	1187.27	1193.4 	1092.83	1203.52	1307.25	1087.73	1101.87	1054.59	1096.05	1136.78	1088.46
1215.31	1285.06	1178.74	1152.74	1142.68	1166.61	1138.84	1165.76	1102.07	1187.27	1193.24	1092.71	1203.52	1306.92	1087.04	1099.89	1053.65	1096.05	1136.29	1088.46
1215.3 	1280.84	1178.74	1152.74	1142.68	1166.74	1137.84	1165.76	1102.07	1185.49	1192.43	1088.61	1203.03	1304.35	1086.89	1099.89	1053.65	1095.74	1136.29	1088.46
1214.86	1280.84	1176.79	1152.74	1142.68	1166.74	1135.65	1165.76	1102.07	1185.49	1192.43	1088.61	1203.03	1297.99	1084.1 	1099.89	1053.65	1095.74	1131.17	1087.75
1214.86	1280.84	1174.34	1152.74	1141.55	1166.09	1135.65	1165.76	1101.09	1185.28	1192.43	1088.61	1203.03	1297.99	1084.1 	1099.89	1052.98	1095.74	1131.17	1087.08
1214.86	1272.84	1174.34	1152.68	1141.55	1163.97	1135.65	1164.76	1101.08	1183.4 	1191.25	1088.59	1202.81	1297.01	1084.1 	1099.18	1051.6 	1094.82	1133.97	1087.08
1214.86	1265.46	1172.27	1152.68	1141.55	1163.87	1135.65	1164.76	1100.88	1181.98	1191.25	1088.39	1202.58	1295.57	1084.1 	1097.85	1049.81	1094.68	1133.97	1085.26
1214.82	1265.46	1171.7 	1152.66	1141.48	1163.87	1134.42	1164.76	1099.46	1181.98	1191.25	1088.52	1201.72	1265.04	1084.1 	1096.86	1049.81	1094.68	1133.37	1085.26
1214.69	1259.48	1167.81	1152.66	1139.11	1162.34	1135.13	1164.56	1099.46	1181.43	1191.14	1088.34	1202.58	1265.04	1082.4 	1096.86	1046.6 	1093.03	1133.37	1085.26
1196.91	1258.73	1167.81	1152.65	1135.81	1162.34	1135.09	1164.23	1099.34	1181.43	1189.92	1088.34	1202.39	1261.92	1080.56	1095.76	1046   	1093.03	1133.34	1085.26
1196.91	1253.51	1167.81	1152.65	1139.11	1162.34	1134.02	1163.5 	1098.45	1181.02	1189.92	1086.72	1202.39	1263.37	1080.55	1095.54	1044.49	1092.94	1129.33	1085.26
1196.89	1252.69	1158.4 	1152.65	1137.92	1160.8 	1130.83	1162.23	1098.41	1180.32	1186.39	1086.72	1201.67	1260.83	1080.55	1095.2 	1043.5 	1092.94	1129.33	1077.26
1196.86	1244.49	1151.22	1152.65	1137.92	1161.98	1130.65	1162.23	1096.74	1179.06	1186.39	1086.72	1201.67	1220.58	1078.8 	1094.94	1043.15	1092.94	1129.25	1066.93
1196.86	1249.52	1146.62	1152.65	1137.92	1160.62	1130.65	1160.27	1095.5 	1179.06	1186.39	1086.34	1201.67	1220.53	1078.8 	1094.04	1042.13	1092.8 	1129.25	1066.93
1191.13	1243.94	1137.53	1152.64	1136.23	1159.38	1130.65	1160.27	1094.75	1178.78	1186.39	1086.34	1200.11	1220.53	1078.8 	1092.82	1038.23	1091.07	1125.64	1064.6 
1186.14	1239.68	1136.68	1152.64	1136.23	1159.38	1130.65	1159.93	1094.75	1178.46	1186.22	1086.34	1200.11	1219.64	1078.37	1091.56	1037.94	1091.05	1125.64	1064.38
1183.51	1239.68	1130.89	1152.64	1136.23	1159.38	1128.69	1160.27	1091.72	1178.36	1186.22	1086.34	1197.79	1203.77	1076.32	1089.09	1037.67	1091.02	1125.64	1061.83
1183.48	1239.64	1127.53	1152.64	1136.23	1158.85	1128.69	1159.81	1091.5 	1177.59	1186.09	1086.34	1195.98	1203.71	1076.32	1089.09	1037.89	1091.02	1125.64	1057.96
1182.97	1239.64	1127.4 	1152.64	1136.23	1158.85	1127.63	1158.15	1091.5 	1177.59	1180.64	1085.99	1197.79	1203.41	1076.32	1086.43	1037.89	1090.23	1124.57	1056.3 
1182.97	1238.14	1127.29	1152.61	1132.11	1158.85	1127.63	1158.15	1091.23	1177.41	1180.64	1085.85	1197.32	1201.86	1076.32	1086.43	1034.17	1090.23	1124.57	1053.35
1182.49	1238.14	1126.06	1152.61	1132.11	1158.85	1126.55	1158.15	1091.23	1177.41	1167.44	1085.85	1197.32	1201.58	1074.66	1085.83	1034.17	1090.21	1124.56	1053.35
1182.43	1238.14	1126.06	1152.61	1132.11	1158.67	1126.55	1158.15	1090.14	1177.28	1180.32	1085.7 	1197.19	1201.42	1072.77	1084.59	1033.92	1090.21	1124.29	1053.35
1181.96	1238.14	1126.06	1152.61	1131.83	1158.67	1125.78	1158.15	1087.8 	1176.87	1180.32	1085.62	1195.6 	1200.22	1072.77	1084.25	1031.33	1090.2 	1124.29	1049.75
1181.86	1237.88	1125.52	1152.61	1128.62	1158.67	1123.8 	1156.54	1087.8 	1176.87	1180.32	1084.42	1195.6 	1200.16	1072.77	1083.63	1028.9 	1089.48	1124.29	1049.75
1179.82	1237.88	1123.74	1152.61	1128.62	1158.67	1123.8 	1156.54	1087.74	1176.87	1180.32	1084.42	1195.6 	1197.25	1071.71	1083.53	1028.9 	1089.47	1124.19	1048.55
1179.82	1237.88	1123.56	1152.61	1128.62	1157.17	1123.8 	1156.43	1087.74	1176.49	1180.32	1083.76	1195.6 	1197.25	1071.71	1082.87	1025.45	1089.47	1124.19	1048.55
1178.29	1237.88	1123.55	1152.61	1126.24	1157.41	1121.2 	1152.6 	1087.41	1176.41	1180.23	1083.64	1195.6 	1196.56	1071.66	1082.67	1025.45	1089.46	1123.87	1044.02
1174.36	1237.57	1122.77	1152.61	1126.24	1157.17	1121.2 	1152.27	1087.38	1176.27	1180.23	1083.64	1195.6 	1195.21	1071.31	1080.09	1025.51	1088.7 	1122.41	1044.02
1174.36	1236.87	1122.11	1152.61	1126.24	1157.05	1120.85	1152.27	1086.7 	1176.13	1179.78	1083.22	1195.1 	1193.38	1069.25	1080.05	1023.9 	1087.98	1122.41	1043.61
1174.36	1236.25	1122.11	1152.27	1126.24	1156.95	1120.85	1152.27	1087.13	1175.58	1179.47	1083.1 	1195.1 	1191.91	1069.25	1080.05	1023.22	1087.97	1122.41	1043.61
1173.77	1236.25	1120.27	1152.27	1126.24	1156.95	1120.85	1152.27	1085.06	1175.55	1179.44	1082.02	1194.67	1180.41	1066.65	1080.05	1023.07	1087.73	1122.22	1043.58
1167.1 	1236.25	1120.27	1151.49	1124.23	1156.95	1119.75	1151.4 	1084.48	1175.36	1179.44	1082.02	1194.67	1180.32	1065.12	1079.72	1022.19	1087.73	1122.22	1043.09
1167.1 	1235.28	1120.27	1151.49	1121.47	1137.43	1119.75	1149.72	1084.48	1175.36	1179.44	1082.02	1194.67	1180.02	1066.65	1079.58	1021.07	1086.36	1122.02	1043.09
1163.08	1232.95	1119.97	1151.49	1121.47	1142.86	1119.71	1149.72	1084.48	1175.36	1179.44	1080.7 	1194.56	1178.54	1065.31	1079.12	1021.07	1087.7 	1122.02	1038.07
1163.01	1232.32	1119.89	1150.83	1121.47	1142.86	1119.71	1149.35	1084.09	1175.26	1179.44	1081.35	1194.56	1178.54	1065.31	1078.51	1021.32	1087.7 	1121.8 	1033.52
1158.65	1232.31	1118.67	1150.63	1118.7 	1142.29	1119.71	1149.16	1083.98	1174.5 	1179.08	1081   	1194.49	1174.78	1065.31	1077.63	1019.95	1087.54	1121.8 	1033.52
1152.35	1231.82	1118.67	1150.63	1118.7 	1134.8 	1119.71	1148.32	1083.36	1174.5 	1179.08	1081   	1194.49	1174.78	1062.88	1077.63	1019.65	1087.51	1121.78	1033.52
1151.59	1231.82	1118.59	1150.63	1118.7 	1135.13	1118.53	1145.88	1081.59	1173.71	1179.08	1079.84	1194.39	1174.78	1062.02	1075.62	1018.3 	1086.72	1121.69	1033.52
1151.16	1231.82	1118.3 	1150.63	1118.31	1135.13	1118.62	1145.88	1081.59	1173.71	1178.11	1079.84	1194.39	1174.72	1062.88	1075.62	1018.3 	1086.72	1121.69	1031.27
1149.29	1231.56	1118.15	1150.22	1118.31	1135.13	1118.5 	1145.88	1077.88	1173.71	1178.11	1079.84	1194.35	1174.67	1062.88	1075.32	1016.13	1086.66	1121.69	1031.27
1146.16	1231.56	1117.47	1150.21	1117.41	1134.48	1118.5 	1145.87	1076.25	1173.64	1178.11	1079.73	1194.35	1174.28	1058.45	1075.32	1016.13	1086.66	1121.56	1030.55
1146.16	1231.26	1116.56	1147.32	1117.41	1134.03	1118.43	1144.56	1076.25	1173.64	1178.11	1079.04	1194.02	1174.28	1058.45	1075.25	1016.13	1086.33	1121.22	1030.55
1144.84	1217.1 	1116.56	1140.91	1114.32	1134.03	1118.43	1144.56	1076.25	1169.83	1178.11	1078.66	1194.02	1165.08	1058.45	1073.83	1015.54	1086.11	1121.56	1029.64
1144.84	1217.1 	1112.57	1143.46	1114.32	1129.28	1118.04	1142.13	1074.93	1169.83	1178.03	1077.65	1193.9 	1165.08	1058.45	1073.83	1015.28	1086.11	1121.56	1028.29
1144.79	1216.3 	1112.57	1140.5 	1114.32	1129.28	1116.94	1139.44	1074.25	1168.88	1178.03	1077.65	1193.9 	1163.38	1057.1 	1073.79	1014.83	1086.11	1121.56	1025.9 
1144.06	1213.85	1112.57	1140.43	1106.81	1129.28	1117.9 	1139   	1074.61	1168.88	1178.03	1077.65	1193.9 	1156.69	1055.33	1073.79	1014.11	1085.79	1121.56	1025.9 
1144.06	1212.85	1111.11	1140.43	1106.81	1128.62	1117.9 	1136.91	1071.1 	1168.63	1178.03	1078.67	1193.9 	1156.69	1055.33	1073.11	1012.44	1085.57	1121.37	1025.68
1141.33	1209.08	1111.11	1140.32	1106.05	1128.62	1117.24	1136.91	1071.1 	1168.47	1178.02	1077.53	1193.9 	1156.45	1055.33	1073.11	1010.82	1085.57	1121.31	1025.68
1130.63	1209.08	1111.11	1140.32	1103.86	1128.62	1117.24	1136.5 	1070.76	1168.47	1178.02	1077.53	1192.34	1156.05	1054.44	1072.62	1010.82	1085.57	1121.11	1023.33
1121.81	1209.08	1110.31	1139.98	1103.86	1120.18	1117.24	1135.87	1068.59	1168.27	1178.02	1077.18	1192.34	1155.06	1054.44	1072.62	1010.82	1085.53	1121.31	1023.33
1121.81	1206.71	1110.31	1140.23	1103.86	1126.34	1117.24	1134.59	1068.59	1168.27	1177.92	1077.18	1192.34	1151.8 	1054.44	1072.62	1010.82	1085.35	1121.31	1023   
1111.88	1206.71	1110.31	1139.2 	1103.86	1126.38	1117.24	1134.59	1065.45	1167.72	1177.92	1077.05	1192.34	1151.8 	1054.03	1072.56	995.705	1081.79	1121.11	1021.02
1111.65	1206.33	1110.31	1139.2 	1102.99	1123.41	1113.75	1134.28	1065.38	1166.3 	1177.78	1077.05	1191.99	1151.8 	1053.59	1072.05	995.705	1081.79	1121.11	1021.02
1105.6 	1206.33	1110.31	1138.42	1101.87	1121.11	1113.05	1133.96	1065.45	1166.3 	1177.78	1077.05	1191.99	1150.26	1053.59	1072.05	995.705	1081.79	1121.05	1021.02
1105.6 	1206.01	1109.95	1138.42	1102.3 	1120.01	1113.05	1132.86	1064.61	1166.3 	1177.62	1076.85	1191.83	1150.26	1053.59	1071.99	995.147	1081.74	1121.05	1015.06
1105.6 	1205.43	1109   	1138.42	1100.3 	1115.71	1113.05	1132.86	1060.7 	1166.3 	1177.62	1076.6 	1190.13	1149.85	1053.59	1071.85	993.306	1080.82	1121.05	1015.06
1105.14	1205.43	1109   	1136.16	1100.3 	1115.71	1113.05	1131.74	1060.7 	1166.1 	1177.62	1076.6 	1190.13	1148.97	1053.36	1071.85	993.306	1080.82	1121.05	1015.02
1104.11	1205.36	1108.99	1136.22	1100.3 	1112.15	1113.05	1132.75	1060.7 	1165.71	1177.62	1076.21	1190.13	1145   	1052.94	1071.85	993.247	1080.22	1121.02	1015.02
1103.88	1205.01	1107.77	1136.22	1097.53	1112.15	1112.82	1132.75	1057.96	1165.33	1177.6 	1076.21	1190.13	1145   	1052.19	1071.84	991.97 	1080.22	1120.2 	1015.02
1103.5 	1205.01	1107.49	1136.22	1097.53	1106.95	1112.82	1131.77	1057.96	1164.53	1177.26	1076.18	1190.13	1144.89	1052.19	1071.79	991.938	1078.46	1120.2 	1014.64
1101.27	1204.91	1106.94	1135.83	1097.53	1106.95	1112.82	1131.77	1057.07	1164.53	1176.91	1075.47	1190.13	1144.13	1052.19	1071.77	991.853	1078.46	1119.66	1014.64
1101.03	1204.91	1106.69	1135.83	1096.86	1103.9 	1112.82	1130.29	1054.4 	1165.33	1176.91	1075.47	1190.13	1141.57	1052.19	1071.41	991.673	1078.22	1119.66	1014.64
1100.75	1204.91	1106.69	1135.84	1096.77	1103.9 	1112.82	1130.29	1051.6 	1165.33	1176.91	1075.47	1190.13	1140.94	1052.19	1071.13	991.673	1078.22	1119.71	1013.08
1098.5 	1198.55	1105.33	1135.84	1096.77	1102.24	1112.73	1130.29	1051.6 	1164.82	1176.73	1075.47	1190.02	1141.57	1052.19	1071.13	991.673	1078.22	1119.43	1013.08
1098.21	1198.55	1105.33	1133.74	1096.15	1101.87	1112.73	1128.68	1049.31	1164.48	1176.42	1075.43	1190.02	1141.18	1052.19	1071.13	991.387	1078.22	1119.43	1013.08
1097.06	1198.55	1104.18	1132.69	1096.15	1099.79	1112.61	1128.68	1049.31	1164.45	1176.27	1075.1 	1190.02	1139.48	1052.19	1071.13	991.169	1077.84	1119.43	1011.77
1097.06	1198.55	1102.72	1132.69	1096.15	1099.79	1112.61	1128.68	1048.45	1164.45	1176.27	1075.1 	1190.02	1139.48	1051.82	1071.07	991.169	1078.06	1119.43	1010.72
1093.24	1197.93	1102.72	1129.52	1095.71	1099.79	1112.61	1128.33	1047.61	1163.53	1176.21	1075.1 	1190.02	1131.21	1052.16	1071.07	991.169	1077.92	1118.99	1009.88
1093.24	1197.65	1102.72	1129.52	1095.71	1099.78	1112.51	1128   	1047.13	1163.53	1176.27	1075.1 	1190.02	1132.24	1052.16	1071.04	990.019	1077.85	1118.99	1009.88
1089.55	1196.24	1100.64	1127.72	1095.71	1099.17	1112.51	1128   	1046.43	1163.5 	1176.11	1074.2 	1190.02	1131.16	1050.74	1070.81	989.81 	1074.37	1118.99	1009.7 
1089.55	1196.24	1100.64	1127.72	1095.71	1099.17	1112.51	1127.81	1046.43	1163.05	1176.11	1074.2 	1187.95	1124.17	1050.74	1070.81	989.631	1074.37	1118.99	1009.7 
1088.26	1196.24	1097.99	1127.72	1096.15	1099.17	1112.49	1127.65	1044.46	1163.05	1176.11	1074.19	1187.95	1117.56	1050.74	1070.58	989.631	1074.37	1118.96	1009.4 
1084.15	1190.05	1097.99	1127.72	1096.15	1098.7 	1112.26	1125.01	1044.46	1163.05	1175.33	1074.18	1187.95	1112.31	1050.52	1070.58	989.376	1074.37	1118.39	1009.53
1084.15	1190.05	1097.99	1126.95	1096.15	1097.07	1112.26	1125.01	1044.19	1163.05	1174.9 	1072.88	1187.87	1112.31	1050.52	1070.35	989.376	1073.24	1118.37	1009.53
1082.58	1190.05	1097.99	1126.69	1095.48	1097.07	1112.26	1125.01	1044.19	1163.05	1174.9 	1072.88	1187.87	1112.15	1048.47	1070.34	989.16 	1073.24	1118.37	1009.21
1082.55	1189.39	1094.85	1126.69	1095.48	1097.07	1112.26	1125.01	1042.96	1162.88	1174.9 	1071.63	1187.87	1109.69	1048.47	1070.34	989.088	1073.19	1118.37	1008.54
1082.27	1189.39	1094.85	1126.69	1095.48	1097.07	1111.93	1125.01	1042.96	1162.49	1174.62	1071.28	1187.87	1108.55	1046.56	1070.24	988.607	1073.19	1118.34	1008.54
1082.27	1189.39	1094.76	1126.69	1095.48	1097.07	1111.93	1124.98	1042.96	1162.49	1174.62	1070.42	1187.87	1104.45	1046.56	1070.06	988.607	1073.19	1118.34	1008.54
1082.26	1189.39	1094.76	1126.69	1095.38	1097.07	1111.93	1123.84	1040.74	1162.3 	1173.76	1069.73	1187.87	1104.45	1046.56	1069.79	988.607	1072.95	1117.38	1008.54
1081.75	1188.04	1094.76	1125.99	1094.04	1096.95	1111.68	1123.84	1039.77	1162.3 	1173.76	1069.73	1187.87	1104.45	1046.56	1069.72	988.607	1070.42	1118.28	1007.93
1081.15	1188.04	1094.76	1125.99	1094.04	1096.21	1111.68	1123.84	1039.77	1162.3 	1173.65	1068.54	1187.8 	1104.01	1046   	1069.66	988.591	1070.42	1118.28	1007.66
1081.15	1188.04	1093.24	1125.82	1094.04	1095.89	1111.68	1123.71	1039.77	1162.06	1173.65	1068.4 	1187.8 	1104   	1046   	1069.66	988.297	1070.42	1117.75	1006.62
1080.22	1188.04	1092.57	1125.99	1094.04	1095.89	1111.68	1123.71	1039.77	1162.25	1173.65	1068.23	1187.8 	1103.37	1045.61	1069.6 	988.084	1069.41	1117.75	1006.62
1080.22	1187.56	1092.57	1125.99	1094.04	1095.89	1111.68	1121.47	1039.77	1162.23	1173.24	1068.23	1187.8 	1102.11	1043.59	1068.56	987.529	1069.41	1115.31	1006.27
1080.22	1187.56	1091.26	1125.32	1094.04	1095.89	1111.68	1120.91	1039.77	1161.49	1172.77	1067.96	1187.8 	1102.11	1041.23	1068.56	984.584	1069.41	1117.5 	1006.27
1080   	1184.07	1089.75	1125.32	1093.71	1095.34	1111.68	1119.56	1037.99	1161.49	1172.77	1067.19	1187.8 	1102.11	1041.23	1068.56	984.584	1069.19	1116.69	1006.27
1078.43	1184.07	1091.26	1125.32	1091.2 	1095.34	1111.68	1119.56	1037.99	1161.28	1172.77	1067.5 	1187.8 	1102.11	1041.23	1068.32	984.584	1069.13	1116.69	1006.27
1078.43	1183.82	1085.91	1125.28	1091.2 	1095.34	1111.68	1119.44	1037.99	1160.94	1172.12	1067.17	1187.8 	1099.12	1034.73	1068.15	984.584	1066.9 	1116.21	1005.93
1077.96	1183.82	1085.91	1125.28	1091.2 	1095.31	1111.68	1119.56	1037.99	1160.83	1172.12	1067.17	1187.78	1099.12	1034.73	1067.51	984.278	1066.9 	1113.61	1005.93
1077.62	1182.83	1085.91	1125.29	1091.2 	1095.31	1111.2 	1119.13	1034.38	1160.83	1171.99	1067.17	1187.78	1099.12	1032.75	1067.84	983.834	1066.9 	1113.19	1005.71
1077.21	1182.83	1084.66	1125.2 	1091.2 	1095.22	1111.2 	1119.13	1034.38	1160.63	1171.99	1066.94	1187.78	1097.4 	1032.75	1067.8 	983.834	1066.77	1112.73	1005.68
1076.69	1181.53	1084.66	1124.01	1091.2 	1095.22	1111.2 	1119.13	1032.64	1160.63	1171.8 	1065.55	1187.78	1097.4 	1032.13	1067.75	983.834	1066.67	1112.16	1005.68
1076.69	1181.53	1080.26	1124.01	1088.2 	1095.22	1111.2 	1119.13	1032.57	1160.63	1171.8 	1065.55	1187.59	1096.9 	1032.01	1067.61	983.676	1066.26	1112.16	1005.55
1076.52	1180.8 	1080.26	1123.74	1088.2 	1094.36	1111.2 	1119.12	1032.57	1160.63	1171.8 	1065.54	1187.59	1094.38	1032.01	1067.61	982.833	1066.26	1111.82	1005.31
1076.39	1180.8 	1079.69	1123.04	1088.2 	1094.36	1111.19	1119.1 	1032.03	1160.63	1171.67	1065.54	1187.56	1094.38	1029.19	1067.61	982.833	1066.26	1111.54	1005.18
1075.72	1172.77	1078.66	1123.04	1088.2 	1094.36	1111.11	1118.98	1032.03	1160.63	1171.67	1065.47	1187.56	1092.21	1029.19	1066.54	982.833	1066.12	1110.98	1005.18
1075.26	1172.77	1078.56	1123.04	1088.2 	1094.36	1111.11	1118.98	1031.29	1160.45	1171.63	1065.26	1187.56	1092.21	1029.19	1066.54	982.833	1065.09	1110.98	1005.18
1075.26	1172.77	1075.14	1123.04	1088.2 	1094.36	1110.97	1118.83	1031.29	1160.45	1171.46	1065.12	1187.56	1092.21	1029.8 	1066.54	982.833	1065.09	1110.34	1003.55
1075.26	1172.43	1075.14	1123.04	1088.07	1094.19	1110.97	1118.8 	1031.27	1160.43	1171.46	1065.01	1187.56	1088.53	1028.43	1066.5 	982.646	1065.09	1110.34	1003.55
1075.26	1172.43	1075.14	1123.04	1088.07	1093.93	1110.95	1118.73	1031   	1160.37	1171.46	1064.78	1187.56	1088.53	1027.8 	1066.21	982.455	1065.09	1110.34	1003.55
1074.88	1172.43	1072.29	1123.04	1088.07	1093.92	1110.95	1118.51	1031   	1160.02	1171.46	1064.68	1187.56	1088.07	1027.8 	1066.21	982.376	1065.09	1110.34	1003.55
1074.88	1172.43	1072.29	1123.04	1088.07	1093.41	1110.89	1118.34	1029.44	1160.02	1170.27	1064.66	1187.54	1088.07	1027.16	1066.21	982.016	1064.9 	1110.17	1003.55
1074.37	1172.43	1072.29	1122.84	1087.67	1093.92	1110.89	1117.94	1029.44	1160.02	1170.27	1064.48	1187.54	1088.07	1026.78	1065.73	981.94 	1064.27	1110.17	1003.41
1074.37	1171.21	1072.29	1122.84	1087.67	1093.82	1110.89	1117.94	1029.44	1160.02	1170.27	1064.28	1187.54	1088.07	1026.78	1065.73	981.94 	1064.27	1110.17	1003.41
1073.15	1171.36	1072.29	1122.5 	1087.67	1093.8 	1110.89	1117.94	1029.44	1158.91	1170.27	1064.28	1185.65	1086   	1026.46	1065.57	981.482	1064.27	1110   	1003.41
1073.15	1171.36	1069.84	1119.48	1087.67	1093.8 	1110.89	1117.15	1029.44	1158.91	1170.27	1064.21	1185.65	1086   	1025.81	1065.57	981.866	1064.01	1110   	1003.41
1071.93	1171.18	1069.69	1122.47	1087.67	1093.8 	1110.89	1117.15	1028.81	1158.91	1170.27	1063.77	1185.65	1084.5 	1025.81	1065.26	981.723	1064.01	1109.96	1002.77
1071.93	1169.13	1069.69	1122.28	1087.67	1093.59	1110.89	1117.15	1027.42	1158.91	1170   	1063.77	1185.65	1084.5 	1024.95	1065.25	981.601	1062.78	1109.96	1002.77
1071.38	1169.13	1069.47	1122.28	1087.67	1093.59	1110.89	1116.81	1028.33	1158.91	1170   	1063.77	1185.6 	1084.5 	1025.32	1064.72	980.612	1062.67	1109.92	1002.77
1071.38	1169.13	1069.35	1122.21	1087.64	1093.59	1110.89	1116.66	1027.72	1156.92	1169.84	1063.65	1185.6 	1084.5 	1023.84	1064.72	980.612	1062.24	1109.92	1002.77
1070.96	1168.29	1066.97	1122.21	1087.64	1091.07	1110.89	1116.66	1027.72	1156.92	1169.84	1063.55	1185.6 	1081.66	1023.84	1064.76	980.612	1062.24	1109.84	1002.73
1070.43	1166.55	1066.97	1122.25	1087.64	1091.07	1110.89	1115.62	1027.72	1156.92	1169.84	1063.5 	1185.58	1081.66	1023.84	1064.76	980.612	1062.24	1109.84	1002.73
1069.84	1166.55	1066.97	1120.07	1087.36	1091.07	1110.78	1115.62	1027.72	1156.92	1169.5 	1063.23	1185.58	1081.66	1021.09	1064.21	978.623	1062.1 	1109.51	1002   
1069.84	1166.55	1066.6 	1120.07	1087.36	1091.07	1110.78	1115.6 	1027.69	1156.92	1169.11	1061.67	1185.58	1080.71	1021.09	1064.21	978.623	1062.09	1109.8 	1002   
1069.31	1166.55	1064.05	1120.07	1087.38	1091.07	1110.78	1115.6 	1027.44	1156.45	1169.11	1061.64	1185.58	1078.45	1021.09	1064.21	978.623	1061.87	1109.77	1002   
1068.61	1166.55	1064.05	1120.07	1087.38	1091.02	1110.78	1115.51	1027.15	1156.45	1169.11	1061.56	1185.58	1078.45	1018.39	1063.93	978.294	1061.61	1109.62	1002   
1068.61	1166.55	1064.05	1120.06	1087.38	1091.02	1110.65	1115.51	1026.47	1156.45	1169.11	1061.37	1185.57	1078.45	1018.39	1063.5 	977.588	1060.47	1109.62	1000.92
