   	      	                      fitness                      	              size             
   	      	---------------------------------------------------	-------------------------------
gen	nevals	avg        	max        	min    	std        	avg    	max	min	std    
0  	1000  	5.22435e+85	5.22435e+88	27270.3	1.65126e+87	13.096 	100	3  	14.3123
1  	924   	2.46185e+37	2.46185e+40	35901.5	7.78116e+38	11.745 	99 	2  	11.5692
2  	927   	3.01288e+31	3.01288e+34	31425.5	9.52279e+32	13.301 	98 	2  	11.2806
3  	925   	9.47536e+24	8.65713e+27	34743.5	2.74452e+26	14.921 	73 	2  	11.5112
4  	925   	3.56999e+33	3.56999e+36	27270.3	1.12837e+35	16.791 	68 	2  	11.8145
5  	908   	2.66977e+24	6.67443e+26	21326.2	4.21283e+25	19.226 	62 	2  	12.0545
6  	909   	9.03761e+26	8.92061e+29	21336.7	2.81963e+28	21.047 	68 	2  	12.1055
7  	896   	7.81664e+24	3.22757e+27	21322.2	1.1532e+26 	21.721 	69 	2  	12.0421
8  	932   	7.73515e+24	3.27769e+27	21326.2	1.1505e+26 	25.078 	76 	3  	13.6888
9  	913   	5.21383e+40	4.51312e+43	21336.7	1.44333e+42	30.365 	97 	2  	17.3677
10 	905   	7.06812e+46	7.06812e+49	21326.2	2.23402e+48	37.677 	127	3  	19.2668
11 	918   	2.70883e+25	8.65533e+27	15855.2	4.73911e+26	42.194 	145	3  	19.7932
12 	890   	4.09191e+24	3.39641e+27	15855.2	1.09383e+26	40.486 	137	3  	20.7986
13 	925   	1.59689e+23	1.59252e+26	15855.2	5.03347e+24	36.412 	146	7  	19.2688
14 	928   	1.90702e+17	7.35479e+19	14867.1	3.38629e+18	34.115 	106	5  	17.4707
15 	898   	8.10014e+24	7.05586e+27	14867.1	2.25411e+26	34.224 	112	3  	17.5672
16 	931   	3.356e+24  	2.14796e+27	14867  	7.78577e+25	34.957 	135	4  	18.1086
17 	919   	7.24948e+41	7.24948e+44	14675  	2.29134e+43	36.634 	137	3  	16.6839
18 	924   	6.5833e+24 	4.35772e+27	14675  	1.53518e+26	38.64  	122	4  	15.8091
19 	913   	1.28754e+23	1.28754e+26	14487.6	4.06952e+24	41.016 	97 	8  	15.6634
20 	901   	1.97289e+25	8.70799e+27	14487.6	3.68999e+26	44.146 	97 	3  	16.4564
21 	878   	3.39817e+15	3.04909e+18	14487.6	9.66178e+16	48.6   	120	5  	18.2311
22 	926   	5.54471e+24	5.54383e+27	14290.7	1.75224e+26	52.744 	125	9  	20.637 
23 	916   	8.72333e+20	8.71576e+23	14290.7	2.75478e+22	57.541 	129	9  	20.6755
24 	878   	1.25069e+18	1.22378e+21	14290.4	3.86852e+19	60.61  	133	9  	21.1744
25 	908   	5.09717e+22	5.09717e+25	14290.2	1.61106e+24	62.488 	151	9  	21.0438
26 	930   	8.26817e+17	7.5727e+20 	13760.6	2.40334e+19	66.12  	152	10 	22.2168
27 	930   	1.13858e+20	1.13098e+23	13760.6	3.57474e+21	65.309 	162	10 	22.5757
28 	894   	4.05642e+18	4.05616e+21	13112.4	1.28203e+20	62.952 	162	4  	22.8298
29 	907   	5.5587e+24 	5.50521e+27	13112.4	1.74009e+26	62.746 	156	9  	21.2357
30 	945   	8.45405e+20	8.45171e+23	13105.1	2.67133e+22	65.433 	146	9  	21.1258
31 	908   	9.28215e+10	2.67325e+13	13064.6	1.31907e+12	70.379 	162	8  	22.8228
32 	911   	9.9534e+24 	9.9534e+27 	13064.6	3.14597e+26	75.339 	178	10 	23.6841
33 	913   	9.12886e+24	8.58872e+27	13064.6	2.71982e+26	76.569 	163	13 	23.9269
34 	898   	9.14875e+24	8.86705e+27	13064.2	2.80389e+26	78.467 	177	10 	23.5138
35 	926   	8.5461e+24 	8.5461e+27 	12403  	2.70116e+26	78.828 	170	12 	21.7451
36 	907   	4.92027e+21	4.9197e+24 	12390  	1.55497e+23	77.294 	143	9  	21.4469
37 	904   	2.95835e+24	2.95835e+27	11859.2	9.35044e+25	78.549 	144	10 	20.902 
38 	885   	5.68664e+15	4.96682e+18	11831.1	1.57629e+17	77.771 	151	13 	20.7953
39 	929   	6.67911e+19	6.67911e+22	11831.1	2.11106e+21	78.873 	164	15 	20.8098
40 	908   	3.56646e+21	3.56593e+24	11605  	1.12708e+23	80.014 	164	15 	21.7293
41 	908   	1.1931e+17 	9.3641e+19 	11605  	3.01313e+18	83.031 	164	16 	22.7407
42 	901   	1.23202e+23	1.23202e+26	11454  	3.89403e+24	84.84  	190	16 	22.4629
43 	902   	2.82811e+15	2.80304e+18	11376.6	8.85978e+16	86.143 	190	11 	23.411 
44 	906   	7.37966e+22	7.02306e+25	11440.8	2.22252e+24	86.233 	174	14 	24.7915
45 	923   	1.77081e+20	1.77077e+23	11440.8	5.59686e+21	89.652 	189	6  	22.7273
46 	909   	3.10294e+12	3.96745e+14	11420.3	2.98774e+13	92.057 	169	15 	22.3472
47 	888   	1.68139e+15	1.53565e+18	11432.7	4.85892e+16	95.136 	180	17 	18.9071
48 	909   	4.37038e+35	4.37038e+38	11306.7	1.38135e+37	94.517 	172	14 	20.5148
49 	911   	2.01291e+32	2.01291e+35	11203.2	6.36219e+33	95.536 	187	14 	20.9658
50 	896   	1.30043e+23	1.26652e+26	11203.2	4.0044e+24 	97.767 	174	15 	20.1737
51 	916   	2.18961e+25	1.58424e+28	11196.8	5.32183e+26	99.253 	189	17 	20.8161
52 	907   	1.41106e+23	1.41105e+26	11196.8	4.45991e+24	100.678	184	20 	21.8011
53 	937   	3.17053e+25	2.87696e+28	10901.5	9.1395e+26 	101.148	193	15 	24.8167
54 	925   	8.84288e+23	8.84288e+26	10901.5	2.79497e+25	104.379	184	18 	22.5449
55 	911   	6.86996e+24	6.86996e+27	10856.4	2.17139e+26	106.751	195	19 	24.5788
56 	913   	4.39984e+16	4.39486e+19	10698.7	1.38908e+18	112.831	184	19 	26.4138
57 	904   	1.23164e+17	1.14886e+20	10674.8	3.63745e+18	120.157	190	19 	26.0574
58 	908   	7.21853e+20	7.2185e+23 	10696.7	2.28155e+22	129.231	228	18 	28.0757
59 	929   	3.59442e+16	2.58334e+19	10696  	8.7588e+17 	135.934	219	20 	28.983 
60 	926   	5.22299e+25	5.22299e+28	10695.9	1.65083e+27	143.794	212	19 	27.5623
61 	899   	1.48447e+24	1.09735e+27	10293.7	3.66736e+25	149.697	260	16 	28.8051
62 	927   	5.51533e+23	5.51533e+26	10293.7	1.74323e+25	154.974	235	31 	26.8881
63 	906   	6.33737e+22	6.33736e+25	10274.6	2.00305e+24	156.743	228	36 	26.6206
64 	889   	1.3208e+21 	1.3208e+24 	9948.94	4.17466e+22	154.468	277	33 	27.6394
65 	883   	7.73801e+24	7.73801e+27	9948.66	2.44575e+26	155.805	257	24 	22.8074
66 	913   	1.30505e+17	1.30452e+20	9948.66	4.12319e+18	155.754	247	34 	23.5504
67 	910   	1.10839e+17	1.10809e+20	9940.01	3.50234e+18	157.311	229	35 	25.2491
68 	911   	1.25777e+23	1.22003e+26	9817.27	3.85787e+24	164.067	276	43 	28.4445
69 	924   	2.04572e+23	1.18025e+26	9777.08	4.62369e+24	175.868	278	58 	32.0642
70 	888   	1.00658e+24	7.06277e+26	9777.08	2.42486e+25	188.144	288	63 	33.1178
71 	905   	2.31251e+23	2.3125e+26 	9777.08	7.30911e+24	197.158	293	59 	32.3629
72 	906   	3.97434e+23	2.75735e+26	9777.08	9.52274e+24	198.972	295	59 	33.064 
73 	888   	2.72982e+14	2.06172e+17	9776.24	6.71953e+15	200.32 	307	62 	32.036 
74 	920   	3.8251e+14 	2.06172e+17	9129.05	7.92563e+15	203.054	288	61 	33.0551
75 	886   	1.22495e+23	1.21812e+26	9129.05	3.85015e+24	205.044	346	60 	34.4469
76 	935   	1.27753e+21	1.27725e+24	9128.23	4.037e+22  	204.654	305	59 	33.2022
77 	906   	9.24238e+22	8.27898e+25	9128.23	2.63409e+24	200.849	288	59 	34.6509
78 	904   	6.62215e+23	2.76376e+26	9124.34	1.22693e+25	199.012	289	61 	34.2781
79 	903   	1.35596e+25	1.34493e+28	9075.35	4.25102e+26	199.361	303	54 	33.0895
80 	917   	5.35073e+23	5.35073e+26	8945.92	1.6912e+25 	199.893	272	63 	34.7722
81 	932   	1.83714e+16	1.82077e+19	8945.08	5.75506e+17	209.162	283	61 	32.668 
82 	911   	2.48287e+21	2.48286e+24	8700.13	7.84757e+22	217.95 	331	61 	28.228 
83 	929   	1.15142e+17	1.13364e+20	8700.03	3.58335e+18	221.863	273	67 	24.2398
84 	904   	2.29511e+16	2.05378e+19	8700.03	6.51199e+17	224.775	345	67 	24.3737
85 	911   	1.33346e+25	1.32216e+28	8346.61	4.17907e+26	223.87 	287	68 	24.9402
86 	912   	8.35968e+22	8.35968e+25	8423.99	2.64224e+24	223.446	293	66 	23.5731
87 	895   	1.25257e+20	1.25257e+23	8377.94	3.95898e+21	222.303	339	67 	26.4132
88 	923   	5.38559e+20	5.38558e+23	8377.23	1.70222e+22	222.473	305	66 	22.8944
89 	900   	1.03412e+14	7.12849e+16	8372.14	2.44439e+15	219.857	298	68 	25.3386
90 	901   	1.5531e+17 	1.29313e+20	8371.21	4.16073e+18	220.255	284	67 	23.8637
91 	898   	3.47496e+23	2.61929e+26	8222.65	8.70677e+24	220.232	308	66 	26.581 
92 	906   	2.79691e+23	2.79691e+26	8222.65	8.8402e+24 	220.528	316	71 	27.5365
93 	897   	2.71954e+16	2.46725e+19	8221.63	7.81213e+17	224.368	323	71 	25.5803
94 	913   	9.30268e+20	5.67765e+23	8221.32	2.12814e+22	226.428	360	67 	24.2822
95 	924   	8.98903e+22	8.59746e+25	8221.32	2.72009e+24	225.709	288	58 	26.9639
96 	904   	2.31868e+23	2.28103e+26	8221.31	7.21052e+24	225.511	385	65 	26.3629
97 	899   	1.34972e+17	1.33805e+20	8178.48	4.22928e+18	222.399	301	67 	28.0136
98 	914   	7.66513e+15	6.07453e+18	8177.5 	1.98096e+17	223.611	301	70 	27.4148
99 	927   	5.92911e+24	5.64129e+27	8176.51	1.78527e+26	221.28 	288	67 	28.8608
100	897   	2.21503e+25	1.50036e+28	8134.18	5.25065e+26	217.328	307	61 	28.9228
101	909   	2.27738e+23	2.27738e+26	8134.18	7.19812e+24	214.255	290	70 	27.578 
102	906   	3.1467e+23 	3.04655e+26	8070.63	9.63409e+24	210.688	284	70 	28.0493
103	899   	7.15159e+24	7.14754e+27	8070.63	2.25912e+26	208.914	295	70 	26.3269
104	928   	2.39533e+24	2.38511e+27	8070.63	7.53866e+25	209.548	274	71 	24.8816
105	894   	1.25338e+17	1.04055e+20	8075.37	3.3563e+18 	208.668	277	67 	24.6776
106	904   	1.346e+23  	1.33453e+26	8026.19	4.21815e+24	208.512	274	66 	25.6589
107	912   	3.0263e+21 	3.0263e+24 	8026.19	9.56521e+22	209.553	333	67 	25.7818
108	908   	3.89418e+23	3.89418e+26	7879.66	1.23083e+25	211.838	285	67 	26.1634
109	920   	2.48641e+15	1.24262e+18	7879.66	5.55161e+16	216.053	286	67 	25.0234
110	899   	2.05069e+23	1.11187e+26	7879.84	4.52032e+24	217.296	330	64 	28.291 
111	916   	1.62152e+25	1.62152e+28	7879.84	5.12512e+26	220.863	280	67 	23.2615
112	920   	5.58871e+24	4.88157e+27	7879.84	1.5588e+26 	221.889	280	66 	24.0066
113	907   	8.37969e+23	7.07133e+26	7879.84	2.27256e+25	222.072	271	67 	24.2507
114	907   	5.51102e+24	4.7721e+27 	7872.88	1.51709e+26	218.845	296	64 	27.622 
115	916   	6.51794e+23	3.69458e+26	7803.55	1.45919e+25	216.805	284	63 	27.6917
116	904   	7.06124e+23	7.06124e+26	7803.55	2.23184e+25	213.683	321	70 	29.622 
117	907   	1.08966e+21	1.08966e+24	7804.3 	3.44408e+22	212.922	288	70 	27.6013
118	920   	4.21426e+16	2.12824e+19	7804.3 	9.41439e+17	211.962	296	67 	27.0252
119	919   	6.70628e+24	6.70628e+27	7674.92	2.11965e+26	212.281	326	69 	26.6645
120	896   	2.90226e+23	2.90226e+26	7674.92	9.17315e+24	212.56 	305	71 	25.9115
121	929   	1.19571e+17	1.10912e+20	7673.8 	3.51455e+18	213.8  	305	71 	26.7056
122	885   	1.34797e+17	1.33297e+20	7595.07	4.21325e+18	215.455	301	70 	26.2715
123	897   	7.9044e+22 	7.9044e+25 	7594.77	2.49834e+24	215.524	304	71 	27.8948
124	898   	1.28625e+25	6.6529e+27 	7594.77	2.87489e+26	218.443	311	71 	25.3832
125	899   	5.56696e+25	5.55309e+28	7626.98	1.75516e+27	220.673	302	59 	28.7202
126	913   	9.58707e+22	9.01303e+25	7627.25	2.85434e+24	224.643	311	70 	27.3158
127	882   	2.04612e+23	2.04612e+26	7607.64	6.46715e+24	227.926	319	71 	26.7565
128	913   	4.34007e+23	2.1811e+26 	7627.87	9.69511e+24	230.915	336	70 	29.1185
129	913   	9.17344e+24	9.15163e+27	7627.87	2.89255e+26	236.012	322	76 	31.0493
130	914   	5.08279e+14	2.71124e+17	7442.73	1.07962e+16	237.537	324	75 	32.5581
131	909   	1.39574e+17	1.26402e+20	7442.73	4.01435e+18	236.819	333	75 	30.5198
132	908   	1.3536e+14 	7.05285e+16	7369.1 	2.52095e+15	233.745	306	67 	27.9677
133	907   	8.55136e+24	7.95689e+27	7369.1 	2.52175e+26	232.209	332	72 	26.305 
134	911   	6.91379e+23	6.91379e+26	7369.1 	2.18524e+25	229.412	309	75 	28.1842
135	891   	1.49405e+25	1.49405e+28	7376.28	4.72222e+26	228.674	311	75 	26.9365
136	910   	2.34002e+11	1.36533e+14	7376.21	4.89401e+12	226.825	329	72 	27.4958
137	906   	7.91708e+24	7.64195e+27	7376.21	2.41686e+26	224.771	328	65 	29.8241
138	923   	1.0983e+14 	5.06079e+16	7376.21	2.06439e+15	227.635	299	73 	26.3463
139	909   	1.20279e+24	7.13093e+26	7376.21	2.73288e+25	227.53 	294	74 	25.9909
140	926   	4.29725e+16	3.07203e+19	7376.2 	1.04497e+18	230.632	295	74 	24.0999
141	909   	1.95586e+15	1.90232e+18	7316.81	6.01467e+16	230.73 	373	72 	25.0743
142	901   	7.89674e+14	7.06161e+17	7316.81	2.24165e+16	231.932	402	71 	22.9417
143	901   	1.51412e+23	1.35783e+26	7316.07	4.31252e+24	231.142	307	72 	25.5575
144	915   	6.29039e+23	3.60194e+26	7316.07	1.41056e+25	231.884	319	74 	26.7589
145	933   	3.60194e+23	3.60194e+26	7292.8 	1.13846e+25	232.171	306	68 	26.1214
146	924   	7.7794e+35 	7.7794e+38 	7222.95	2.45883e+37	234.425	307	75 	23.9903
147	905   	6.04958e+24	6.04455e+27	7222.95	1.9105e+26 	235.319	361	73 	29.1851
148	904   	3.98552e+37	3.98552e+40	7222.95	1.2597e+39 	236.026	310	72 	29.6063
149	905   	5.84039e+24	5.83481e+27	7222.95	1.84421e+26	238.514	313	73 	24.1796
150	919   	1.04297e+23	1.00316e+26	7220.9 	3.17306e+24	238.221	322	72 	24.723 
151	902   	8.61026e+24	8.61026e+27	7079.63	2.72144e+26	239.012	300	71 	21.8084
152	913   	6.91193e+17	6.81033e+20	7078.49	2.15269e+19	237.935	312	72 	24.7001
153	877   	6.21855e+16	3.15187e+19	7078.49	1.22196e+18	240.026	358	72 	22.4458
154	899   	3.73988e+23	3.73963e+26	7078.49	1.18198e+25	239.344	400	72 	24.3855
155	903   	1.53536e+24	1.15744e+27	6998.59	3.84307e+25	239.96 	317	72 	21.1984
156	908   	1.08673e+16	1.08653e+19	6959.35	3.43418e+17	238.096	300	71 	25.1112
157	887   	1.30769e+23	1.23829e+26	6922.39	3.91888e+24	238.044	300	67 	23.2084
158	909   	3.22347e+24	2.79485e+27	6922.39	8.93562e+25	237.423	315	71 	26.2647
159	928   	1.27574e+23	1.27574e+26	6922.39	4.03223e+24	238.749	305	71 	26.0231
160	910   	7.94222e+21	3.97508e+24	6922.39	1.77416e+23	240.924	321	72 	24.3403
161	918   	1.14771e+24	1.14771e+27	6922.39	3.62756e+25	242.187	309	71 	25.5261
162	920   	4.71325e+23	3.67372e+26	6922.68	1.20643e+25	243.104	324	71 	27.8832
163	914   	9.01331e+22	9.01331e+25	6756.03	2.84883e+24	246.134	305	71 	23.8173
164	896   	1.75903e+25	1.72882e+28	6756.03	5.46498e+26	247.571	311	71 	24.995 
165	929   	1.26346e+21	1.26346e+24	6709.22	3.99341e+22	247.676	366	71 	28.1232
166	910   	1.45637e+17	1.356e+20  	6708.97	4.29414e+18	248.106	319	71 	26.1207
167	909   	5.2286e+23 	5.18895e+26	6708.97	1.6401e+25 	247.362	325	71 	29.2352
168	900   	9.64462e+13	9.01373e+16	6708.97	2.8524e+15 	245.676	322	72 	30.7568
169	932   	1.10911e+17	1.10911e+20	6708.87	3.50557e+18	244.057	325	71 	30.5465
170	920   	7.93426e+21	3.96713e+24	6592.7 	1.77238e+23	242.539	366	67 	29.2757
171	911   	3.96724e+21	3.96713e+24	6592.7 	1.25389e+23	241.324	308	71 	27.9694
172	905   	1.06747e+23	1.06747e+26	6533.44	3.37395e+24	242.831	393	68 	30.6201
173	922   	9.00087e+15	8.77993e+18	6533.44	2.77586e+17	245.422	292	67 	29.3662
174	901   	5.34231e+15	4.72046e+18	6533.44	1.50395e+17	247.724	314	67 	26.5955
175	921   	1.45448e+17	1.45447e+20	6533.44	4.59715e+18	249.21 	347	68 	25.4966
176	930   	1.56052e+22	1.56015e+25	6533.44	4.93115e+23	248.683	331	67 	29.7157
177	922   	2.55545e+24	2.55545e+27	6476.16	8.077e+25  	251.505	374	69 	23.4956
178	876   	8.45819e+15	7.22412e+18	6476.16	2.29611e+17	251.925	344	67 	24.7029
179	908   	1.93377e+23	1.76471e+26	6327.2 	5.60272e+24	251.358	336	68 	25.2692
180	895   	2.23569e+21	2.23569e+24	6327.2 	7.06634e+22	251.471	308	67 	24.7682
181	925   	2.67242e+23	2.67242e+26	6327.1 	8.44672e+24	251.808	314	67 	26.0034
182	900   	4.59404e+22	4.34808e+25	6324.46	1.37641e+24	249.644	335	65 	27.7878
183	928   	8.56771e+36	8.56771e+39	6324.46	2.70799e+38	250.921	336	66 	25.385 
184	890   	8.06279e+23	8.06279e+26	6293.02	2.5484e+25 	249.997	320	66 	25.1617
185	868   	4.63024e+23	4.63024e+26	6293.01	1.46348e+25	248.58 	338	67 	27.5898
186	919   	8.33606e+13	8.33605e+16	6248.99	2.63477e+15	248.988	317	66 	27.688 
187	891   	1.54422e+21	1.54418e+24	6248.96	4.88067e+22	249.139	317	64 	27.4051
188	915   	1.94169e+23	1.94169e+26	6184.02	6.13709e+24	250.087	319	65 	23.6799
189	885   	5.86103e+21	2.93051e+24	6184.02	1.30925e+23	249.348	315	65 	24.8928
190	901   	5.65035e+23	5.06391e+26	6165.96	1.61106e+25	250.529	376	66 	24.6784
191	915   	2.88601e+21	2.88601e+24	6165.06	9.12179e+22	248.894	307	65 	29.1003
192	911   	3.42592e+23	3.42592e+26	6157.53	1.08283e+25	250.208	307	62 	29.2259
193	911   	1.04e+25   	7.65531e+27	6165.38	2.52387e+26	251.015	323	65 	27.1805
194	879   	7.60288e+15	7.28744e+18	6165.38	2.30539e+17	253.049	322	68 	23.055 
195	929   	7.57497e+23	4.11975e+26	6165.38	1.69271e+25	252.227	351	66 	26.7215
196	910   	2.41183e+24	2.41029e+27	6148.8 	7.61818e+25	253.109	298	66 	22.6779
197	928   	9.72872e+23	5.19392e+26	6106.05	2.16697e+25	252.981	452	65 	29.8143
198	923   	8.6472e+24 	8.58998e+27	6053.87	2.71507e+26	253.511	316	70 	25.9722
199	899   	4.06243e+24	4.06243e+27	6053.87	1.28401e+26	256.755	319	57 	23.7408
200	919   	5.2015e+23 	5.2015e+26 	6053.87	1.64404e+25	258.134	311	66 	24.3624
201	907   	1.01598e+16	1.01457e+19	6053.77	3.20675e+17	259.079	333	65 	25.7105
202	935   	4.85079e+22	4.85079e+25	6053.77	1.53319e+24	260.762	360	66 	26.9028
203	923   	2.93051e+21	2.93051e+24	5633.48	9.26245e+22	261.934	357	66 	26.2102
204	918   	8.83174e+15	7.28744e+18	5633.48	2.35341e+17	261.409	336	66 	33.9435
205	910   	3.84343e+23	3.42591e+26	6053.4 	1.09071e+25	265.791	346	73 	26.1742
206	907   	5.21427e+21	3.29582e+24	6053.4 	1.14747e+23	266.662	335	68 	25.1571
207	887   	5.33332e+23	4.70354e+26	6053.4 	1.49972e+25	266.095	379	69 	25.5597
208	916   	1.39689e+25	1.34984e+28	6039.84	4.26886e+26	266.132	350	69 	26.0006
209	906   	1.11415e+22	7.04932e+24	6022.67	2.57515e+23	264.795	336	67 	30.185 
210	904   	2.88611e+21	2.88611e+24	6022.67	9.12213e+22	266.183	327	73 	25.4326
211	910   	3.79963e+25	1.78546e+28	6009.8 	7.96599e+26	265.03 	342	70 	29.3159
212	905   	3.00209e+24	2.99623e+27	6009.8 	9.47017e+25	268.966	342	71 	22.8992
213	906   	4.8224e+12 	4.79004e+15	6009.8 	1.51401e+14	270.236	342	70 	24.6764
214	904   	1.64833e+16	1.29181e+19	6009.01	4.23456e+17	269.567	349	67 	27.9454
215	910   	2.39707e+07	1.85731e+10	6009.01	5.94589e+08	269.921	342	75 	27.8064
216	895   	5.42817e+07	3.74331e+10	5981.02	1.20142e+09	270.902	368	71 	29.76  
217	887   	4.32205e+10	3.50482e+13	5981.02	1.12224e+12	273.231	348	75 	24.94  
218	927   	1.03122e+23	1.03122e+26	5981.26	3.25937e+24	273.677	337	66 	30.7968
219	905   	2.84053e+23	2.78696e+26	5981.01	8.80961e+24	276.765	345	67 	31.2616
220	907   	1.51588e+24	1.51588e+27	5981.01	4.79124e+25	283.755	359	67 	27.25  
221	924   	1.03122e+23	1.03122e+26	5981.01	3.25937e+24	287.005	370	71 	31.8685
222	917   	7.82342e+12	7.8069e+15 	5981.01	2.46752e+14	290.369	356	66 	33.1699
223	900   	2.3768e+23 	2.36961e+26	5980.54	7.48963e+24	293.666	378	72 	33.2821
224	924   	2.00205e+24	2.00205e+27	5953.56	6.32788e+25	296.692	368	73 	31.9694
225	911   	3.37152e+23	3.35697e+26	5953.56	1.06104e+25	298.282	351	72 	27.1548
226	901   	5.05724e+12	5.01054e+15	5953.56	1.58373e+14	296.443	372	66 	28.9253
227	922   	7.50743e+24	7.50743e+27	5953.56	2.37287e+26	295.344	387	71 	29.9775
228	928   	1.06996e+21	1.06983e+24	5908.25	3.3814e+22 	291.447	358	69 	35.6817
229	904   	6.16576e+22	5.83667e+25	5953.56	1.84762e+24	290.346	472	66 	33.1637
230	904   	1.39938e+17	1.39906e+20	5945.87	4.42201e+18	288.481	346	69 	29.4638
231	922   	7.19319e+20	7.19317e+23	5945.47	2.27354e+22	288.038	366	74 	27.094 
232	895   	2.76313e+23	2.73755e+26	5945.47	8.65266e+24	289.904	434	81 	31.2456
233	918   	1.29529e+24	1.27016e+27	5915.04	4.01507e+25	291.725	389	66 	36.9301
234	922   	2.57125e+16	2.57046e+19	5929.2 	8.12445e+17	300.645	395	72 	35.4343
235	903   	1.46812e+23	7.97009e+25	5909.08	3.28776e+24	306.766	425	68 	37.3929
236	922   	1.9021e+13 	1.69062e+16	5909.08	5.38452e+14	314.845	397	67 	31.1474
237	884   	1.81828e+22	1.81828e+25	5870.67	5.74703e+23	315.85 	397	68 	40.5693
238	906   	1.25874e+23	1.25874e+26	5879.1 	3.97848e+24	319.512	395	78 	32.7495
239	901   	1.64988e+23	8.52867e+25	5879.1 	3.68766e+24	319.37 	387	66 	35.8274
240	916   	4.687e+23  	4.68048e+26	5879.1 	1.47936e+25	316.499	415	66 	38.3202
241	898   	2.79349e+23	2.7863e+26 	5879.1 	8.80665e+24	313.427	394	76 	40.0376
242	930   	6.69075e+13	5.69792e+16	5879.1 	1.81867e+15	311.578	429	72 	40.2762
243	911   	7.88537e+15	7.79448e+18	5879.1 	2.46373e+17	314.289	400	66 	40.6217
244	918   	3.13911e+22	3.13911e+25	5878.85	9.92177e+23	318.558	450	73 	43.8177
245	914   	1.50779e+15	1.50775e+18	5879.1 	4.76553e+16	327.18 	433	71 	42.1339
246	898   	2.93096e+21	2.93096e+24	5855.62	9.26387e+22	336.343	433	68 	39.8696
247	901   	5.90274e+22	5.83081e+25	5855.62	1.84306e+24	345.098	405	67 	38.3511
248	895   	1.11991e+23	5.69408e+25	5855.62	2.50204e+24	351.721	404	74 	31.6981
249	904   	5.82012e+21	5.82012e+24	5855.48	1.83956e+23	352.027	411	73 	35.3222
250	930   	1.07468e+21	1.07468e+24	5855.48	3.39673e+22	354.721	427	73 	32.9175
251	907   	1.24486e+21	1.24486e+24	5855.11	3.93464e+22	355.555	417	68 	30.9447
252	908   	5.82133e+21	5.82012e+24	5855.11	1.83956e+23	356.856	430	76 	30.2688
253	895   	2.89856e+24	2.84701e+27	5849.42	8.99984e+25	358.922	460	73 	31.1687
254	911   	5.71298e+23	4.33098e+26	5816.15	1.43275e+25	358.792	422	78 	30.6486
255	920   	1.29063e+21	1.1447e+24 	5816.15	3.64687e+22	360.291	456	70 	31.7115
256	905   	1.92989e+23	1.41626e+26	5806.67	4.76013e+24	359.517	529	71 	34.1508
257	927   	9.51465e+17	8.11628e+20	5806.49	2.60267e+19	361.431	422	74 	31.6818
258	913   	1.81694e+14	1.81692e+17	5758.27	5.74274e+15	363.056	449	78 	32.1806
259	903   	5.83208e+22	5.50578e+25	5739.57	1.74254e+24	366.328	462	73 	36.182 
260	903   	3.65756e+16	3.55586e+19	5739.57	1.12432e+18	369.203	441	74 	37.8437
261	910   	1.53644e+22	1.08345e+25	5739.57	3.71039e+23	373.067	467	74 	40.0238
262	903   	9.95915e+24	6.94881e+27	5739.57	2.3818e+26 	376.784	442	71 	32.34  
263	891   	9.53556e+28	9.53478e+31	5739.57	3.01366e+30	379.991	462	74 	31.5831
264	929   	1.17095e+21	1.17095e+24	5739.57	3.70103e+22	381.522	653	73 	30.2905
265	898   	1.48543e+21	1.48543e+24	5727.49	4.695e+22  	377.261	480	73 	36.8351
266	922   	4.09076e+18	4.09076e+21	5702.99	1.29297e+20	369.111	452	73 	43.8263
267	899   	1.93958e+24	1.93958e+27	5702.99	6.13042e+25	363.458	561	73 	39.6648
268	899   	2.08109e+14	2.00822e+17	5702.99	6.34947e+15	358.635	456	73 	34.843 
269	924   	7.60568e+24	7.47931e+27	5701.07	2.36425e+26	350.769	458	68 	38.5951
270	907   	2.53684e+22	2.41236e+25	5701.07	7.63448e+23	347.595	424	70 	35.6378
271	907   	1.245e+21  	1.24486e+24	5696.48	3.93462e+22	347.798	453	71 	29.5202
272	896   	2.88549e+21	2.88549e+24	5683.88	9.12014e+22	346.198	450	71 	32.1931
273	912   	5.14651e+22	5.14651e+25	5683.88	1.62666e+24	346.982	450	71 	27.3592
274	902   	6.55645e+24	6.55645e+27	5683.88	2.07229e+26	345.533	450	70 	28.8294
275	907   	9.81572e+22	9.81572e+25	5678.15	3.10245e+24	345.197	449	70 	31.8382
276	920   	3.07023e+24	3.00346e+27	5678.14	9.49466e+25	346.913	453	73 	28.3172
277	911   	3.64019e+28	3.64019e+31	5678.14	1.15055e+30	346.761	428	69 	29.1411
278	916   	4.63984e+24	4.39882e+27	5629.76	1.39234e+26	344.762	583	71 	34.0566
279	907   	1.1979e+21 	1.19748e+24	5629.76	3.78486e+22	344.858	567	70 	29.1803
280	912   	8.92054e+10	7.5009e+13 	5622.41	2.41127e+12	342.594	431	70 	29.8348
281	894   	2.4783e+24 	2.4783e+27 	5622.41	7.83316e+25	341.404	425	71 	26.9544
282	918   	4.36482e+21	4.36482e+24	5589.2 	1.37959e+23	338.054	464	70 	35.8518
283	905   	9.62574e+12	9.59898e+15	5621.15	3.03394e+14	339.839	429	69 	31.4955
284	929   	1.30696e+22	5.81922e+24	5620.13	2.47117e+23	338.86 	431	66 	36.4679
285	915   	1.19264e+21	1.19263e+24	5620.13	3.76955e+22	340.706	432	71 	32.5799
286	919   	8.23203e+11	8.18095e+14	5608.31	2.58577e+13	341.971	432	70 	34.959 
287	925   	4.09088e+22	4.09087e+25	5559.55	1.293e+24  	344.329	434	70 	28.6839
288	923   	1.88973e+23	1.87936e+26	5559.55	5.94014e+24	345.692	435	71 	22.1905
289	889   	5.52278e+22	5.52278e+25	5558.56	1.74558e+24	345.828	432	74 	29.5089
290	908   	3.23847e+10	3.16931e+13	5558.56	1.0019e+12 	343.794	425	70 	32.4351
291	918   	2.7084e+24 	2.70272e+27	5558.56	8.54248e+25	345.12 	413	70 	29.4168
292	898   	1.54975e+12	1.54876e+15	5496.25	4.89514e+13	344.633	418	82 	30.6179
293	894   	6.88762e+24	6.43174e+27	5495.83	2.03783e+26	342.989	441	72 	33.4705
294	880   	3.5092e+24 	3.5092e+27 	5468.06	1.10915e+26	343.6  	434	73 	33.3916
295	916   	1.96365e+23	1.96365e+26	5468.06	6.20649e+24	340.119	436	71 	36.2645
296	913   	3.4122e+14 	1.77518e+17	5440.99	7.61034e+15	340.692	432	73 	33.7509
297	915   	1.36035e+22	7.82074e+24	5468.06	3.07278e+23	340.183	430	70 	29.7177
298	928   	5.79358e+22	5.72908e+25	5422.04	1.81088e+24	337.615	421	81 	31.1933
299	911   	1.51167e+15	1.49175e+18	5422.04	4.71534e+16	336.313	417	70 	31.2338
300	911   	6.32777e+21	6.32777e+24	5422.04	2.00002e+23	334.385	423	73 	34.6463
301	939   	2.13202e+14	1.62809e+17	5411.89	5.3852e+15 	337.959	423	72 	23.4436
302	926   	9.4587e+16 	7.57698e+19	5360.87	2.43108e+18	338.636	565	73 	31.2045
303	931   	7.40048e+24	7.40048e+27	5360.74	2.33907e+26	339.685	423	72 	35.3463
304	904   	4.62953e+21	3.22498e+24	5223.57	1.11139e+23	342.913	432	72 	31.6086
305	920   	2.98561e+24	2.98462e+27	5223.57	9.43347e+25	342.81 	416	72 	31.0806
306	916   	1.40145e+13	1.15698e+16	5223.55	3.73306e+14	344.167	416	73 	27.9471
307	896   	3.99342e+20	3.99338e+23	5220.07	1.26219e+22	344.076	406	72 	29.1708
308	915   	3.86922e+23	3.86922e+26	5223.55	1.22294e+25	340.634	419	73 	33.3164
309	909   	1.96872e+23	1.96872e+26	5223.55	6.22252e+24	340.039	412	72 	27.3873
310	917   	1.31621e+23	8.21551e+25	5149.09	3.0297e+24 	337.077	428	70 	32.9832
311	905   	1.45276e+23	1.45276e+26	5206.42	4.59175e+24	336.562	404	72 	29.0532
312	909   	6.54442e+21	5.34923e+24	5206.91	1.73205e+23	337.615	406	73 	30.0258
313	910   	9.31596e+16	7.73824e+19	5181   	2.46176e+18	337.599	406	72 	33.1382
314	905   	1.02746e+14	8.56818e+16	5154.06	2.75553e+15	339.383	422	72 	30.3475
315	907   	6.31725e+22	6.19249e+25	5154.06	1.95745e+24	341.547	406	72 	27.5519
316	890   	3.58937e+11	3.23918e+14	5055.16	1.02939e+13	343.75 	431	72 	26.908 
317	926   	2.68344e+14	2.68328e+17	5055.16	8.48104e+15	343.772	424	73 	32.0239
318	913   	7.75447e+21	7.75446e+24	5054.99	2.45095e+23	345.063	497	72 	34.2676
319	890   	6.1396e+15 	5.88859e+18	5054.99	1.86211e+17	345.202	418	72 	32.4408
320	895   	6.54548e+16	6.52097e+19	5054.99	2.06108e+18	342.978	410	72 	35.0114
321	887   	1.10655e+21	6.4513e+23 	5043.11	2.50574e+22	344.481	414	72 	28.7861
322	872   	4.13233e+23	4.05478e+26	5043.11	1.2818e+25 	341.681	582	72 	39.72  
323	906   	7.75556e+21	7.75554e+24	5034.44	2.45129e+23	343.814	435	72 	33.7199
324	894   	1.19564e+21	1.19518e+24	5048.7 	3.77761e+22	345.777	540	72 	34.524 
325	864   	8.71776e+20	8.71776e+23	5025.23	2.75542e+22	349.126	450	72 	28.2523
326	904   	1.2281e+30 	1.2281e+33 	5025.23	3.88166e+31	347.579	422	72 	35.3078
327	898   	4.23717e+27	4.23707e+30	5024.86	1.33921e+29	352.237	425	78 	22.6317
328	913   	4.45903e+17	4.45765e+20	5024.86	1.40893e+19	351.374	443	73 	29.3359
329	899   	2.42057e+24	2.42057e+27	5005.87	7.65069e+25	352.023	515	72 	29.2457
330	940   	1.50801e+16	1.50801e+19	5024.83	4.76635e+17	352.883	409	72 	32.1219
331	891   	8.96295e+20	8.7178e+23 	4888.37	2.75641e+22	355.438	434	74 	29.5817
332	907   	4.49403e+35	4.49403e+38	4898.3 	1.42043e+37	357.919	412	72 	32.1182
333	920   	6.57073e+24	6.57073e+27	4898.3 	2.07681e+26	363.443	456	72 	32.4844
334	919   	3.09181e+23	2.49246e+26	4898.2 	8.10064e+24	368.638	451	72 	31.5929
335	928   	6.43435e+20	6.4343e+23 	4870.31	2.03369e+22	371.834	464	82 	35.1322
336	931   	7.44124e+22	7.44124e+25	4848   	2.35195e+24	375.079	436	71 	31.9219
337	912   	1.90126e+18	1.89536e+21	4848   	5.99067e+19	376.688	436	72 	33.4511
338	894   	1.55848e+09	8.90857e+11	4848   	3.29586e+10	375.214	443	69 	37.7429
339	916   	1.9639e+23 	8.28364e+25	4848   	3.49868e+24	377.816	578	72 	34.1027
340	891   	1.03306e+23	1.03306e+26	4847.85	3.2652e+24 	381.238	453	76 	36.8356
341	923   	1.6936e+27 	1.69272e+30	4848   	5.35018e+28	387.96 	504	72 	34.6972
342	936   	5.91002e+22	5.91002e+25	4822.6 	1.86798e+24	390.628	455	73 	34.7424
343	899   	1.39932e+32	1.25933e+35	4822.6 	4.00436e+33	393.381	455	72 	36.742 
344	917   	5.47275e+22	4.94664e+25	4822.6 	1.57214e+24	394.142	464	71 	40.2457
345	909   	7.2608e+31 	7.2608e+34 	4822.6 	2.29492e+33	400.825	501	73 	30.3709
346	915   	1.777e+28  	1.77699e+31	4800.59	5.61652e+29	401.675	508	72 	38.1762
347	916   	3.9253e+24 	3.9253e+27 	4770.95	1.24067e+26	405.408	496	70 	33.5377
348	915   	2.8668e+23 	2.53315e+26	4729.95	8.0534e+24 	405.935	479	73 	36.231 
349	926   	6.95241e+22	6.82562e+25	4770.95	2.1577e+24 	403.464	468	70 	37.7708
350	928   	5.71044e+24	5.71044e+27	4770.6 	1.8049e+26 	402.645	475	73 	36.9662
351	908   	8.52233e+22	8.35961e+25	4723.16	2.64267e+24	399.853	510	72 	42.5957
352	903   	1.20376e+23	6.82346e+25	4723   	2.66341e+24	399.779	465	72 	43.1866
353	919   	5.82468e+23	5.82468e+26	4722.98	1.841e+25  	402.401	501	73 	38.0382
354	924   	6.28652e+20	6.28627e+23	4723   	1.9869e+22 	401.68 	520	72 	41.3747
355	918   	1.07662e+22	8.26843e+24	4712.22	2.72929e+23	402.157	489	72 	36.9355
356	910   	8.56787e+23	8.54742e+26	4712.22	2.70158e+25	399.095	487	67 	41.3088
357	943   	8.00518e+23	5.91296e+26	4712.22	1.98183e+25	398.272	487	68 	34.629 
358	915   	3.20306e+12	3.16426e+15	4697.11	1.00016e+14	397.458	645	73 	35.4774
359	892   	1.04774e+24	1.04774e+27	4697.11	3.31158e+25	399.638	524	67 	39.578 
360	914   	6.23813e+23	6.23813e+26	4697.11	1.97168e+25	400.674	460	68 	37.7373
361	917   	1.09921e+29	1.09921e+32	4697.11	3.47425e+30	402.156	507	72 	45.0559
362	893   	1.05931e+23	1.0015e+26 	4697.11	3.17052e+24	406.781	470	73 	35.1217
363	915   	9.33599e+21	9.31463e+24	4697.11	2.94407e+23	404.929	504	68 	42.5578
364	920   	1.95204e+23	1.95203e+26	4682.82	6.16979e+24	409.58 	462	68 	33.2996
365	912   	5.28451e+14	3.50861e+17	4678.36	1.24232e+16	407.063	489	73 	39.4931
366	916   	4.02686e+23	3.98656e+26	4678.36	1.26007e+25	408.392	520	83 	31.999 
367	914   	1.67242e+22	1.63249e+25	4678.36	5.16123e+23	402.986	545	73 	42.3681
368	921   	1.80995e+23	1.44502e+26	4673.05	4.61433e+24	399.474	545	68 	38.4978
369	913   	4.23669e+21	2.64866e+24	4665.28	9.75668e+22	391.119	537	68 	43.9931
370	894   	2.30314e+32	2.30314e+35	4665.28	7.27951e+33	387.859	515	74 	36.8957
371	923   	1.44502e+23	1.44502e+26	4665.28	4.56727e+24	384.397	512	66 	42.7621
372	933   	5.60383e+21	5.60382e+24	4664.15	1.7712e+23 	386.457	512	68 	39.4128
373	906   	8.17553e+22	6.06378e+25	4644.98	1.97074e+24	388.017	512	67 	40.9492
374	923   	7.86838e+23	7.86838e+26	4641.37	2.48695e+25	391.102	512	71 	36.4039
375	922   	1.92511e+23	1.92511e+26	4641.37	6.08469e+24	392.629	512	67 	35.5988
376	911   	6.84528e+28	6.71188e+31	4641.37	2.1218e+30 	388.967	490	67 	44.6957
377	911   	2.30314e+32	2.30314e+35	4641.37	7.27951e+33	391.567	461	67 	28.9787
378	909   	6.47876e+24	6.4755e+27 	4641.37	2.04671e+26	389.184	457	68 	35.0211
379	918   	4.14086e+24	3.60199e+27	4633.03	1.15098e+26	387.771	487	67 	35.6388
380	914   	5.27488e+23	1.92527e+26	4638.42	9.69247e+24	388.124	463	67 	35.8681
381	897   	1.26472e+30	1.26472e+33	4619.7 	3.99741e+31	386.909	443	67 	36.6648
382	907   	1.05872e+13	6.82882e+15	4619.7 	2.46147e+14	386.044	447	67 	37.3699
383	911   	7.63328e+15	6.91052e+18	4619.7 	2.19524e+17	385.27 	455	67 	38.4401
384	915   	3.00697e+21	2.37695e+24	4619.66	7.75063e+22	385.165	480	67 	35.6254
385	911   	4.17767e+10	4.16277e+13	4619.7 	1.31572e+12	386.087	440	68 	30.9856
386	913   	6.03552e+21	5.27564e+24	4607.95	1.68444e+23	384.525	439	67 	39.4238
387	902   	5.76591e+15	5.76561e+18	4607.95	1.82233e+17	385.133	456	67 	36.9584
388	920   	2.30314e+32	2.30314e+35	4604.42	7.27951e+33	385.924	457	68 	32.5202
389	904   	5.06236e+21	2.64866e+24	4604.42	1.13206e+23	384.93 	449	67 	35.5843
390	922   	1.60535e+22	1.60535e+25	4611.76	5.07402e+23	385.4  	479	70 	28.726 
391	901   	6.71188e+28	6.71188e+31	4595.64	2.12142e+30	381.78 	469	68 	38.2499
392	919   	3.55403e+32	3.55403e+35	4595.64	1.12332e+34	382.849	476	70 	29.9302
393	915   	5.80502e+23	5.79859e+26	4595.64	1.83276e+25	382.86 	516	67 	35.9564
394	903   	8.73493e+23	8.67586e+26	4593.82	2.7422e+25 	383.907	466	67 	34.5164
395	932   	4.71188e+21	4.71187e+24	4585.24	1.48928e+23	384.916	632	67 	37.3716
396	917   	3.10371e+24	2.81479e+27	4584.55	8.94254e+25	387.768	542	115	28.2503
397	906   	9.05833e+24	5.7515e+27 	4580.86	2.09582e+26	387.167	542	67 	37.7064
398	904   	8.38788e+23	7.93546e+26	4580.86	2.51209e+25	389.796	542	67 	37.5682
399	920   	7.42132e+16	3.42211e+19	4580.78	1.31033e+18	389.335	542	67 	45.1864
400	902   	2.81525e+22	2.81278e+25	4580.86	8.89035e+23	390.82 	540	67 	34.762 
401	907   	2.14277e+24	2.13724e+27	4580.5 	6.75515e+25	392.079	540	75 	27.5393
402	921   	6.87319e+15	3.26457e+18	4579.22	1.46186e+17	389.44 	455	67 	37.5382
403	936   	6.96834e+12	6.82882e+15	4574.64	2.15868e+14	389.543	460	67 	33.2635
404	896   	4.16729e+10	2.93733e+13	4574.64	9.79865e+11	387.048	481	67 	37.5387
405	915   	3.62979e+22	2.81278e+25	4574.64	9.22166e+23	386.162	491	68 	33.3731
406	897   	6.71188e+28	6.71188e+31	4558.2 	2.12142e+30	382.91 	595	67 	39.2484
407	909   	5.4497e+12 	5.01255e+15	4558.2 	1.58951e+14	382.432	471	68 	32.132 
408	903   	6.27273e+24	6.27273e+27	4566.61	1.98262e+26	382.254	629	67 	35.6447
409	917   	1.35802e+21	1.35801e+24	4566.61	4.29224e+22	379.507	481	67 	40.7773
410	897   	2.30314e+32	2.30314e+35	4566.61	7.27951e+33	382.288	483	67 	33.9262
411	910   	1.72583e+21	1.26787e+24	4557.03	4.24881e+22	384.771	486	67 	29.7674
412	919   	6.71432e+28	6.71432e+31	4548.22	2.12219e+30	384.829	490	68 	39.9841
413	895   	5.25275e+23	5.24515e+26	4548.22	1.65783e+25	386.775	493	67 	40.5664
414	895   	6.70635e+28	6.70633e+31	4548.22	2.11967e+30	388.052	493	67 	44.668 
415	901   	2.2146e+29 	2.2146e+32 	4548.22	6.99968e+30	391.246	495	68 	39.9925
416	912   	4.266e+23  	4.25321e+26	4553.45	1.34431e+25	392.397	495	70 	36.7689
417	903   	6.62618e+22	4.9457e+25 	4553.45	1.62826e+24	391.647	514	70 	34.003 
418	898   	1.18276e+22	1.09567e+25	4553.45	3.47373e+23	391.417	495	68 	37.8535
419	919   	1.26788e+21	1.26787e+24	4526.23	4.00737e+22	392.075	495	69 	45.5954
420	933   	1.35888e+21	1.35801e+24	4528.48	4.29224e+22	398.393	663	69 	42.9348
421	901   	2.91421e+11	2.62317e+14	4528.48	8.34054e+12	401.638	502	68 	47.8015
422	903   	4.49304e+26	4.49304e+29	4528.48	1.42011e+28	409.357	517	67 	51.8881
423	906   	5.77801e+21	5.77801e+24	4528.48	1.82625e+23	416.753	510	68 	52.223 
424	895   	1.75447e+24	1.75311e+27	4527.06	5.54106e+25	423.531	522	27 	53.4282
425	901   	1.07774e+22	8.98884e+24	4527.06	2.89617e+23	434.816	528	74 	50.8992
426	892   	2.83355e+23	2.83355e+26	4528.48	8.95599e+24	440.157	573	88 	55.7889
427	894   	9.53139e+23	9.36851e+26	4528.48	2.9615e+25 	452.36 	606	69 	44.2128
428	917   	5.83401e+28	5.83401e+31	4513.28	1.84395e+30	450.345	600	74 	47.4675
429	913   	4.02754e+23	2.39725e+26	4528.48	9.15884e+24	440.863	575	67 	58.8453
430	906   	6.67608e+24	6.50918e+27	4527.5 	2.05795e+26	440.991	556	68 	48.8443
431	904   	3.45763e+24	2.85428e+27	4525.73	9.13174e+25	437.402	545	68 	44.555 
432	931   	2.60551e+23	1.93417e+26	4525.68	6.42354e+24	431.274	627	73 	40.1945
433	906   	7.84335e+24	6.58802e+27	4525.68	2.1187e+26 	427.576	566	86 	45.0298
434	890   	2.50658e+24	2.50074e+27	4525.68	7.90408e+25	426.15 	546	90 	39.144 
435	907   	1.59499e+24	1.39802e+27	4523.39	4.46174e+25	423.869	556	69 	40.4817
436	923   	3.80969e+15	3.13044e+18	4515.02	1.00322e+17	424.55 	544	91 	30.7123
437	903   	2.39955e+22	1.48473e+25	4515   	5.5096e+23 	420.664	523	68 	38.7642
438	911   	1.50269e+22	1.45036e+25	4493.99	4.58697e+23	420.002	511	67 	37.721 
439	917   	1.27682e+21	1.27681e+24	4493.99	4.03561e+22	420.96 	525	79 	40.8407
440	925   	2.81942e+18	2.81418e+21	4493.99	8.89477e+19	422.337	528	80 	42.79  
441	894   	1.97864e+23	1.97017e+26	4493.63	6.22711e+24	424.721	522	69 	43.5396
442	899   	1.63287e+14	1.62853e+17	4490.22	5.14728e+15	429.641	590	87 	30.6699
443	918   	1.26484e+23	7.65577e+25	4490.22	2.8875e+24 	427.274	521	84 	37.8952
444	901   	1.76747e+14	1.72209e+17	4490.22	5.44431e+15	425.5  	525	75 	39.629 
445	923   	4.01871e+11	3.51013e+14	4488.05	1.11297e+13	421.402	524	80 	40.2033
446	896   	6.43627e+22	6.18819e+25	4488.02	1.95739e+24	421.424	527	88 	31.1404
447	925   	4.13485e+20	4.13481e+23	4488.05	1.30689e+22	419.129	573	76 	38.4041
448	909   	1.07709e+23	9.28587e+25	4483.08	2.97181e+24	420.394	487	89 	30.6963
449	914   	2.39752e+32	2.39752e+35	4471.5 	7.57784e+33	421.041	472	91 	32.2766
450	921   	1.48341e+22	1.48337e+25	4449.21	4.68849e+23	418.878	493	89 	33.7128
451	907   	9.51253e+22	9.51148e+25	4449.21	3.00629e+24	418.588	489	95 	33.896 
452	913   	3.93287e+14	3.90116e+17	4449.21	1.23305e+16	418.121	489	87 	32.6977
453	911   	2.96156e+21	2.48008e+24	4448.79	7.98363e+22	418.092	464	89 	30.8615
454	899   	5.9757e+28 	5.9757e+31 	4439.42	1.88874e+30	418.608	476	89 	39.1398
455	896   	5.16805e+20	4.56725e+23	4439.42	1.45582e+22	422.279	479	92 	33.9454
456	927   	1.37153e+28	1.37152e+31	4439.42	4.33497e+29	426.6  	721	85 	34.8487
457	907   	1.50426e+13	1.07794e+16	4438.21	3.54357e+14	427.268	546	89 	39.1737
458	913   	1.34738e+24	1.31548e+27	4410.24	4.15895e+25	428.566	572	85 	38.6617
459	910   	2.93279e+23	2.81001e+26	4410.24	8.88969e+24	432.183	526	92 	29.5794
460	887   	6.52547e+22	6.3154e+25 	4410.24	1.99714e+24	432.943	515	90 	32.9596
461	898   	6.41089e+14	5.02981e+17	4410.24	1.64805e+16	435.887	523	87 	34.6904
462	894   	1.56813e+26	1.56806e+29	4409.55	4.95617e+27	436.057	515	85 	43.8519
463	918   	3.09177e+22	1.26687e+25	4387.03	5.68755e+23	439.101	487	86 	36.1678
464	899   	1.174e+18  	1.17391e+21	4386.62	3.71036e+19	435.742	617	85 	40.8157
465	912   	8.75533e+13	7.74137e+16	4386.62	2.45681e+15	432.174	511	86 	36.1039
466	905   	1.50175e+23	1.50175e+26	4386.62	4.74657e+24	429.189	510	86 	35.2275
467	933   	3.14346e+29	3.14345e+32	4386.62	9.93549e+30	424.801	505	85 	38.3489
468	903   	2.39753e+32	2.39753e+35	4386.49	7.57788e+33	425.909	629	82 	36.0467
469	910   	1.46132e+21	1.38617e+24	4386.49	4.3861e+22 	429.007	493	92 	28.2856
470	931   	5.24023e+20	5.24023e+23	4386.16	1.65628e+22	427.817	651	85 	38.2302
471	921   	7.80456e+21	6.56855e+24	4386.16	2.11217e+23	427.936	501	85 	40.4991
472	904   	1.41495e+21	1.41495e+24	4383.96	4.47223e+22	431.83 	554	86 	37.2705
473	896   	1.87989e+22	1.87989e+25	4382.13	5.94176e+23	433.808	506	92 	28.9815
474	919   	2.69822e+23	1.9804e+26 	4382.13	6.65581e+24	434.683	523	89 	31.7473
475	916   	1.88172e+22	1.87989e+25	4382.13	5.94175e+23	435.212	531	86 	29.6293
476	912   	2.91123e+17	2.81408e+20	4380.09	8.89927e+18	434.029	508	85 	35.0768
477	885   	4.68127e+20	4.67899e+23	4380.05	1.47889e+22	434.124	496	85 	40.6659
478	923   	2.38377e+23	2.26339e+26	4380.09	7.16178e+24	436.504	492	85 	37.6052
479	899   	6.86558e+24	6.86051e+27	4380.09	2.1684e+26 	437.502	491	86 	34.6658
480	890   	9.16943e+17	8.98404e+20	4380.09	2.83973e+19	439.093	560	86 	35.0811
481	906   	1.03869e+23	1.03869e+26	4377.74	3.28297e+24	441.164	663	85 	37.8591
482	916   	3.42142e+22	1.7059e+25 	4378.13	7.10445e+23	441.667	570	86 	40.219 
483	910   	9.51649e+36	9.51649e+39	4377.43	3.00787e+38	442.271	525	85 	40.2815
484	918   	5.56151e+15	5.54291e+18	4377.47	1.75194e+17	445.229	538	86 	36.3539
485	906   	5.15427e+24	5.14246e+27	4373.46	1.62537e+26	444.509	573	85 	39.0841
486	910   	6.77393e+24	6.77346e+27	4373.46	2.14088e+26	444.411	501	86 	31.2493
487	928   	3.17928e+21	3.04915e+24	4373.46	9.64565e+22	441.498	511	85 	35.4665
488	895   	2.68903e+30	2.60885e+33	4370.72	8.24944e+31	438.224	542	86 	43.4762
489	903   	4.78413e+23	3.07987e+26	4370.72	1.11208e+25	435.591	542	85 	41.7585
490	900   	2.2931e+22 	1.88012e+25	4370.72	6.00232e+23	435.013	532	85 	38.131 
491	906   	9.49139e+24	9.49139e+27	4370.67	2.99994e+26	434.994	521	85 	39.2859
492	935   	9.63831e+24	5.89046e+27	4365.84	2.20462e+26	434.598	568	85 	49.652 
493	899   	3.9963e+23 	3.9963e+26 	4365.47	1.26311e+25	440.962	531	86 	43.6742
494	909   	6.40123e+15	6.39266e+18	4365.47	2.02053e+17	448.514	549	86 	45.4435
495	935   	4.72752e+23	4.7275e+26 	4365.43	1.49422e+25	459.189	535	92 	45.9791
496	925   	1.03266e+23	1.02587e+26	4365.43	3.24252e+24	469.85 	589	86 	52.5251
497	886   	2.28058e+23	2.28058e+26	4361.02	7.20822e+24	477.141	579	87 	51.8605
498	923   	2.67679e+22	2.40014e+25	4361.02	7.63546e+23	477.119	565	87 	46.1781
499	905   	3.26574e+17	3.24862e+20	4347.55	1.0268e+19 	474.551	607	87 	49.7861
500	924   	6.01367e+17	6.01278e+20	4347.55	1.90046e+19	465.471	574	85 	56.0853