   	      	                      fitness                      	              size             
   	      	---------------------------------------------------	-------------------------------
gen	nevals	avg        	max        	min    	std        	avg    	max	min	std    
0  	1000  	1.6802e+67 	1.61314e+70	39506.6	5.10284e+68	13.08  	80 	3  	13.3282
1  	907   	3.77287e+25	3.59999e+28	33581.8	1.1391e+27 	11.261 	68 	2  	10.6844
2  	913   	1.58927e+34	1.58927e+37	33590.2	5.02319e+35	13.02  	67 	2  	11.5798
3  	928   	5.54123e+21	5.34592e+24	33585.6	1.69016e+23	15.201 	74 	2  	12.4111
4  	925   	8.22633e+32	8.22631e+35	18234.9	2.60009e+34	16.345 	71 	2  	12.7304
5  	915   	1.14219e+20	6.90635e+22	30371.1	2.39959e+21	16.771 	73 	2  	12.1082
6  	907   	1.78504e+41	1.78504e+44	30765.1	5.64197e+42	16.293 	72 	2  	10.7701
7  	921   	2.032e+24  	1.03257e+27	30765.1	4.53885e+25	17.19  	74 	2  	10.6999
8  	893   	1.00079e+24	9.99355e+26	31314.4	3.15865e+25	18.192 	57 	2  	10.2115
9  	906   	3.3524e+35 	3.3524e+38 	30451.4	1.05959e+37	19.331 	68 	2  	10.6939
10 	929   	4.54494e+22	4.32361e+25	29119  	1.36665e+24	20.22  	73 	2  	11.4726
11 	919   	1.21489e+42	1.21489e+45	27452.4	3.83989e+43	20.307 	73 	2  	11.7269
12 	899   	5.20446e+32	5.20446e+35	27172.9	1.64497e+34	20.98  	91 	2  	11.9192
13 	908   	1.19423e+34	1.16705e+37	27172.9	3.68961e+35	23.174 	111	2  	13.3909
14 	924   	3.51532e+21	1.81365e+24	25240.5	6.56388e+22	24.729 	107	2  	13.1149
15 	935   	2.6341e+26 	2.63112e+29	24538.1	8.31615e+27	27.359 	71 	2  	13.5379
16 	930   	1.09414e+32	1.09414e+35	23827  	3.45823e+33	30.241 	89 	2  	14.4283
17 	917   	3.2813e+36 	3.2813e+39 	23052.8	1.03712e+38	31.514 	83 	2  	15.1345
18 	912   	2.97537e+40	2.97537e+43	18147.2	9.40424e+41	32.857 	91 	2  	15.5813
19 	903   	5.55846e+37	5.55827e+40	17840.6	1.7568e+39 	34.794 	100	2  	16.4839
20 	933   	1.59248e+32	1.52525e+35	17840.6	4.82529e+33	37.479 	99 	3  	17.1083
21 	904   	5.98303e+31	5.97534e+34	17572.6	1.88862e+33	38.536 	89 	2  	17.149 
22 	905   	4.73396e+49	4.73396e+52	17835.5	1.49626e+51	39.578 	97 	2  	17.7475
23 	885   	1.80105e+21	1.65798e+24	16903  	5.2442e+22 	43.172 	111	2  	20.0175
24 	888   	1.76071e+40	1.76071e+43	16517.6	5.56508e+41	45.873 	113	2  	21.081 
25 	924   	7.0953e+35 	7.0953e+38 	15342.2	2.24261e+37	49.482 	113	5  	20.7156
26 	912   	8.08926e+34	8.08926e+37	15344.4	2.55677e+36	49.988 	109	5  	18.9433
27 	917   	5.4082e+28 	5.39169e+31	15344.4	1.70415e+30	52.032 	129	7  	19.2489
28 	921   	1.51542e+29	1.46827e+32	15175  	4.64299e+30	55.605 	133	7  	20.419 
29 	924   	2.44441e+23	2.43631e+26	15175  	7.70042e+24	60.412 	145	4  	22.3461
30 	883   	7.81283e+25	7.80951e+28	15175  	2.46835e+27	64.635 	137	7  	23.21  
31 	915   	1.2075e+28 	1.20629e+31	14892.5	3.81271e+29	67.127 	148	7  	23.083 
32 	909   	2.69536e+40	2.66094e+43	14892.5	8.41102e+41	68.224 	140	7  	21.0399
33 	919   	4.35973e+32	4.35971e+35	14897.4	1.37797e+34	67.49  	161	7  	20.474 
34 	909   	2.63252e+38	1.31609e+41	14346.9	5.87984e+39	68.437 	154	7  	18.6418
35 	912   	5.37825e+40	5.37825e+43	14346.9	1.6999e+42 	68.699 	136	7  	20.3516
36 	904   	1.31853e+38	1.31609e+41	14346.4	4.15976e+39	70.785 	136	7  	20.5826
37 	903   	1.31609e+38	1.31609e+41	14130.9	4.15976e+39	74.431 	156	7  	21.1646
38 	909   	1.31609e+38	1.31609e+41	14130.9	4.15976e+39	76.838 	161	7  	23.9445
39 	899   	4.98373e+40	4.96809e+43	14130.9	1.57026e+42	80.472 	166	7  	25.1811
40 	937   	5.30251e+33	5.29668e+36	14126.3	1.67412e+35	84.761 	167	7  	27.8696
41 	910   	1.31632e+38	1.31609e+41	14125.2	4.15976e+39	89.969 	177	7  	28.6998
42 	881   	1.3161e+38 	1.31609e+41	14071.6	4.15976e+39	89.286 	194	7  	29.7198
43 	901   	1.95777e+41	1.95768e+44	14008.4	6.18762e+42	86.23  	210	3  	29.7702
44 	917   	4.52905e+42	4.52892e+45	14038.2	1.43145e+44	80.599 	167	7  	24.9665
45 	910   	1.31609e+38	1.31609e+41	14037.2	4.15976e+39	76.417 	160	7  	22.7192
46 	896   	4.54117e+42	4.54117e+45	13819.7	1.43533e+44	75.474 	160	7  	22.2482
47 	905   	4.24765e+33	4.2461e+36 	13621.3	1.34206e+35	76.363 	158	7  	21.8302
48 	902   	6.99468e+32	6.99468e+35	13621.3	2.21081e+34	76.508 	154	7  	21.3848
49 	910   	5.08269e+32	5.08207e+35	13461.8	1.60629e+34	75.592 	163	7  	22.1759
50 	902   	9.38977e+31	9.29613e+34	13456.4	2.93835e+33	75.064 	170	7  	22.0371
51 	923   	5.08207e+32	5.08207e+35	13458.4	1.60629e+34	74.628 	160	7  	20.9929
52 	927   	5.37825e+40	5.37825e+43	13455.5	1.6999e+42 	75.576 	194	7  	21.9772
53 	921   	5.23352e+42	5.23352e+45	13455.5	1.65416e+44	76.639 	148	7  	21.8861
54 	910   	1.43125e+42	1.43125e+45	13425.9	4.52373e+43	77.196 	170	7  	21.2915
55 	918   	1.62567e+42	1.62567e+45	13326.1	5.13826e+43	75.253 	144	7  	22.328 
56 	910   	1.51815e+29	1.51815e+32	13326.1	4.79841e+30	74.359 	156	7  	22.2362
57 	907   	3.68365e+43	3.68365e+46	13326.1	1.16429e+45	72.876 	165	7  	21.8415
58 	912   	1.40182e+42	1.40182e+45	13224.9	4.43074e+43	71.678 	175	7  	21.461 
59 	921   	1.19002e+42	1.19002e+45	13102.8	3.76128e+43	71.913 	168	7  	22.2421
60 	910   	3.85043e+43	3.68365e+46	12723.2	1.16537e+45	73.371 	168	7  	22.1202
61 	901   	5.08666e+32	5.08207e+35	12723.2	1.60629e+34	73.152 	159	7  	22.8145
62 	900   	7.85734e+51	7.85734e+54	12248.8	2.48347e+53	74.553 	156	7  	24.0374
63 	912   	1.14577e+34	1.14577e+37	12248.8	3.62144e+35	75     	173	7  	26.829 
64 	916   	2.96449e+43	2.61781e+46	12242.6	8.34525e+44	75.019 	173	7  	26.3886
65 	907   	6.32526e+40	6.32526e+43	12245.5	1.99922e+42	75.843 	176	7  	27.3586
66 	892   	2.45633e+42	2.45633e+45	12036.1	7.76371e+43	77.801 	164	7  	26.7646
67 	909   	1.17526e+29	1.17526e+32	12036.1	3.71464e+30	79.185 	185	7  	27.5864
68 	935   	1.84191e+22	7.69748e+24	12035.8	3.29766e+23	80.127 	167	7  	25.9825
69 	902   	5.08704e+32	5.08207e+35	12033.2	1.60629e+34	79.925 	167	7  	26.1802
70 	908   	1.10851e+42	1.10851e+45	12009.5	3.50366e+43	80.83  	178	7  	28.2579
71 	914   	3.91323e+23	1.88831e+26	12009.5	7.42481e+24	81.32  	168	6  	30.0536
72 	937   	5.12963e+36	5.12958e+39	12009.5	1.6213e+38 	84.075 	185	7  	29.3897
73 	920   	1.83761e+42	1.19002e+45	11988.4	4.28034e+43	82.384 	174	7  	27.5397
74 	924   	1.31549e+24	1.16743e+27	11795.4	3.70583e+25	81.116 	167	7  	26.0991
75 	901   	1.18942e+43	1.18942e+46	11791.7	3.7594e+44 	79.101 	162	7  	24.9579
76 	913   	6.32526e+40	6.32526e+43	11795.3	1.99922e+42	78.845 	164	7  	24.1999
77 	906   	1.14578e+34	1.14577e+37	11795.3	3.62144e+35	83.13  	160	7  	26.5697
78 	909   	6.32526e+40	6.32526e+43	11795.3	1.99922e+42	89.251 	210	7  	28.4653
79 	907   	1.12914e+34	1.12912e+37	11643.5	3.5688e+35 	97.694 	194	7  	29.1773
80 	907   	8.68729e+37	8.68729e+40	11704.4	2.74579e+39	100.684	209	7  	28.1969
81 	911   	6.99468e+32	6.99468e+35	11427.9	2.21081e+34	100.984	183	7  	28.4265
82 	903   	8.74208e+41	8.74208e+44	11427.9	2.76311e+43	99.639 	194	7  	29.0395
83 	924   	1.17712e+56	1.17712e+59	11427.9	3.72051e+57	97.732 	179	7  	25.7721
84 	898   	5.08209e+32	5.08207e+35	11427.9	1.60629e+34	96.618 	201	7  	25.8907
85 	907   	3.07529e+31	3.07529e+34	11310.8	9.72006e+32	96.699 	264	7  	27.45  
86 	899   	1.28922e+24	2.96394e+26	11310.8	1.89706e+25	98.32  	200	7  	29.3868
87 	893   	1.93424e+35	1.84915e+38	11303  	5.85053e+36	99.004 	258	7  	31.2544
88 	935   	1.85727e+35	1.84915e+38	11293  	5.84464e+36	101.496	195	7  	33.4069
89 	926   	1.84917e+35	1.84915e+38	10828.7	5.84461e+36	104.083	188	5  	32.8859
90 	915   	1.71254e+42	1.71199e+45	10828.7	5.41108e+43	102.353	208	7  	31.4295
91 	901   	1.92426e+43	1.92426e+46	10828.7	6.08202e+44	101.563	203	7  	27.0817
92 	885   	1.167e+34  	1.167e+37  	10823.1	3.68853e+35	102.86 	184	9  	24.1406
93 	910   	8.75716e+41	8.74208e+44	10823.1	2.7631e+43 	104.807	184	9  	22.3038
94 	906   	4.9989e+38 	4.99705e+41	10789.9	1.57942e+40	105.319	193	9  	22.9558
95 	914   	8.50872e+33	8.50872e+36	10564.9	2.68935e+35	106.019	187	13 	23.1254
96 	928   	2.60776e+43	2.60776e+46	10564.9	8.24233e+44	103.836	177	10 	23.8806
97 	918   	2.97912e+42	1.80893e+45	10349.9	6.80545e+43	103.686	195	7  	22.7498
98 	910   	2.30642e+40	2.30642e+43	10349.9	7.28989e+41	102.575	215	12 	24.7516
99 	919   	2.57983e+43	2.57983e+46	10349.9	8.15406e+44	104.639	197	12 	24.1239
100	926   	9.81894e+23	3.26349e+26	10333  	1.7848e+25 	105.872	191	12 	23.8062
101	925   	1.77859e+26	9.29077e+28	10332.7	3.95047e+27	108.862	200	12 	23.9181
102	918   	3.73613e+42	1.85705e+45	10271.4	8.29672e+43	113.855	200	12 	24.0603
103	920   	1.17527e+29	1.17526e+32	10271.4	3.71464e+30	116.49 	202	12 	22.438 
104	910   	9.18443e+23	3.26349e+26	10270.8	1.67689e+25	116.032	196	12 	23.8934
105	911   	1.94256e+35	1.84915e+38	10269.9	5.85177e+36	115.235	227	12 	24.4493
106	910   	3.2258e+35 	1.84915e+38	10228  	7.28293e+36	116.036	227	12 	24.4788
107	910   	2.0307e+43 	1.94336e+46	10269  	6.14828e+44	118.02 	239	12 	25.7093
108	908   	2.30353e+31	2.30353e+34	10209.6	7.28076e+32	120.818	239	12 	26.9275
109	911   	1.06837e+38	1.06837e+41	10066.9	3.37679e+39	123.031	265	12 	28.6235
110	903   	1.17526e+29	1.17526e+32	10066.9	3.71464e+30	126.889	275	11 	28.5658
111	900   	8.77175e+41	8.77068e+44	10066.9	2.77214e+43	130.917	275	10 	29.1843
112	930   	2.30353e+31	2.30353e+34	10066.9	7.28076e+32	133.369	275	10 	30.9908
113	903   	2.33235e+31	2.30353e+34	10065.3	7.28098e+32	133.575	248	11 	33.3015
114	909   	4.25024e+31	4.25017e+34	10006  	1.34335e+33	136.946	245	12 	34.4553
115	902   	6.99473e+32	6.99468e+35	10003.3	2.21081e+34	139.729	247	12 	35.4748
116	918   	2.57698e+33	2.5766e+36 	9990.45	8.14386e+34	135.534	235	12 	32.0635
117	895   	3.66057e+43	3.66057e+46	9449.79	1.15699e+45	131.503	266	10 	31.1479
118	914   	1.84924e+35	1.84915e+38	9449.79	5.84461e+36	129.576	232	12 	28.6822
119	918   	3.97174e+38	3.97174e+41	9449.79	1.25535e+40	131.872	277	11 	29.4067
120	922   	1.62534e+42	1.62534e+45	9394.25	5.13719e+43	136.028	221	11 	29.1634
121	913   	3.58682e+56	3.58682e+59	9394.15	1.13368e+58	143.668	282	11 	28.8266
122	900   	2.72821e+23	2.72664e+26	9393.87	8.61806e+24	151.163	254	11 	28.0073
123	911   	4.21474e+37	4.18398e+40	9393.87	1.32243e+39	155.663	228	10 	27.9282
124	918   	2.51001e+35	1.84915e+38	9393.87	6.1e+36    	158.346	232	11 	27.5568
125	941   	1.57042e+55	1.57042e+58	9393.87	4.96363e+56	158.704	258	9  	28.7488
126	920   	2.43611e+23	1.16045e+26	9284.03	5.195e+24  	161.482	277	11 	27.2849
127	925   	9.68977e+34	9.66462e+37	9284.03	3.05469e+36	164.245	235	11 	25.5545
128	902   	3.15354e+52	3.15354e+55	9284.03	9.96738e+53	165.137	290	10 	27.195 
129	915   	1.06837e+38	1.06837e+41	9231.62	3.37679e+39	164.816	286	11 	27.6925
130	908   	2.32132e+41	2.32132e+44	9135.72	7.337e+42  	165.178	245	11 	25.1877
131	906   	2.03838e+32	2.03838e+35	9166.35	6.4427e+33 	162.542	287	11 	28.8695
132	900   	2.63565e+26	2.63113e+29	8974.1 	8.31618e+27	164.593	241	11 	26.8226
133	927   	1.06838e+38	1.06837e+41	8974.1 	3.37679e+39	166.561	296	24 	27.0125
134	904   	1.26975e+42	1.2692e+45 	8971.3 	4.01155e+43	167.527	257	10 	27.6376
135	912   	4.49572e+23	3.32061e+26	8973.36	1.11144e+25	164.93 	243	9  	28.1129
136	922   	1.07505e+40	1.07505e+43	8972.09	3.39792e+41	166.065	226	11 	26.1562
137	912   	2.04669e+35	2.04669e+38	8972.09	6.46896e+36	164.424	271	12 	27.0443
138	921   	7.32551e+31	4.25022e+34	8960.29	1.65735e+33	164.062	226	11 	25.942 
139	911   	6.35375e+33	6.35363e+36	8912.59	2.00819e+35	167.676	251	11 	26.1454
140	893   	2.41275e+42	1.50697e+45	8912.59	5.55479e+43	171.218	235	11 	23.2253
141	898   	1.66698e+44	1.66698e+47	8912.59	5.26881e+45	172.243	286	11 	25.6634
142	905   	2.08197e+35	2.08197e+38	8912.59	6.58048e+36	172.188	298	11 	25.6508
143	919   	1.52805e+27	1.44326e+30	8912.59	4.56529e+28	172.644	239	9  	24.7127
144	910   	5.82838e+39	5.82838e+42	8903.12	1.84217e+41	170.115	259	11 	29.1424
145	897   	1.3769e+35 	1.37667e+38	8806.25	4.35125e+36	172.555	250	11 	24.9852
146	938   	2.30554e+35	2.30353e+38	8804.83	7.28075e+36	175.003	242	28 	25.1009
147	911   	1.37665e+35	1.37665e+38	8826.15	4.35116e+36	176.78 	259	11 	27.3046
148	899   	3.90623e+33	3.90603e+36	8754.88	1.23458e+35	176.067	269	14 	26.165 
149	906   	2.35745e+36	1.18137e+39	8728.73	4.9756e+37 	175.356	264	11 	27.4105
150	926   	1.37988e+35	1.37665e+38	8728.51	4.35116e+36	174.476	270	12 	27.3736
151	916   	2.24767e+35	1.37665e+38	8606.81	5.14663e+36	174.345	321	12 	29.3237
152	914   	5.61412e+39	5.61412e+42	8606.81	1.77445e+41	173.756	270	12 	30.1554
153	902   	6.81907e+39	6.81907e+42	8603.42	2.1553e+41 	174.595	273	11 	28.637 
154	907   	3.1216e+26 	3.11789e+29	8505.74	9.85469e+27	176.135	274	11 	30.4597
155	891   	9.7838e+48 	9.7838e+51 	8465.07	3.09236e+50	177.873	270	11 	30.5133
156	926   	2.4299e+31 	2.36407e+34	8498.04	7.47409e+32	177.371	276	11 	30.2803
157	917   	1.29109e+48	1.29109e+51	8425.07	4.08074e+49	174.695	266	12 	31.7177
158	903   	1.1767e+29 	1.17526e+32	8425.07	3.71463e+30	171.541	287	18 	29.9505
159	903   	1.41435e+36	1.39127e+39	8331.31	4.39791e+37	167.994	237	14 	30.358 
160	916   	4.88443e+37	4.88443e+40	8331.31	1.54382e+39	160.723	306	11 	35.3534
161	917   	9.78379e+48	9.78379e+51	8331.01	3.09236e+50	157.256	269	12 	35.3946
162	923   	5.14975e+42	5.14909e+45	8324.92	1.62747e+44	153.377	256	10 	34.9983
163	921   	8.58291e+43	8.15867e+46	8324.92	2.58206e+45	153.65 	246	10 	32.8582
164	901   	3.86853e+52	3.86853e+55	8283.09	1.22272e+54	158.494	248	10 	29.2259
165	908   	1.10813e+24	6.61276e+26	8213.17	2.40991e+25	161.275	242	10 	27.5874
166	938   	1.17538e+29	1.17526e+32	8207.59	3.71464e+30	166.139	251	15 	26.0844
167	933   	1.34836e+55	1.34836e+58	8158.04	4.26177e+56	167.396	241	10 	27.9829
168	908   	6.17783e+49	6.17783e+52	8158.04	1.95262e+51	171.953	251	14 	22.0493
169	914   	6.81907e+39	6.81907e+42	8155.29	2.1553e+41 	172.617	268	10 	25.5819
170	903   	2.839e+26  	2.8324e+29 	8153.53	8.95233e+27	173.129	245	9  	25.8434
171	902   	2.62639e+55	2.62639e+58	8148.01	8.30122e+56	174.901	260	13 	25.9063
172	932   	1.72464e+43	1.56434e+46	8143.3 	4.96978e+44	172.002	274	12 	28.7039
173	923   	3.45546e+34	3.15621e+37	8143.3 	1.00193e+36	171.226	334	13 	28.3668
174	903   	2.54704e+39	2.54704e+42	8136.2 	8.05042e+40	167.822	259	14 	28.5382
175	908   	5.16913e+41	5.16913e+44	7909.74	1.63381e+43	168.588	284	11 	27.6673
176	903   	9.26966e+39	9.26966e+42	7929.72	2.92986e+41	170.882	277	10 	26.7906
177	912   	2.51189e+33	2.51189e+36	7929.72	7.93932e+34	173.648	289	9  	27.0773
178	886   	1.06537e+43	1.06444e+46	7926.85	3.36438e+44	176.096	285	16 	24.5546
179	928   	4.16843e+26	2.3139e+29 	7923.61	8.69209e+27	177.41 	235	12 	24.403 
180	927   	5.53978e+38	5.51611e+41	7925.67	1.74348e+40	177.66 	240	21 	24.5714
181	902   	3.15621e+34	3.15621e+37	7506.69	9.97582e+35	177.776	263	12 	26.7854
182	897   	1.63189e+48	1.63189e+51	7488.37	5.15791e+49	176.172	257	9  	28.802 
183	905   	1.08319e+36	1.08245e+39	7242.31	3.42129e+37	177.393	267	21 	28.0555
184	910   	4.14303e+38	4.14303e+41	7225.36	1.30949e+40	175.069	270	17 	31.5077
185	897   	9.68397e+39	9.26966e+42	7225.36	2.93265e+41	180.866	268	23 	30.0339
186	904   	3.35057e+23	1.79515e+26	7225.36	7.4942e+24 	184.685	264	21 	35.0197
187	894   	3.22345e+37	3.22344e+40	7226.52	1.01883e+39	192.526	299	27 	36.3824
188	898   	1.77135e+33	1.77135e+36	7212.29	5.59871e+34	194.578	293	23 	37.4755
189	913   	2.04208e+38	2.04208e+41	7212.29	6.45438e+39	193.451	313	28 	40.0061
190	922   	2.54704e+39	2.54704e+42	7212.29	8.05042e+40	191.561	277	9  	40.689 
191	909   	9.27175e+39	9.27175e+42	7224.08	2.93052e+41	183.404	311	10 	42.4361
192	911   	3.26804e+29	3.26661e+32	7203.63	1.03248e+31	178.848	329	9  	39.5501
193	907   	4.14288e+38	4.14288e+41	7198.19	1.30944e+40	173.547	299	21 	34.096 
194	916   	4.14305e+38	4.14303e+41	7146.37	1.30949e+40	170.406	299	9  	30.8738
195	912   	1.85389e+40	1.85389e+43	7146.37	5.85958e+41	170.203	299	21 	30.334 
196	918   	4.1716e+24 	2.89243e+27	7141.1 	9.85692e+25	170.673	299	18 	30.7038
197	922   	1.45842e+24	1.16729e+27	7100.86	3.70853e+25	173.237	280	26 	32.161 
198	925   	1.98084e+42	1.98084e+45	7100.86	6.26082e+43	177.444	291	22 	35.7114
199	917   	5.31932e+32	4.7631e+35 	7078.52	1.5154e+34 	181.331	309	21 	37.5849
200	901   	1.06839e+38	1.06837e+41	7078.52	3.37679e+39	184.919	295	24 	40.5921
201	923   	1.316e+29  	1.31599e+32	6990.68	4.15946e+30	189.241	345	26 	43.547 
202	909   	3.26661e+29	3.26661e+32	6982.28	1.03248e+31	182.927	343	30 	41.9784
203	919   	2.04131e+40	9.26923e+42	6981.09	4.18252e+41	175.337	297	24 	38.4885
204	929   	9.26923e+39	9.26923e+42	6981.09	2.92972e+41	166.947	280	27 	35.518 
205	915   	6.53323e+29	3.26661e+32	6981.09	1.45941e+31	162.058	288	22 	34.4219
206	908   	9.26923e+39	9.26923e+42	6924.08	2.92972e+41	161.531	279	24 	29.843 
207	915   	7.58817e+33	7.58815e+36	6918.33	2.39838e+35	162.913	279	24 	29.2494
208	900   	6.59983e+26	2.85493e+29	6918.33	1.24496e+28	162.18 	271	24 	26.6703
209	910   	4.14288e+38	4.14288e+41	6918.33	1.30944e+40	161.399	271	24 	27.441 
210	933   	2.94391e+26	2.9439e+29 	6902.75	9.30477e+27	160.106	274	24 	29.171 
211	905   	8.28591e+38	8.28591e+41	6905.06	2.61892e+40	163.73 	260	24 	26.8041
212	925   	9.26923e+39	9.26923e+42	6897.8 	2.92972e+41	164.544	266	24 	29.4046
213	914   	4.95665e+30	4.95651e+33	6896.62	1.5666e+32 	166.301	263	24 	30.7315
214	902   	9.52919e+41	9.52919e+44	6896.62	3.01189e+43	167.208	260	24 	32.4012
215	901   	3.17796e+29	3.17796e+32	6896.01	1.00446e+31	164.674	254	24 	32.774 
216	896   	8.28591e+38	8.28591e+41	6896.01	2.61892e+40	161.313	283	24 	31.9379
217	936   	4.14303e+38	4.14303e+41	6896.01	1.30949e+40	158.169	269	24 	30.5933
218	899   	2.95548e+30	1.30666e+33	6896.01	5.92696e+31	159.461	269	24 	29.2096
219	918   	7.36414e+26	7.3256e+29 	6896.01	2.31541e+28	158.665	267	26 	29.8697
220	929   	2.59549e+40	1.85389e+43	6759.15	6.24853e+41	158.618	265	24 	31.054 
221	918   	1.78978e+30	1.54313e+33	6759.15	4.93139e+31	159.35 	263	9  	30.0183
222	922   	3.50598e+29	3.26661e+32	6749.05	1.03394e+31	156.002	263	9  	29.3986
223	909   	3.15621e+34	3.15621e+37	6759.15	9.97582e+35	155.855	272	9  	29.7959
224	937   	2.36245e+21	9.58624e+23	6759.15	3.60299e+22	156.452	272	18 	27.8945
225	897   	1.50168e+41	1.4083e+44 	6749.05	4.46068e+42	156.083	292	24 	29.7453
226	902   	8.28576e+38	8.28576e+41	6749.05	2.61888e+40	159.391	294	24 	32.0929
227	910   	7.40761e+32	7.40745e+35	6749.05	2.34127e+34	166.113	311	9  	32.5605
228	918   	2.08754e+40	1.85385e+43	6745.85	5.88388e+41	172.803	280	18 	35.6237
229	919   	3.15674e+34	3.15621e+37	6724.89	9.97582e+35	179.909	285	24 	34.5212
230	919   	6.22991e+36	6.21471e+39	6694.66	1.96428e+38	185.689	313	24 	34.2656
231	915   	1.00289e+33	1.00256e+36	6670.89	3.1688e+34 	186.731	293	23 	34.3281
232	909   	3.44985e+29	3.44741e+32	6648.95	1.08962e+31	188.704	311	26 	33.8341
233	907   	1.88698e+26	1.88649e+29	6641.91	5.96262e+27	190.866	330	24 	30.2864
234	898   	4.06672e+42	4.0663e+45 	6641.91	1.28523e+44	190.525	291	24 	28.5621
235	895   	1.03177e+34	1.03164e+37	6641.48	3.26071e+35	189.476	304	14 	31.3003
236	908   	2.94003e+30	2.93995e+33	6641.48	9.29229e+31	192.558	374	24 	30.9507
237	898   	1.85385e+40	1.85385e+43	6641.48	5.85944e+41	196.29 	293	32 	30.8755
238	896   	3.26655e+29	3.26654e+32	6641.62	1.03245e+31	194.402	309	24 	37.3791
239	918   	1.77135e+33	1.77135e+36	6624.44	5.59871e+34	197.13 	314	22 	36.2727
240	909   	5.17727e+25	5.15993e+28	6624.44	1.63089e+27	195.143	335	24 	37.0987
241	898   	3.15622e+34	3.15621e+37	6562.58	9.97582e+35	189.525	277	24 	36.7897
242	917   	1.37289e+40	1.37289e+43	6536.86	4.33928e+41	185.956	329	24 	35.6597
243	924   	1.30503e+22	1.06959e+25	6536.86	3.4004e+23 	183.067	302	24 	33.0365
244	918   	1.77171e+33	1.77135e+36	6535.6 	5.59871e+34	182.076	287	26 	32.3239
245	934   	6.08117e+28	6.0623e+31 	6535.6 	1.91611e+30	183.876	295	26 	33.4933
246	895   	1.06994e+38	1.06837e+41	6535.6 	3.37679e+39	186.564	293	24 	34.6965
247	925   	7.40746e+32	7.40745e+35	6520.47	2.34127e+34	192.547	293	26 	33.6227
248	914   	1.4083e+41 	1.4083e+44 	6520.47	4.45121e+42	200.85 	333	25 	32.0372
249	906   	3.79055e+40	1.85385e+43	6520.47	8.28613e+41	205.922	347	24 	31.7565
250	909   	1.50835e+39	1.50835e+42	6503.44	4.76743e+40	209.219	333	24 	26.9578
251	895   	1.68039e+32	1.68039e+35	6466.76	5.31122e+33	208.729	322	24 	27.3419
252	890   	7.00773e+37	7.00773e+40	6466.76	2.21493e+39	210.583	347	16 	26.5555
253	920   	7.57789e+28	6.0623e+31 	6451.63	1.97462e+30	213.33 	287	24 	27.4061
254	902   	1.37289e+40	1.37289e+43	6451.63	4.33928e+41	217.026	374	22 	29.9795
255	917   	1.248e+40  	1.248e+43  	6451.63	3.94454e+41	222.669	314	24 	30.4068
256	925   	2.65902e+21	9.23764e+23	6466.36	3.66499e+22	226.904	312	20 	32.107 
257	909   	7.02024e+22	6.64833e+25	6466.36	2.10305e+24	227.877	309	64 	31.4442
258	926   	5.6221e+38 	5.6221e+41 	6457.82	1.77698e+40	227.096	342	10 	31.9718
259	910   	1.51559e+28	1.51558e+31	6459.19	4.79027e+29	227.865	341	24 	30.4511
260	902   	2.61329e+30	1.30664e+33	6448.32	5.83764e+31	228.054	314	20 	30.2017
261	920   	5.62897e+38	5.62897e+41	6448.32	1.77915e+40	228.039	318	20 	29.1931
262	916   	2.86421e+26	2.8642e+29 	6448.32	9.05286e+27	228.399	295	20 	26.5945
263	901   	2.47836e+42	2.47753e+45	6448.32	7.83071e+43	226.97 	334	20 	30.2613
264	892   	6.2195e+28 	6.21938e+31	6445.46	1.96576e+30	230.583	321	22 	26.197 
265	901   	2.62088e+40	1.37289e+43	6429.87	5.86127e+41	231.35 	348	26 	28.6911
266	909   	3.44741e+29	3.44741e+32	6430.05	1.08962e+31	232.493	354	20 	29.2714
267	886   	1.34269e+30	1.3425e+33 	6429.87	4.24323e+31	234.078	326	16 	30.3531
268	901   	1.56965e+34	1.52023e+37	6429.87	4.80738e+35	234.444	327	19 	30.3669
269	910   	7.41151e+32	7.40745e+35	6420.38	2.34127e+34	231.704	377	18 	28.8611
270	905   	9.17205e+32	9.15572e+35	6415.41	2.89384e+34	229.533	295	18 	26.4709
271	899   	1.65664e+33	9.15572e+35	6415.41	3.72053e+34	226.957	328	20 	28.2777
272	910   	1.72529e+34	1.54812e+37	6415.41	4.9245e+35 	226.979	314	20 	25.1087
273	910   	2.85531e+26	2.85464e+29	6404.66	9.02263e+27	227.924	317	20 	25.4588
274	907   	7.65708e+28	6.0623e+31 	6410.09	1.98081e+30	229.961	309	22 	27.1455
275	913   	2.66826e+42	2.66826e+45	6410.09	8.43357e+43	232.137	297	24 	29.0903
276	915   	1.25143e+40	1.25143e+43	6410.79	3.9554e+41 	234.543	310	20 	26.1794
277	936   	1.54812e+34	1.54812e+37	6410.79	4.89313e+35	235.868	332	20 	29.4169
278	928   	2.68511e+42	2.66826e+45	6408.57	8.43368e+43	237.415	384	20 	28.4531
279	927   	1.52023e+34	1.52023e+37	6408.32	4.805e+35  	235.644	308	20 	28.8612
280	937   	7.42052e+32	7.40745e+35	6408.32	2.34127e+34	239.386	298	26 	21.2954
281	903   	2.88866e+42	2.88866e+45	6407.64	9.13016e+43	239.152	377	20 	28.2044
282	920   	1.35845e+30	1.3425e+33 	6404.92	4.24348e+31	239.606	307	20 	23.1007
283	911   	6.06247e+28	6.0623e+31 	6406.25	1.91611e+30	237.757	327	20 	30.1148
284	913   	1.86058e+33	1.1191e+36 	6405.26	4.23985e+34	238.764	313	20 	26.9914
285	909   	1.24736e+47	1.24736e+50	6242.33	3.94252e+48	238.371	316	20 	28.7884
286	909   	6.18951e+38	6.18951e+41	6242.33	1.95632e+40	237.466	317	20 	30.9987
287	897   	6.95074e+22	6.88847e+25	6242.33	2.17723e+24	237.039	400	15 	32.279 
288	922   	1.54812e+34	1.54812e+37	6242.33	4.89313e+35	235.509	305	22 	28.141 
289	922   	1.37619e+40	1.37515e+43	6220.98	4.34642e+41	234.013	320	22 	30.7649
290	897   	1.44821e+40	1.37289e+43	6220.98	4.34557e+41	236.506	325	22 	30.3081
291	913   	7.71515e+31	7.71513e+34	6220.98	2.43852e+33	240.387	406	20 	31.868 
292	931   	9.15572e+32	9.15572e+35	6220.98	2.89385e+34	244.063	376	21 	34.0303
293	901   	1.85385e+40	1.85385e+43	6202.6 	5.85944e+41	249.979	346	20 	30.6682
294	905   	9.98342e+28	9.95488e+31	6202.6 	3.14644e+30	252.205	328	20 	28.7504
295	904   	6.19676e+38	6.19676e+41	6202.6 	1.95861e+40	253.017	326	20 	28.7793
296	908   	2.71852e+26	2.71844e+29	6187.05	8.59216e+27	254.082	334	20 	31.8839
297	916   	2.84169e+42	2.83915e+45	6187.05	8.97367e+43	258.778	371	20 	29.6965
298	896   	2.3735e+53 	2.3735e+56 	6182.86	7.50192e+54	261.424	325	24 	32.0688
299	921   	2.45915e+41	2.45915e+44	6176.36	7.77262e+42	263.944	331	24 	30.4686
300	909   	1.54812e+34	1.54812e+37	6176.36	4.89313e+35	267.328	392	20 	34.708 
301	929   	4.14758e+22	3.9084e+25 	6176.36	1.23684e+24	271.501	432	22 	34.7885
302	921   	1.85385e+40	1.85385e+43	6167.62	5.85944e+41	275.232	350	32 	32.3484
303	911   	4.82268e+20	2.01153e+23	6167.62	8.88758e+21	277.488	361	32 	29.7036
304	899   	1.54812e+34	1.54812e+37	6167.62	4.89313e+35	279.114	386	32 	31.1358
305	913   	4.25017e+31	4.25017e+34	6167.19	1.34335e+33	280.067	348	32 	30.4998
306	900   	1.06441e+23	6.65949e+25	6165.2 	2.43951e+24	279.631	452	32 	30.3735
307	924   	2.54704e+39	2.54704e+42	6165.2 	8.05042e+40	279.836	428	32 	29.3739
308	916   	4.25018e+31	4.25016e+34	6155.27	1.34335e+33	282.689	420	32 	28.8638
309	889   	2.02224e+26	2.01017e+29	6162.56	6.35361e+27	285.187	350	36 	29.0877
310	898   	4.84354e+30	4.84354e+33	6161.35	1.5309e+32 	287.05 	361	32 	30.3061
311	905   	1.16738e+24	1.16712e+27	6162.56	3.68891e+25	287.402	354	36 	29.6979
312	910   	1.50835e+39	1.50835e+42	6155.45	4.76743e+40	286.803	380	36 	30.0182
313	914   	2.1754e+36 	2.1754e+39 	6150.69	6.87577e+37	285.903	355	44 	28.4505
314	915   	1.83647e+33	9.20842e+35	6143.32	4.10225e+34	285.21 	369	31 	28.4621
315	923   	6.18951e+38	6.18951e+41	6143.32	1.95632e+40	284.151	362	38 	27.5095
316	922   	6.31655e+20	5.84216e+23	6143.32	1.8497e+22 	284.039	396	36 	32.3581
317	914   	1.54812e+34	1.54812e+37	6143.32	4.89313e+35	288.342	371	36 	30.8558
318	922   	5.20446e+32	5.20446e+35	6143.32	1.64497e+34	291.831	371	36 	34.5988
319	917   	1.50835e+39	1.50835e+42	6143.32	4.76743e+40	294.553	385	36 	33.0015
320	911   	2.85195e+26	2.85127e+29	6099.8 	9.012e+27  	293.693	385	52 	31.8876
321	889   	9.15572e+32	9.15572e+35	6099.08	2.89385e+34	286.661	402	42 	36.1412
322	924   	7.41072e+32	7.40745e+35	6099.08	2.34127e+34	283.388	386	36 	30.3277
323	914   	6.18951e+38	6.18951e+41	6099.08	1.95632e+40	278.228	386	36 	32.8075
324	903   	6.1896e+38 	6.18951e+41	6093.03	1.95632e+40	278.726	388	11 	30.54  
325	914   	1.54812e+34	1.54812e+37	6093.03	4.89313e+35	277.289	347	36 	28.059 
326	908   	8.09182e+22	6.75044e+25	6093.03	2.1603e+24 	276.29 	341	36 	28.0066
327	904   	4.25017e+31	4.25017e+34	6092.61	1.34335e+33	277.075	395	40 	25.3732
328	906   	1.24085e+39	6.20425e+41	6092.61	2.77185e+40	274.939	338	36 	26.7953
329	895   	7.53182e+38	7.53182e+41	6082.06	2.38058e+40	275.875	352	37 	23.9959
330	894   	3.44741e+29	3.44741e+32	6082.06	1.08962e+31	275.579	337	36 	26.2384
331	914   	4.38729e+21	4.11548e+24	6082.06	1.30233e+23	275.595	353	36 	31.6939
332	917   	3.26662e+29	3.26661e+32	6082   	1.03248e+31	278.095	349	49 	25.055 
333	924   	1.59477e+28	1.59477e+31	6079.93	5.04057e+29	278.842	333	36 	28.9677
334	916   	1.71158e+24	1.64218e+27	6069.92	5.19448e+25	281.782	382	36 	24.3392
335	899   	1.66977e+34	1.66977e+37	6069.92	5.27762e+35	281.884	421	38 	26.6217
336	903   	9.14636e+33	9.10386e+36	6069.92	2.87747e+35	279.196	416	36 	27.0302
337	900   	9.76339e+28	9.76311e+31	6069.92	3.08582e+30	277.345	341	36 	27.6163
338	903   	4.0898e+22 	4.06114e+25	6074.08	1.28361e+24	275.481	419	36 	31.5752
339	932   	3.08516e+36	3.08516e+39	6074.08	9.75124e+37	275.416	335	36 	25.87  
340	924   	6.11197e+35	6.11197e+38	6063.54	1.93181e+37	275.57 	332	36 	30.0445
341	916   	1.16857e+24	1.16712e+27	6063.3 	3.68891e+25	275.465	419	11 	27.8178
342	894   	8.28576e+38	8.28576e+41	6063.3 	2.61888e+40	273.011	327	36 	29.0636
343	913   	1.08144e+23	6.75045e+25	6063.3 	2.48246e+24	271.872	340	36 	28.5488
344	910   	3.91383e+36	3.9129e+39 	6061.27	1.23675e+38	271.724	340	36 	30.6678
345	925   	1.51558e+28	1.51558e+31	6061.27	4.79027e+29	271.946	359	36 	27.0141
346	901   	1.49312e+41	1.49312e+44	6049.92	4.71929e+42	273.28 	352	45 	29.9273
347	919   	1.59479e+28	1.59478e+31	6047.23	5.04061e+29	274.478	485	36 	31.1698
348	912   	2.3263e+33 	2.32595e+36	6047.23	7.35163e+34	274.331	356	36 	35.921 
349	873   	1.85385e+40	1.85385e+43	6047.23	5.85944e+41	278.913	356	36 	32.7409
350	927   	3.18956e+28	1.59478e+31	6047.53	7.12494e+29	280.331	361	36 	36.4903
351	922   	6.89491e+29	3.44741e+32	6007.24	1.54019e+31	282.429	373	36 	40.7321
352	938   	4.32972e+32	4.32972e+35	6024.5 	1.36849e+34	286.626	367	36 	40.8543
353	926   	1.51564e+28	1.51558e+31	6024.5 	4.79027e+29	289.683	393	93 	37.8688
354	873   	1.25536e+34	1.16705e+37	6024.5 	3.69373e+35	289.874	410	36 	38.5987
355	915   	5.53206e+30	5.20536e+33	6024.5 	1.64839e+32	288.237	382	36 	40.1453
356	914   	4.48647e+22	4.06114e+25	6022.8 	1.28801e+24	287.072	376	36 	38.26  
357	921   	3.05667e+42	3.05665e+45	6022.8 	9.66115e+43	283.847	376	44 	36.7466
358	911   	6.21938e+28	6.21938e+31	6007.42	1.96576e+30	283.369	380	36 	37.9965
359	908   	1.07395e+33	1.07395e+36	5999.55	3.39443e+34	288.716	380	44 	35.5089
360	898   	5.20444e+32	5.20444e+35	5999.39	1.64496e+34	294.599	389	40 	36.8211
361	904   	1.85385e+40	1.85385e+43	5974.17	5.85944e+41	301.84 	383	36 	30.5527
362	932   	1.85385e+40	1.85385e+43	5974.17	5.85944e+41	302.955	380	36 	31.045 
363	898   	2.06056e+26	2.05983e+29	5913.95	6.51049e+27	305.224	381	36 	30.1445
364	914   	1.615e+28  	1.59478e+31	5913.95	5.04095e+29	306.738	429	41 	31.3352
365	898   	1.6317e+28 	1.59478e+31	5913.95	5.04137e+29	309.326	359	38 	29.648 
366	931   	5.20446e+36	5.20446e+39	5913.95	1.64497e+38	307.558	421	36 	32.4727
367	904   	1.80361e+35	1.80361e+38	5855.85	5.70066e+36	305.622	367	36 	30.8953
368	892   	1.21629e+40	1.21629e+43	5855.85	3.84431e+41	299.403	379	39 	33.6809
369	911   	1.80615e+34	1.8019e+37 	5855.85	5.69526e+35	291.846	395	38 	33.3194
370	894   	7.40745e+32	7.40745e+35	5855.85	2.34127e+34	290.271	378	36 	30.0162
371	914   	1.82822e+35	1.80361e+38	5854.69	5.70111e+36	288.288	367	36 	30.4632
372	914   	5.80939e+22	5.55919e+25	5854.05	1.75739e+24	285.842	417	36 	34.3169
373	923   	5.38893e+30	5.20536e+33	5855.85	1.64563e+32	282.483	392	36 	33.6492
374	905   	2.48566e+29	2.48566e+32	5854.32	7.85642e+30	282.916	358	36 	32.3189
375	900   	6.03992e+32	6.03992e+35	5854.19	1.90903e+34	283.899	342	36 	32.8381
376	906   	1.85126e+33	1.85126e+36	5853.6 	5.85126e+34	285.408	413	36 	30.473 
377	911   	5.20446e+32	5.20446e+35	5851.29	1.64497e+34	285.44 	344	36 	29.2873
378	913   	1.68453e+40	1.68453e+43	5851.29	5.32429e+41	283.59 	391	36 	36.362 
379	895   	4.25017e+31	4.25017e+34	5851.29	1.34335e+33	288.158	447	36 	32.4013
380	909   	4.75416e+22	4.06114e+25	5836.51	1.29332e+24	291.355	356	62 	25.9934
381	904   	4.57242e+32	4.09694e+35	5836.46	1.30298e+34	293.833	366	37 	26.9258
382	917   	1.54812e+34	1.54812e+37	5836.46	4.89313e+35	293.463	354	36 	29.7186
383	929   	4.49295e+20	2.01153e+23	5822.73	7.92413e+21	295.132	395	36 	26.3275
384	884   	8.03398e+20	4.99701e+23	5822.73	1.67889e+22	294.577	394	36 	29.0327
385	910   	2.36591e+36	2.36591e+39	5822.73	7.47793e+37	296.056	402	41 	27.0487
386	889   	1.85385e+40	1.85385e+43	5818.69	5.85944e+41	298.219	396	36 	29.0412
387	892   	1.33903e+40	1.33903e+43	5819.15	4.23228e+41	301.079	398	109	24.7149
388	915   	3.26662e+29	3.26661e+32	5819.15	1.03248e+31	299.958	396	109	27.7219
389	940   	1.16705e+34	1.16705e+37	5819.14	3.68869e+35	299.325	414	38 	33.0519
390	890   	7.24334e+23	6.67397e+26	5818.44	2.11655e+25	300.928	394	36 	32.0856
391	899   	1.37746e+40	1.37746e+43	5818.44	4.35375e+41	302.659	406	77 	26.2951
392	898   	1.02281e+29	1.02281e+32	5816.25	3.23278e+30	302.05 	399	36 	30.7578
393	902   	1.29428e+37	1.29419e+40	5770.52	4.09054e+38	303.809	393	36 	27.7231
394	921   	4.12567e+20	2.05849e+23	5770.52	9.09244e+21	300.797	367	36 	33.0587
395	904   	2.12581e+35	1.99994e+38	5770.52	6.33161e+36	301.792	472	36 	29.8356
396	911   	1.15544e+20	1.01779e+23	5770.52	3.24171e+21	302.866	382	36 	31.6109
397	932   	6.67538e+23	6.67397e+26	5770.52	2.10944e+25	303.489	380	38 	30.5515
398	892   	3.32992e+34	3.32992e+37	5766.72	1.05249e+36	304.248	367	36 	32.3532
399	906   	2.69616e+24	2.64415e+27	5766.72	8.35877e+25	307.113	473	37 	30.4426
400	914   	6.03825e+38	6.03813e+41	5766.72	1.90847e+40	307.205	401	77 	30.5831
401	913   	3.99624e+42	3.99624e+45	5761.32	1.26309e+44	309.451	403	36 	38.6402
402	888   	3.39968e+20	2.21352e+23	5761.32	7.52866e+21	314.381	384	36 	28.92  
403	896   	1.29419e+37	1.29419e+40	5760.74	4.09054e+38	317.67 	401	59 	24.965 
404	910   	2.52769e+28	2.52769e+31	5760.74	7.98925e+29	319.499	387	36 	29.1245
405	906   	2.67813e+26	2.67691e+29	5760.74	8.46089e+27	321.091	399	36 	30.7808
406	904   	1.59478e+28	1.59478e+31	5760.74	5.04061e+29	323.459	402	34 	28.1721
407	899   	1.01369e+33	6.03992e+35	5760.35	2.3057e+34 	323.447	384	36 	27.3296
408	905   	1.29631e+37	1.29429e+40	5760.35	4.09084e+38	323.819	386	48 	25.5532
409	912   	2.76138e+36	2.76097e+39	5760.09	8.7266e+37 	322.602	503	37 	29.2183
410	904   	1.39864e+40	1.33819e+43	5753.22	4.23374e+41	322.346	396	36 	27.3115
411	918   	3.26661e+29	3.26661e+32	5753.22	1.03248e+31	320.927	406	36 	29.7526
412	912   	5.69229e+33	5.64979e+36	5753.22	1.78576e+35	319.308	456	25 	32.5082
413	909   	6.29884e+22	5.18774e+25	5753.22	1.67384e+24	319.969	418	36 	29.2077
414	920   	9.51356e+33	9.10386e+36	5752.16	2.88024e+35	320.498	399	38 	25.3427
415	912   	2.37826e+34	1.16705e+37	5752.16	5.21566e+35	318.974	406	36 	29.5104
416	930   	1.2102e+39 	1.2102e+42 	5756.43	3.82508e+40	318.871	413	36 	29.862 
417	910   	9.86373e+32	5.76335e+35	5753.64	2.23392e+34	320.177	419	37 	26.0324
418	907   	8.10153e+32	4.09694e+35	5753.64	1.80985e+34	319.359	401	36 	28.2206
419	901   	1.37746e+40	1.37746e+43	5753.64	4.35375e+41	321.477	403	36 	27.2608
420	905   	2.17535e+36	2.17535e+39	5750.28	6.87562e+37	320.385	498	36 	30.8126
421	921   	5.76413e+32	5.76335e+35	5750.28	1.82162e+34	322.292	416	113	23.6659
422	923   	3.44741e+29	3.44741e+32	5750.09	1.08962e+31	321.626	435	31 	28.5458
423	910   	4.09699e+32	4.09699e+35	5750.09	1.29493e+34	321.794	404	36 	30.2099
424	901   	7.14273e+20	6.22964e+23	5750.09	1.97595e+22	322.953	393	36 	27.3151
425	915   	3.73545e+21	2.40918e+24	5750.09	8.12718e+22	322.493	411	38 	30.3354
426	919   	6.80969e+21	6.4253e+24 	5749.27	2.0319e+23 	324.402	458	121	28.0567
427	873   	2.06771e+34	2.06771e+37	5746.84	6.53541e+35	324.704	479	38 	27.5916
428	928   	6.36378e+38	6.36377e+41	5746.84	2.01139e+40	324.193	420	36 	28.5757
429	904   	1.00516e+33	1.00482e+36	5746.84	3.17592e+34	324.347	408	36 	29.8618
430	896   	3.91331e+36	3.9129e+39 	5746.84	1.23675e+38	324.774	439	42 	26.6098
431	911   	6.21172e+38	6.21172e+41	5747.01	1.96334e+40	327.142	509	36 	29.98  
432	885   	1.00921e+32	5.84119e+34	5746.95	2.28198e+33	328.562	435	38 	31.3784
433	919   	1.08078e+33	1.08078e+36	5743.99	3.416e+34  	330.319	429	36 	32.9116
434	930   	3.44944e+29	3.44741e+32	5741.32	1.08962e+31	332.532	431	38 	29.7309
435	924   	6.03992e+32	6.03992e+35	5738.84	1.90903e+34	333.72 	416	36 	31.0406
436	919   	2.5279e+28 	2.52769e+31	5738.84	7.98925e+29	333.666	442	36 	34.9905
437	899   	2.07744e+34	1.16705e+37	5738.84	4.676e+35  	337.28 	414	36 	31.5874
438	898   	1.51559e+28	1.51558e+31	5738.84	4.79028e+29	336.918	425	36 	30.9662
439	913   	8.00621e+21	7.81275e+24	5738.84	2.46957e+23	337.112	467	36 	33.1243
440	899   	2.22755e+33	2.22755e+36	5738.81	7.04061e+34	336.062	403	38 	30.0968
441	909   	4.39423e+22	4.06114e+25	5738.58	1.28586e+24	339.115	419	44 	34.9704
442	913   	2.1754e+36 	2.1754e+39 	5738.58	6.87577e+37	344.64 	409	40 	31.545 
443	921   	1.50835e+39	1.50835e+42	5738.58	4.76743e+40	346.141	477	36 	36.5569
444	907   	2.09811e+28	2.09811e+31	5738.58	6.6315e+29 	347.688	415	19 	42.1102
445	904   	5.20446e+32	5.20446e+35	5738.58	1.64497e+34	351.284	490	36 	38.7203
446	922   	1.06837e+38	1.06837e+41	5738.29	3.37679e+39	352.547	460	36 	37.4661
447	905   	9.10394e+33	9.10386e+36	5738.36	2.87745e+35	354.032	441	36 	33.3299
448	940   	3.44741e+29	3.44741e+32	5736.81	1.08962e+31	349.106	422	36 	39.947 
449	904   	4.67353e+20	1.39758e+23	5736.81	7.66843e+21	350.488	429	40 	34.0197
450	897   	2.30319e+33	2.22755e+36	5736.81	7.04443e+34	347.928	454	37 	38.0668
451	911   	2.47434e+36	2.47373e+39	5736.42	7.81871e+37	347.689	428	37 	35.4425
452	916   	1.09358e+24	9.6237e+26 	5736.42	3.05724e+25	341.869	416	36 	39.4681
453	885   	3.04564e+33	3.04564e+36	5736.27	9.62634e+34	340.897	416	170	30.7204
454	914   	4.25017e+31	4.25017e+34	5735.77	1.34335e+33	336.56 	474	38 	32.9595
455	938   	8.45388e+23	7.92766e+26	5736.27	2.5109e+25 	332.776	412	36 	33.6519
456	883   	1.73922e+23	6.97591e+25	5736.27	3.19898e+24	330.793	434	36 	32.5506
457	940   	3.20114e+27	3.20108e+30	5736.27	1.01177e+29	330.298	457	37 	32.049 
458	906   	6.61836e+20	1.40315e+23	5736.27	9.17841e+21	331.385	422	122	27.9653
459	916   	4.684e+20  	1.36105e+23	5736.27	6.82174e+21	327.354	423	36 	33.7661
460	922   	5.90552e+38	5.76015e+41	5735.87	1.82103e+40	327.224	467	36 	29.1191
461	915   	1.61414e+28	1.59478e+31	5735.77	5.04092e+29	326.219	436	38 	32.5456
462	895   	1.23729e+21	5.30757e+23	5735.87	1.93639e+22	327.797	423	36 	33.2283
463	907   	3.85792e+23	3.85525e+26	5734.6 	1.21853e+25	326.359	422	55 	30.4471
464	911   	6.214e+38  	6.21327e+41	5734.6 	1.96383e+40	326.671	422	34 	29.0117
465	921   	1.92544e+41	1.92544e+44	5734.6 	6.08574e+42	323.749	413	36 	33.1881
466	918   	1.37746e+40	1.37746e+43	5734.6 	4.35375e+41	324.656	481	61 	30.9472
467	904   	5.24003e+22	5.19488e+25	5734.48	1.64194e+24	324.419	406	36 	35.7803
468	917   	9.10386e+33	9.10386e+36	5733.53	2.87745e+35	326.649	399	21 	31.4065
469	922   	7.40745e+32	7.40745e+35	5733.57	2.34127e+34	328.602	399	124	25.6682
470	914   	7.81259e+23	7.7837e+26 	5733.18	2.46019e+25	329.371	418	36 	28.7199
471	908   	1.59383e+36	1.59383e+39	5733.18	5.03763e+37	330.77 	493	36 	29.3518
472	907   	3.9129e+36 	3.9129e+39 	5733.18	1.23675e+38	332.566	493	36 	28.3162
473	902   	7.18746e+34	7.18314e+37	5733.18	2.27037e+36	333.177	497	36 	31.4709
474	925   	6.95735e+22	6.8587e+25 	5732.98	2.16785e+24	333.235	440	36 	29.3697
475	926   	5.24658e+22	5.19488e+25	5732.98	1.64195e+24	334.645	513	36 	33.0361
476	903   	1.59444e+36	1.59383e+39	5732.98	5.03763e+37	337.057	437	4  	29.1442
477	917   	1.71991e+35	1.71991e+38	5732.93	5.43611e+36	339.298	431	122	24.2186
478	916   	6.23393e+38	6.23393e+41	5732.93	1.97035e+40	340.925	483	36 	28.3904
479	939   	1.78579e+24	1.78522e+27	5731.72	5.64255e+25	340.751	416	34 	31.8674
480	906   	4.20957e+32	4.20957e+35	5732.75	1.33052e+34	340.892	512	36 	33.9604
481	901   	5.78398e+38	5.77773e+41	5731.54	1.82617e+40	342.855	446	27 	35.3478
482	906   	1.18079e+35	1.17475e+38	5731.54	3.71305e+36	343.256	424	36 	31.6434
483	908   	6.72651e+22	5.00794e+25	5731.54	1.66985e+24	344.524	415	36 	30.2669
484	917   	1.80361e+35	1.80361e+38	5730.91	5.70066e+36	345.879	450	50 	24.7132
485	915   	3.9129e+36 	3.9129e+39 	5730.91	1.23675e+38	343.988	493	36 	33.181 
486	940   	1.80361e+35	1.80361e+38	5730.91	5.70066e+36	345.639	434	36 	28.609 
487	914   	1.59428e+36	1.59428e+39	5730.91	5.03903e+37	344.011	425	36 	33.4779
488	923   	3.9129e+36 	3.9129e+39 	5731.34	1.23675e+38	345.549	417	36 	31.4272
489	921   	3.91301e+36	3.9129e+39 	5730.43	1.23675e+38	344.739	396	36 	32.3691
490	905   	6.10085e+38	6.10085e+41	5731.02	1.92829e+40	345.863	444	36 	30.2956
491	908   	4.90496e+25	4.90494e+28	5731.02	1.5503e+27 	344.878	423	36 	29.3134
492	915   	1.51565e+28	1.51558e+31	5730.82	4.79027e+29	348.025	405	140	21.8842
493	903   	1.59536e+36	1.59536e+39	5730.82	5.04243e+37	346.783	422	28 	28.058 
494	907   	1.38249e+40	1.38237e+43	5730.82	4.36924e+41	347.329	401	36 	28.1313
495	871   	1.31228e+37	1.29419e+40	5730.82	4.09088e+38	347.845	426	40 	30.5335
496	932   	6.39796e+33	6.35546e+36	5730.82	2.0088e+35 	347.873	427	36 	26.8884
497	925   	4.09612e+22	4.0611e+25 	5730.27	1.28359e+24	345.729	433	36 	34.9265
498	907   	4.25691e+31	4.25017e+34	5730.27	1.34335e+33	348.151	423	34 	28.9162
499	923   	9.25622e+22	5.19488e+25	5730.27	2.08311e+24	348.645	424	52 	28.4376
500	923   	1.37896e+30	1.37896e+33	5730.27	4.35848e+31	348.622	435	36 	27.4774