   	      	                      fitness                      	              size             
   	      	---------------------------------------------------	-------------------------------
gen	nevals	avg        	max        	min    	std        	avg    	max	min	std    
0  	1000  	5.31031e+66	5.31031e+69	38497.9	1.67843e+68	12.872 	77 	3  	13.0025
1  	922   	1.2275e+32 	1.22678e+35	38497.9	3.87749e+33	11.504 	77 	2  	11.5345
2  	893   	2.34665e+25	2.34665e+28	38497.9	7.41705e+26	12.614 	62 	2  	11.5135
3  	897   	5.88364e+37	4.14826e+40	37435.2	1.42074e+39	13.415 	57 	2  	10.5215
4  	918   	8.26473e+28	8.26222e+31	37435.2	2.61144e+30	14.063 	59 	2  	9.97101
5  	902   	1.79348e+26	9.92706e+28	27089.7	4.02914e+27	17.146 	83 	2  	10.4312
6  	903   	3.08916e+33	3.08916e+36	32311.7	9.76391e+34	22.061 	81 	2  	11.1201
7  	910   	2.5545e+32 	2.5545e+35 	27547  	8.074e+33  	26.928 	71 	2  	11.3711
8  	906   	4.06025e+31	4.06025e+34	23562.1	1.28332e+33	29.804 	77 	4  	11.9068
9  	901   	2.79835e+28	2.7952e+31 	27112.1	8.83479e+29	32.718 	77 	3  	13.1949
10 	890   	1.00986e+48	1.00986e+51	16552  	3.19187e+49	35.22  	83 	3  	15.0786
11 	913   	1.11276e+36	1.11275e+39	16541.6	3.51707e+37	37.955 	92 	7  	15.3442
12 	892   	4.07729e+33	4.07728e+36	16541.6	1.28871e+35	41.266 	108	7  	16.2135
13 	918   	1.01494e+26	5.41008e+28	16402.3	2.00838e+27	43.555 	118	6  	16.9739
14 	917   	1.41982e+38	7.09911e+40	14829.8	3.17164e+39	45.388 	132	6  	18.3481
15 	896   	4.27608e+26	4.19691e+29	16436.9	1.32662e+28	47.496 	128	6  	19.4465
16 	914   	3.93511e+34	3.93505e+37	14829.8	1.24375e+36	46.374 	137	6  	20.3458
17 	916   	2.22906e+35	1.83555e+38	14718  	5.93223e+36	43.068 	131	6  	20.8655
18 	903   	9.10187e+31	9.10186e+34	14829.7	2.87682e+33	40.37  	133	6  	19.0106
19 	907   	9.54681e+37	9.54681e+40	14574.6	3.01746e+39	39.911 	139	4  	16.6987
20 	905   	3.04926e+24	1.92843e+27	14190  	6.5951e+25 	40.686 	139	5  	16.4727
21 	917   	3.93505e+34	3.93505e+37	13935.3	1.24375e+36	42.571 	114	3  	16.1425
22 	931   	1.59376e+42	1.59375e+45	13935.3	5.03737e+43	45.701 	121	3  	17.8079
23 	914   	1.08346e+34	1.08346e+37	13740.4	3.4245e+35 	48.916 	125	6  	19.3107
24 	914   	1.74076e+28	1.74071e+31	13935.3	5.50186e+29	51.273 	125	3  	19.3909
25 	912   	6.53256e+30	6.53255e+33	13551.8	2.06474e+32	53.882 	124	6  	19.4547
26 	921   	3.80145e+24	1.91728e+27	13551.8	8.49203e+25	56.813 	110	6  	18.6955
27 	899   	3.51612e+32	3.51612e+35	13413.4	1.11134e+34	59.328 	125	6  	17.993 
28 	891   	7.00222e+22	6.99976e+25	13413.1	2.21241e+24	59.154 	121	3  	17.6344
29 	902   	1.18905e+24	5.95942e+26	13413.4	2.43786e+25	59.454 	139	3  	18.3568
30 	918   	4.52531e+35	4.52531e+38	13411.6	1.43031e+37	56.794 	154	3  	18.6085
31 	903   	9.7418e+24 	5.44059e+27	13411.7	1.87521e+26	56.608 	121	4  	18.2776
32 	938   	1.28287e+24	7.26372e+26	13156.1	2.84236e+25	56.602 	123	3  	18.7764
33 	914   	1.22361e+42	1.22361e+45	13156.1	3.86746e+43	56.997 	129	3  	19.0881
34 	916   	2.44686e+29	2.44683e+32	13156.1	7.73367e+30	57.137 	135	3  	19.0765
35 	908   	3.79808e+27	3.79556e+30	12755.7	1.19966e+29	60.464 	147	3  	20.3281
36 	905   	2.99443e+23	1.84817e+26	12755.7	6.59436e+24	65.736 	142	3  	21.8919
37 	904   	9.80254e+24	9.7313e+27 	12755.7	3.07576e+26	71.237 	136	3  	21.9848
38 	898   	8.84887e+24	8.62072e+27	12755.7	2.72531e+26	73.318 	139	3  	21.7809
39 	901   	1.45972e+25	9.73141e+27	12705.1	3.28751e+26	75.301 	162	3  	22.537 
40 	897   	7.76921e+24	6.76667e+27	12559.4	2.15075e+26	72.71  	147	6  	21.245 
41 	911   	1.39441e+26	1.39421e+29	12726  	4.40667e+27	71.299 	142	4  	20.6528
42 	915   	2.49969e+28	2.49959e+31	12580  	7.90044e+29	72.734 	145	3  	19.1216
43 	914   	1.46705e+24	6.42647e+26	12468  	2.83329e+25	74.367 	176	6  	20.3365
44 	920   	3.84489e+24	1.98347e+27	12467.8	7.06301e+25	76.471 	151	10 	20.0318
45 	901   	6.29793e+25	6.08343e+28	12466.5	1.92305e+27	81.154 	150	8  	21     
46 	900   	9.63816e+24	8.64863e+27	12466.5	2.74173e+26	86.151 	155	3  	21.8973
47 	927   	2.55892e+25	2.34143e+28	12445.6	7.4077e+26 	89.229 	181	7  	21.2537
48 	904   	2.64427e+25	2.05243e+28	11902.7	6.68773e+26	91.521 	164	20 	19.718 
49 	918   	2.40596e+24	1.83361e+27	11902.4	6.00371e+25	91.138 	160	3  	19.4404
50 	918   	3.13707e+23	1.80702e+26	11852.8	6.78826e+24	90.96  	161	8  	19.237 
51 	925   	8.37829e+34	8.37829e+37	11668.6	2.64812e+36	89.846 	162	4  	20.0774
52 	914   	2.07886e+29	2.07803e+32	11663  	6.56801e+30	91.242 	155	20 	19.6614
53 	929   	2.8255e+26 	2.56407e+29	11655.1	8.12984e+27	92.232 	154	11 	20.7909
54 	895   	2.52215e+24	9.37924e+26	11514.7	4.60733e+25	94.124 	159	24 	20.9232
55 	894   	4.61785e+36	4.61785e+39	11326.1	1.45956e+38	92.953 	165	11 	21.4055
56 	894   	1.14751e+24	6.16701e+26	11326.1	2.43664e+25	93.709 	154	10 	20.1916
57 	910   	1.1304e+25 	8.93609e+27	11326.1	2.85119e+26	96.222 	170	4  	21.2158
58 	919   	2.27556e+25	2.05243e+28	11339.6	6.49798e+26	98.963 	175	11 	21.2057
59 	921   	1.86284e+36	1.86284e+39	11270.7	5.88786e+37	102.82 	169	17 	21.4886
60 	914   	6.12028e+24	2.17319e+27	11270.7	8.7643e+25 	106.38 	173	37 	21.627 
61 	915   	1.35884e+27	1.34818e+30	10970.5	4.26124e+28	108.374	183	27 	22.8923
62 	916   	2.53722e+25	2.05243e+28	10970.5	6.57483e+26	109.037	168	42 	22.3361
63 	889   	2.2472e+27 	2.21196e+30	10970.5	6.99159e+28	106.759	215	4  	25.2105
64 	918   	6.0189e+34 	6.0189e+37 	10970.5	1.90239e+36	106.98 	184	16 	23.8463
65 	927   	2.22638e+25	2.05243e+28	10970.5	6.4941e+26 	107.778	193	21 	24.9766
66 	924   	8.18774e+30	7.72847e+33	10970.5	2.4469e+32 	110.164	172	32 	24.2827
67 	897   	9.88508e+40	9.88508e+43	10970.5	3.12437e+42	108.722	214	15 	24.772 
68 	875   	4.59318e+29	4.59266e+32	10913.9	1.4516e+31 	107.83 	185	13 	23.5727
69 	916   	1.77129e+35	1.77129e+38	10909.6	5.5985e+36 	104.199	179	17 	22.2489
70 	925   	6.16813e+36	4.79268e+39	10796.4	1.57555e+38	101.912	174	11 	19.9972
71 	895   	1.12058e+27	1.0568e+30 	10796.4	3.34191e+28	101.541	198	9  	19.038 
72 	898   	2.39451e+25	2.05243e+28	10796.1	6.50393e+26	102.214	158	22 	18.5038
73 	919   	1.14082e+46	1.14082e+49	10796.1	3.60579e+47	103.488	189	16 	20.5602
74 	921   	6.41457e+23	6.1153e+26 	10796.1	1.93374e+25	103.667	158	30 	21.1637
75 	923   	4.33786e+25	2.05243e+28	10787.5	9.17566e+26	105.671	174	21 	21.148 
76 	890   	8.16864e+24	5.13106e+27	10736  	1.67559e+26	105.539	173	23 	21.1185
77 	896   	4.95102e+26	4.80602e+29	10736  	1.51932e+28	106.386	163	3  	20.357 
78 	906   	1.44085e+24	8.12942e+26	10735.8	3.21407e+25	105.294	163	25 	21.9019
79 	898   	2.40715e+24	6.51544e+26	10617.5	3.76609e+25	105.567	193	23 	22.9338
80 	905   	2.21151e+25	2.05243e+28	10617.5	6.49357e+26	106.207	180	20 	22.9195
81 	913   	2.76558e+45	2.76558e+48	10653.6	8.74115e+46	103.258	167	20 	20.4626
82 	889   	1.18894e+31	1.18893e+34	10653.6	3.75786e+32	103.639	158	23 	19.95  
83 	927   	4.23877e+27	4.22677e+30	10646.6	1.33595e+29	104.548	174	33 	18.7669
84 	904   	1.43867e+24	6.27066e+26	10608.4	2.78015e+25	106.169	200	23 	18.5829
85 	881   	4.79269e+27	4.78924e+30	10608.4	1.51373e+29	106.966	178	24 	18.5916
86 	902   	2.44803e+24	7.3402e+26 	10608.4	3.79869e+25	108.544	186	9  	20.0595
87 	901   	2.44356e+36	2.44356e+39	10563.1	7.72334e+37	109.59 	185	21 	19.1418
88 	901   	7.23352e+24	2.60618e+27	10351.4	9.9412e+25 	110.288	167	19 	18.5042
89 	914   	5.2989e+24 	2.64401e+27	10351.4	9.29125e+25	111.804	178	27 	18.0172
90 	918   	1.70294e+25	1.00123e+28	10351.4	3.43024e+26	113.308	186	30 	19.8438
91 	909   	6.05292e+24	5.13106e+27	10351.4	1.63101e+26	116.589	195	29 	20.2609
92 	903   	1.14227e+25	9.85427e+27	10351.4	3.12885e+26	119.506	205	20 	22.0782
93 	906   	6.67657e+24	4.91413e+27	10350.3	1.60391e+26	123.353	213	25 	23.1187
94 	926   	3.78481e+24	2.76868e+27	10350.3	9.02746e+25	124.993	215	34 	24.2127
95 	909   	1.11051e+36	1.11051e+39	10302.5	3.50997e+37	127.91 	222	36 	24.4563
96 	904   	2.02476e+24	7.5232e+26 	10302.5	3.45726e+25	128.655	220	25 	25.7732
97 	908   	4.18686e+24	2.64345e+27	10302.5	8.8752e+25 	128.982	219	33 	22.9566
98 	896   	2.69949e+24	6.61002e+26	10258  	4.15787e+25	126.491	199	31 	22.339 
99 	926   	1.44775e+24	6.60859e+26	10258  	2.96323e+25	124.688	193	21 	21.566 
100	931   	9.39508e+22	5.1491e+25 	10258  	1.78427e+24	123.983	219	33 	21.3414
101	903   	1.0265e+30 	1.0265e+33 	10258  	3.24444e+31	122.905	201	33 	22.3867
102	925   	4.08561e+24	2.61929e+27	10258  	8.79132e+25	124.148	202	34 	20.7095
103	922   	3.69467e+24	1.32948e+27	10258  	5.59936e+25	125.45 	214	31 	22.3183
104	911   	2.59391e+40	2.59391e+43	10118.5	8.19857e+41	130.026	212	38 	22.8122
105	911   	7.81622e+23	6.60864e+26	10118.5	2.11415e+25	135.716	232	14 	24.9491
106	913   	1.151e+25  	1.01508e+28	10118.5	3.2215e+26 	142.81 	236	37 	24.5498
107	920   	6.80049e+23	6.60859e+26	10118.5	2.08918e+25	147.024	236	26 	24.2906
108	908   	1.06979e+25	1.00123e+28	10111.7	3.17126e+26	148.569	208	37 	22.8593
109	922   	4.0154e+22 	2.83238e+25	10111.7	9.69834e+23	148.658	206	26 	23.9252
110	922   	6.6126e+21 	2.6649e+24 	10111.7	1.1666e+23 	148.104	221	36 	24.7684
111	917   	2.78206e+24	2.67912e+27	10111.7	8.47375e+25	146.989	270	36 	24.0916
112	925   	2.02095e+36	2.02095e+39	10111.7	6.38761e+37	144.417	246	36 	22.2461
113	899   	2.20378e+24	6.6086e+26 	10111.7	3.67728e+25	142.212	228	42 	22.2684
114	913   	3.12647e+24	2.99333e+27	10091.4	9.46631e+25	140.364	228	9  	21.1518
115	919   	4.64969e+24	2.64343e+27	10091.4	9.09758e+25	139.705	209	50 	20.54  
116	905   	1.34728e+25	6.88748e+27	10071.9	2.6354e+26 	141.788	203	5  	19.1411
117	929   	1.66267e+24	7.55013e+26	10071.9	3.24818e+25	141.706	218	48 	20.7753
118	926   	7.27085e+23	6.60859e+26	9941.64	2.09429e+25	142.575	254	51 	19.335 
119	923   	2.65565e+24	2.64343e+27	9941.64	8.35514e+25	141.308	203	42 	21.2992
120	906   	3.53411e+24	6.60859e+26	9916.36	4.67133e+25	141.811	211	56 	20.9839
121	928   	2.13912e+25	1.00123e+28	9860.28	4.48229e+26	143.574	201	51 	20.091 
122	893   	5.13379e+24	3.72851e+27	9676.16	1.21871e+26	144.065	223	48 	22.0447
123	922   	4.51053e+24	3.82276e+27	9676.16	1.22478e+26	143.475	224	33 	20.4921
124	910   	1.0265e+30 	1.0265e+33 	9637.44	3.24444e+31	141.705	235	13 	21.9348
125	912   	2.92063e+25	1.84274e+28	9637.44	6.6288e+26 	138.149	197	14 	22.181 
126	895   	1.38662e+49	1.38662e+52	9637.44	4.38269e+50	135.679	228	43 	22.6501
127	932   	1.405e+24  	1.20504e+27	9676.16	3.83539e+25	132.149	255	31 	25.4383
128	889   	1.65634e+24	6.37987e+26	9676.16	2.91748e+25	130.744	200	26 	26.2886
129	911   	8.46861e+23	6.48996e+26	9676.16	2.09907e+25	124.869	197	28 	27.5805
130	877   	1.67648e+22	1.64582e+25	9644.35	5.20249e+23	120.04 	217	22 	29.3009
131	912   	4.27024e+25	4.26973e+28	9644.35	1.34953e+27	112.153	216	23 	27.1797
132	902   	9.73568e+23	9.35861e+26	9608.22	2.95872e+25	108.348	186	31 	24.4401
133	914   	6.85972e+22	2.18504e+25	9608.22	1.06878e+24	105.547	191	22 	22.9687
134	911   	5.21412e+34	5.21412e+37	9593.56	1.64802e+36	105.759	210	30 	21.6582
135	900   	1.11063e+25	9.894e+27  	9587.39	3.13746e+26	108.959	192	26 	22.4745
136	899   	2.8507e+24 	1.05275e+27	9553.2 	4.98657e+25	111.22 	217	24 	27.771 
137	894   	8.11369e+24	6.29225e+27	9480.25	2.00999e+26	118.26 	221	18 	32.1974
138	897   	1.3499e+24 	6.57584e+26	9503.34	2.93873e+25	129.013	224	30 	36.7169
139	914   	1.63947e+24	9.71099e+26	9484.06	3.68384e+25	141.448	239	31 	38.4433
140	914   	2.24057e+23	2.06665e+26	9480.25	6.54644e+24	154.98 	239	31 	38.0403
141	903   	1.06972e+24	1.05275e+27	9441.9 	3.32765e+25	166.057	229	47 	33.1341
142	922   	2.13036e+24	1.02092e+27	9441.9 	4.05726e+25	170.879	240	41 	30.1304
143	911   	1.0057e+25 	9.89462e+27	9441.9 	3.12766e+26	170.811	239	57 	29.2682
144	893   	4.7547e+24 	2.35522e+27	9441.9 	8.65913e+25	165.503	250	45 	33.2913
145	910   	6.25846e+23	5.78754e+26	9441.9 	1.83097e+25	165.587	243	51 	31.8941
146	903   	4.52553e+22	1.73667e+25	9441.9 	8.14335e+23	166.737	234	36 	32.0533
147	922   	1.4439e+24 	7.51212e+26	9441.77	3.15449e+25	170.794	243	47 	29.818 
148	915   	2.7476e+24 	2.60713e+27	9388.7 	8.24657e+25	175.801	273	51 	26.8314
149	914   	9.70882e+26	9.70119e+29	9388.7 	3.06625e+28	178.901	265	75 	22.8018
150	916   	1.92552e+35	1.92552e+38	9388.7 	6.08599e+36	179.595	240	75 	19.9618
151	917   	7.27766e+23	6.57584e+26	9376.8 	2.08984e+25	180.031	273	74 	19.0425
152	904   	6.98183e+23	6.57584e+26	9376.73	2.07961e+25	178.567	235	76 	20.2765
153	906   	2.84022e+24	1.05275e+27	9375.41	5.14002e+25	178.926	232	75 	20.3802
154	924   	2.80361e+50	2.80361e+53	9375.41	8.86137e+51	180.059	280	76 	19.0468
155	882   	8.0879e+23 	6.57584e+26	9364.75	2.10477e+25	179.479	269	76 	21.7048
156	903   	7.16923e+23	6.57584e+26	9346.29	2.0801e+25 	180.188	257	76 	22.1816
157	925   	1.36937e+24	6.57584e+26	9339.75	2.92489e+25	179.669	257	76 	20.59  
158	912   	3.91596e+24	3.91546e+27	9339.75	1.23756e+26	180.349	229	76 	19.2112
159	916   	4.91256e+24	3.79771e+27	9339.75	1.23664e+26	179.658	251	77 	20.5619
160	887   	5.67951e+23	1.94669e+26	9339.75	1.01341e+25	180.147	244	77 	19.7972
161	894   	3.0588e+24 	3.02707e+27	9339.75	9.56783e+25	179.982	242	77 	20.1507
162	909   	2.76392e+24	2.63034e+27	9339.75	8.31986e+25	179.775	230	75 	20.5868
163	912   	5.74626e+24	3.9196e+27 	9326   	1.29929e+26	180.473	231	76 	19.3664
164	901   	2.96532e+24	2.60712e+27	9326   	8.27543e+25	179.301	243	71 	20.5918
165	917   	1.63195e+24	7.42736e+26	9326   	3.21192e+25	178.456	249	76 	21.1742
166	877   	1.44051e+24	6.57583e+26	9326   	2.93932e+25	179.375	233	47 	21.615 
167	922   	1.39489e+24	6.57584e+26	9326   	2.67677e+25	180.622	231	76 	18.9053
168	917   	4.25818e+24	2.60712e+27	9326   	9.03036e+25	180.559	242	76 	21.1014
169	921   	4.5731e+24 	2.81021e+27	9326   	9.72553e+25	181.225	246	63 	21.8832
170	934   	2.89094e+24	1.07212e+27	9317.23	4.75039e+25	182.998	253	73 	20.4786
171	924   	7.62155e+38	7.62155e+41	9292.49	2.40894e+40	185.268	312	76 	22.0272
172	912   	1.63042e+43	1.63042e+46	9266.46	5.15326e+44	187.578	298	75 	22.0139
173	896   	2.55161e+25	2.3368e+28 	9266.46	7.39682e+26	190.207	261	76 	21.8725
174	906   	2.4585e+26 	2.13768e+29	9266.46	6.79968e+27	193.011	305	68 	20.8166
175	915   	4.0484e+24 	1.07212e+27	9266.5 	5.89327e+25	194.745	245	80 	20.2941
176	933   	1.63042e+43	1.63042e+46	9264.76	5.15326e+44	197.151	253	75 	21.2092
177	924   	1.11341e+27	9.70119e+29	9264.76	3.09857e+28	198.884	266	76 	20.3414
178	904   	5.68868e+24	4.58965e+27	9259.6 	1.48937e+26	199.966	290	76 	19.5148
179	915   	1.01931e+26	1.01821e+29	9254.17	3.21825e+27	199.498	283	77 	21.8746
180	895   	4.72321e+25	4.4743e+28 	9254.17	1.4148e+27 	199.533	257	69 	22.4724
181	912   	6.55688e+27	6.55554e+30	9211.84	2.07201e+29	199.28 	250	75 	21.235 
182	917   	1.93928e+26	1.47013e+29	9211.84	4.85587e+27	196.983	253	75 	22.4402
183	926   	8.22805e+23	6.37987e+26	9211.84	2.06592e+25	196.961	238	71 	21.3339
184	911   	4.56803e+25	4.4743e+28 	9211.84	1.41433e+27	195.978	260	45 	20.7708
185	905   	3.04792e+24	1.05275e+27	9211.84	4.90709e+25	195.277	251	73 	20.6789
186	913   	1.38287e+24	6.66287e+26	9203.81	2.95856e+25	195.35 	276	80 	19.7288
187	917   	4.26171e+27	4.24981e+30	9203.81	1.34323e+29	193.416	253	74 	21.6292
188	930   	1.75018e+43	1.75018e+46	9197.25	5.53178e+44	193.55 	305	72 	21.9245
189	913   	2.60808e+26	2.34155e+29	9187.75	7.43784e+27	193.906	268	76 	22.0547
190	919   	2.06546e+23	1.583e+26  	9163.2 	5.07233e+24	193.801	255	77 	22.2091
191	911   	6.22848e+23	5.61492e+26	9162.9 	1.77699e+25	195.459	269	78 	21.0626
192	909   	2.75518e+16	2.4836e+19 	9154.19	7.88837e+17	195.702	280	72 	23.1999
193	907   	1.07912e+26	1.01821e+29	9133.31	3.22364e+27	197.985	266	70 	22.7734
194	879   	8.14757e+44	8.14757e+47	9133.31	2.5752e+46 	200.937	287	76 	22.6973
195	923   	1.27264e+24	1.07212e+27	9133.31	3.42542e+25	202.26 	265	76 	22.7422
196	897   	3.49302e+24	2.26834e+27	9133.23	7.61724e+25	204.549	253	50 	21.6422
197	914   	8.71391e+23	6.66287e+26	9123.93	2.15787e+25	205.75 	262	67 	20.4333
198	908   	6.84454e+23	6.66287e+26	9123.81	2.1066e+25 	207.64 	297	76 	21.1572
199	909   	1.04819e+24	5.61492e+26	9123.81	2.31208e+25	209.402	277	78 	21.1068
200	936   	1.58899e+25	1.25307e+28	9123.81	3.99901e+26	209.856	305	79 	21.0235
201	903   	6.83827e+23	6.66284e+26	9108.11	2.1064e+25 	207.886	279	75 	22.8802
202	919   	2.75976e+25	2.55374e+28	9091.56	8.08495e+26	208.231	268	76 	21.759 
203	929   	2.80076e+30	2.80076e+33	9091.56	8.85236e+31	207.2  	322	75 	22.259 
204	910   	1.07613e+25	1.01191e+28	9088   	3.20196e+26	207.336	283	68 	23.5137
205	915   	6.03408e+25	2.40496e+28	9046.2 	1.12186e+27	208.251	266	76 	20.2473
206	900   	2.815e+30  	2.81262e+33	9087.21	8.88982e+31	208.138	264	77 	21.5093
207	921   	8.95586e+46	8.95586e+49	9087.21	2.83067e+48	209.894	280	76 	20.2265
208	913   	2.57587e+24	1.07212e+27	9087.21	4.54288e+25	210.279	264	69 	22.7367
209	921   	1.0576e+25 	1.03487e+28	9044.08	3.27164e+26	210.184	257	75 	23.3815
210	911   	9.7169e+26 	9.70108e+29	8980.89	3.06621e+28	211.221	290	75 	24.1543
211	916   	5.14078e+24	1.86584e+27	8969.83	8.33467e+25	214.052	282	75 	22.9246
212	890   	1.85248e+22	1.78951e+25	8969.13	5.6593e+23 	216.933	284	76 	22.0405
213	908   	1.63854e+27	1.63805e+30	8969.13	5.17738e+28	218.459	273	76 	23.2393
214	907   	7.74162e+44	7.74162e+47	8969.21	2.44689e+46	222.412	330	75 	22.6301
215	897   	8.69723e+23	6.75114e+26	8969.21	2.19399e+25	222.471	288	72 	25.5698
216	924   	9.99686e+26	9.57132e+29	8969.04	3.02791e+28	225.858	278	75 	21.0422
217	885   	1.61935e+33	1.61935e+36	8964.27	5.11827e+34	225.503	281	75 	24.2652
218	905   	1.3124e+29 	1.30285e+32	8834.09	4.118e+30  	227.354	290	76 	23.2217
219	933   	3.00058e+27	2.99903e+30	8834.09	9.47902e+28	227.337	302	76 	26.2246
220	913   	1.49149e+24	6.66287e+26	8834.09	3.0178e+25 	224.243	302	75 	26.0241
221	897   	3.62242e+25	3.37992e+28	8833.68	1.0689e+27 	221.65 	285	76 	24.5538
222	918   	1.92613e+24	1.07212e+27	8822.03	4.01736e+25	220.658	286	79 	20.6079
223	911   	2.06077e+24	1.12027e+27	8822.03	4.16331e+25	218.428	322	76 	23.3524
224	891   	1.16723e+24	1.07212e+27	8821.88	3.40149e+25	218.682	300	85 	22.8139
225	905   	2.48791e+24	1.2435e+27 	8773.94	4.66994e+25	216.971	292	90 	23.8225
226	903   	4.23759e+30	4.22483e+33	8745.14	1.33534e+32	215.898	287	73 	22.9516
227	896   	1.27613e+28	1.27606e+31	8745.14	4.03324e+29	216.029	282	80 	22.8052
228	906   	1.46517e+27	1.45625e+30	8745.14	4.60279e+28	216.637	284	84 	20.3375
229	903   	3.38664e+48	3.38664e+51	8665.95	1.07041e+50	215.54 	299	89 	21.3789
230	908   	3.38664e+48	3.38664e+51	8665.95	1.07041e+50	215.567	290	74 	20.363 
231	902   	1.44265e+30	1.44265e+33	8665.95	4.55977e+31	216.149	280	99 	18.031 
232	927   	5.12215e+23	4.91707e+26	8745.14	1.5551e+25 	214.968	255	78 	20.3628
233	924   	2.83614e+24	2.63994e+27	8744.54	8.35316e+25	214.685	276	88 	21.2753
234	902   	1.48568e+26	1.47013e+29	8744.54	4.64669e+27	215.448	319	88 	21.057 
235	911   	1.34142e+27	1.34025e+30	8643.34	4.23612e+28	216.306	289	89 	20.8739
236	908   	3.694e+25  	2.40496e+28	8643.34	8.25538e+26	215.592	271	87 	23.1215
237	922   	3.88306e+24	1.34989e+27	8643.34	7.00027e+25	216.51 	301	86 	23.1742
238	881   	3.83544e+36	3.83544e+39	8620.83	1.21226e+38	218.269	262	82 	20.4409
239	900   	1.70454e+36	1.70454e+39	8620.83	5.38753e+37	220.041	298	93 	18.6023
240	925   	2.46999e+24	1.12027e+27	8620.83	4.62267e+25	219.59 	268	96 	18.0745
241	905   	1.28648e+25	1.14885e+28	8620.83	3.64862e+26	218.583	287	94 	22.3818
242	905   	1.12986e+25	1.01191e+28	8620.83	3.21596e+26	219.879	302	76 	20.8094
243	891   	1.33027e+24	6.66287e+26	8620.83	2.61647e+25	219.096	295	76 	22.8361
244	903   	1.17164e+25	7.44457e+27	8614.2 	2.70168e+26	218.807	369	77 	23.1741
245	882   	3.54938e+25	3.53561e+28	8601.42	1.1175e+27 	218.96 	294	89 	23.3236
246	900   	3.72967e+24	1.2435e+27 	8614.17	5.50844e+25	219.678	296	76 	23.7063
247	883   	7.13481e+24	3.48219e+27	8599.69	1.24507e+26	222.866	289	76 	22.8657
248	909   	2.68344e+25	2.40496e+28	8599.69	7.61957e+26	223.23 	275	89 	22.4017
249	897   	1.2762e+28 	1.27606e+31	8592.86	4.03324e+29	225.339	286	85 	22.053 
250	897   	2.40362e+45	2.40362e+48	8592.86	7.59712e+46	225.906	285	91 	22.707 
251	892   	1.52161e+25	1.29186e+28	8592.86	4.10462e+26	227.581	282	87 	21.9542
252	915   	1.77666e+35	1.77666e+38	8540   	5.61548e+36	229.845	331	90 	19.7693
253	924   	2.88687e+24	1.2435e+27 	8540   	5.47973e+25	228.835	342	89 	20.5094
254	908   	1.96465e+30	1.96186e+33	8540   	6.20083e+31	229.877	301	83 	21.3973
255	935   	2.04804e+24	6.66287e+26	8540   	3.64477e+25	230.262	281	83 	22.8618
256	897   	2.60069e+40	2.60069e+43	8540   	8.22e+41   	231.901	274	78 	21.6523
257	911   	2.66571e+24	2.66515e+27	8540   	8.42372e+25	232.179	300	85 	21.595 
258	905   	1.77217e+35	1.77217e+38	8524.37	5.6013e+36 	231.525	307	92 	23.1826
259	900   	4.75674e+38	4.75674e+41	8516.09	1.50346e+40	231.426	266	80 	22.0263
260	929   	3.62083e+25	3.53961e+28	8524.37	1.11894e+27	229.504	328	77 	22.8654
261	901   	4.75674e+38	4.75674e+41	8511.82	1.50346e+40	231.127	306	91 	20.3111
262	912   	4.75674e+38	4.75674e+41	8511.82	1.50346e+40	230.811	337	82 	24.5724
263	901   	2.60069e+40	2.60069e+43	8511.82	8.22e+41   	232.899	296	84 	22.3641
264	915   	2.39964e+26	2.37937e+29	8511.82	7.52055e+27	233.973	288	85 	24.2091
265	912   	5.9978e+23 	5.61492e+26	8498.41	1.77731e+25	236.627	294	93 	25.6295
266	907   	2.31906e+24	1.2435e+27 	8498.41	4.32468e+25	240.529	318	84 	23.46  
267	898   	6.9805e+23 	4.69228e+26	8498.41	1.62482e+25	242.672	323	92 	23.8717
268	885   	2.60069e+40	2.60069e+43	8497.85	8.22e+41   	243.861	298	92 	24.5364
269	912   	3.92041e+26	2.37937e+29	8482.05	8.32507e+27	242.999	306	79 	28.9216
270	922   	1.81149e+45	1.81149e+48	8475.84	5.72558e+46	242.175	317	11 	27.8978
271	918   	1.78459e+27	1.71052e+30	8475.84	5.41126e+28	240.655	335	74 	28.1323
272	915   	3.11386e+24	1.2435e+27 	8441.11	5.60433e+25	239.452	298	80 	28.3251
273	912   	5.66311e+22	3.57674e+25	8441.11	1.3027e+24 	235.767	345	83 	28.2147
274	919   	2.38637e+26	2.37937e+29	8418.22	7.52049e+27	235.079	307	92 	26.28  
275	896   	6.90584e+30	6.90584e+33	8418.08	2.18273e+32	235.508	307	84 	25.8287
276	892   	1.45431e+27	1.45421e+30	8415.44	4.59631e+28	235.351	310	80 	26.4287
277	923   	9.47477e+26	8.26018e+29	8415.44	2.62003e+28	237.715	312	86 	22.5872
278	908   	1.51325e+25	1.01095e+28	8406.84	3.43268e+26	236.613	316	82 	25.4667
279	908   	1.45451e+27	1.44943e+30	8406.84	4.58119e+28	236.462	328	85 	25.6702
280	928   	1.8413e+25 	1.83899e+28	8406.84	5.81248e+26	236.832	296	89 	24.6946
281	922   	2.62805e+40	2.62805e+43	8406.59	8.30646e+41	238.813	330	86 	24.5512
282	896   	1.40679e+28	1.3962e+31 	8304.88	4.41299e+29	240.31 	299	57 	23.7052
283	889   	4.9948e+38 	4.9948e+41 	8304.88	1.5787e+40 	242.019	344	85 	22.6128
284	926   	7.51104e+46	7.51104e+49	8304.88	2.37401e+48	242.164	303	84 	22.9846
285	921   	1.00771e+24	6.75114e+26	8304   	2.25978e+25	242.694	329	77 	24.1624
286	909   	4.67792e+27	3.20918e+30	8301.84	1.11507e+29	242.58 	313	82 	23.1679
287	914   	1.7982e+26 	1.01821e+29	8301.82	4.05181e+27	242.748	312	80 	23.7937
288	910   	7.96361e+25	7.7987e+28 	8298.16	2.46506e+27	244.454	316	82 	21.3243
289	916   	4.89837e+26	4.88365e+29	8298.16	1.54357e+28	245.109	307	84 	22.8389
290	907   	3.41805e+48	3.41805e+51	8298.16	1.08034e+50	245.76 	328	79 	23.9918
291	893   	3.81261e+27	2.32455e+30	8298.16	8.71103e+28	246.07 	406	74 	27.1472
292	898   	4.9346e+34 	4.9346e+37 	8298.16	1.55968e+36	248.823	323	83 	20.2137
293	910   	7.98054e+28	6.7026e+31 	8296.56	2.15614e+30	246.091	303	79 	25.6491
294	933   	5.15858e+27	2.82387e+30	8280.71	1.15738e+29	246.077	295	85 	24.6549
295	904   	1.71095e+27	1.46057e+30	8280.71	4.67662e+28	246.031	322	83 	23.5685
296	914   	6.43616e+46	6.43616e+49	8280.71	2.03428e+48	246.806	298	89 	21.6664
297	921   	1.35905e+26	7.7987e+28 	8280.71	3.05603e+27	247.494	370	84 	21.6534
298	902   	2.80243e+24	1.40293e+27	8280.71	5.20334e+25	247.472	307	86 	20.4973
299	915   	1.4547e+27 	1.45462e+30	8269.61	4.59761e+28	246.576	304	79 	24.6322
300	901   	1.99469e+25	1.85094e+28	8268.48	5.86309e+26	246.335	375	84 	25.2511
301	901   	4.65453e+24	4.49542e+27	8268.48	1.42153e+26	246.827	370	86 	23.9936
302	903   	4.79298e+23	2.94674e+26	8280.4 	1.0191e+25 	247.349	332	82 	21.033 
303	937   	1.79124e+24	1.2435e+27 	8278.08	4.26371e+25	245.497	315	87 	22.4275
304	909   	3.0291e+27 	2.82387e+30	8269.91	8.93635e+28	243.632	304	77 	25.2891
305	911   	2.84018e+27	2.82387e+30	8278.08	8.92549e+28	242.736	309	79 	23.7101
306	928   	6.86379e+23	6.75114e+26	8271.15	2.134e+25  	242.478	299	84 	23.7981
307	912   	2.1096e+26 	1.01821e+29	8276.33	4.55181e+27	242.465	372	76 	24.4525
308	908   	6.43616e+46	6.43616e+49	8276.33	2.03428e+48	241.132	329	59 	24.2091
309	916   	4.1453e+27 	2.34344e+30	8277.73	9.14882e+28	241.575	293	82 	22.981 
310	895   	2.52634e+26	2.37937e+29	8277.73	7.53096e+27	241.488	311	77 	22.1711
311	914   	1.37428e+25	1.23019e+28	8277.73	3.89954e+26	240.395	316	82 	23.5804
312	905   	8.82394e+35	8.82394e+38	8277.21	2.78898e+37	241.391	298	88 	22.5505
313	910   	2.34426e+27	2.34348e+30	8274.64	7.40701e+28	243.19 	308	78 	22.5151
314	910   	2.62009e+29	2.61998e+32	8274.64	8.28097e+30	243.126	300	83 	23.5191
315	877   	1.06988e+26	1.01821e+29	8273.11	3.22218e+27	245.163	354	83 	23.1452
316	902   	5.82479e+24	5.13106e+27	8274.64	1.63554e+26	247.974	310	80 	21.4876
317	917   	1.36609e+30	1.36608e+33	8274.64	4.31777e+31	249.865	294	78 	21.7044
318	878   	1.05218e+29	1.05208e+32	8274.64	3.32532e+30	250.837	309	90 	23.4981
319	906   	1.80383e+27	1.69846e+30	8270.79	5.37763e+28	252.712	324	104	21.64  
320	926   	1.39922e+28	1.3962e+31 	8272.74	4.41295e+29	252.599	335	88 	23.0705
321	913   	2.06813e+35	2.06813e+38	8272.74	6.53674e+36	252.215	336	96 	22.974 
322	924   	1.13096e+26	1.01821e+29	8272.74	3.23456e+27	251.102	309	103	22.1372
323	908   	1.18995e+25	1.03487e+28	8269.64	3.28457e+26	248.816	330	84 	25.1784
324	905   	1.26607e+23	1.16498e+26	8272.74	3.69393e+24	248.318	331	71 	25.5366
325	910   	4.99479e+38	4.99479e+41	8262.77	1.5787e+40 	248.606	383	82 	21.7181
326	922   	2.13471e+23	1.88684e+26	8262.77	5.9904e+24 	247.065	310	77 	24.9531
327	886   	1.80315e+29	1.80312e+32	8272.6 	5.69911e+30	246.103	302	79 	25.0759
328	900   	4.99479e+38	4.99479e+41	8272.6 	1.5787e+40 	245.566	311	87 	24.5076
329	911   	7.34068e+22	3.32627e+25	8272.6 	1.30706e+24	247.168	306	82 	23.8033
330	922   	7.48748e+23	6.75123e+26	8271.6 	2.13808e+25	249.432	333	84 	24.126 
331	936   	7.35006e+46	7.35006e+49	8265.17	2.32313e+48	251.537	305	88 	23.4066
332	912   	1.39403e+29	1.37683e+32	8265.17	4.35202e+30	251.949	341	90 	25.2974
333	914   	6.43616e+46	6.43616e+49	8265.17	2.03428e+48	253.304	325	108	23.9048
334	917   	3.84161e+46	3.84161e+49	8265.17	1.21422e+48	253.895	312	77 	24.508 
335	917   	7.33528e+36	7.33522e+39	8265.17	2.31844e+38	254.189	332	109	23.9458
336	929   	6.5355e+35 	6.5355e+38 	8264.92	2.06567e+37	254.386	316	82 	23.6431
337	930   	1.27621e+28	1.27606e+31	8263.82	4.03324e+29	254.778	329	95 	23.4389
338	912   	5.20721e+31	5.17785e+34	8263.82	1.63658e+33	254.42 	317	93 	21.4272
339	918   	4.99479e+38	4.99479e+41	8199.36	1.5787e+40 	254.667	317	74 	22.5377
340	913   	6.20628e+22	1.72236e+25	8199.36	9.73047e+23	254.544	321	98 	22.2053
341	928   	1.31081e+36	1.31063e+39	8199.36	4.14249e+37	251.943	318	85 	26.5172
342	910   	6.43615e+46	6.43615e+49	8199.36	2.03427e+48	252.633	314	97 	23.7926
343	931   	1.95838e+25	1.28094e+28	8199.36	4.3703e+26 	252.719	314	92 	23.5214
344	906   	1.14646e+40	1.14646e+43	8199.36	3.6236e+41 	251.556	302	77 	25.7326
345	902   	7.74558e+22	4.37987e+25	8199.36	1.73869e+24	253.587	364	90 	23.2751
346	905   	2.62806e+40	2.62806e+43	8198.61	8.30649e+41	253.564	344	88 	24.7152
347	913   	3.02891e+27	2.82387e+30	8157.94	8.93634e+28	253.765	336	6  	27.9405
348	912   	2.70637e+24	1.84292e+27	8170.94	6.21085e+25	255.739	309	85 	24.9591
349	922   	4.99479e+38	4.99479e+41	8170.94	1.5787e+40 	255.941	328	84 	26.6418
350	886   	4.99479e+38	4.99479e+41	8170.76	1.5787e+40 	257.603	315	90 	20.9781
351	914   	1.26566e+24	1.2435e+27 	8157.38	3.9306e+25 	255.834	307	91 	22.9395
352	890   	4.99479e+38	4.99479e+41	8157.38	1.5787e+40 	254.75 	308	87 	23.4149
353	898   	1.0314e+26 	1.01821e+29	8157.38	3.21845e+27	252.589	363	88 	23.9432
354	926   	4.29957e+27	2.34347e+30	8157.38	9.61695e+28	250.102	322	80 	25.4213
355	901   	5.60662e+25	5.48071e+28	7994.14	1.73269e+27	249.334	334	63 	26.3269
356	907   	7.73082e+23	6.75114e+26	7994.14	2.13745e+25	250.623	330	80 	26.4212
357	899   	5.16121e+27	2.82387e+30	7994.14	1.15737e+29	252.795	325	80 	26.3625
358	940   	3.1641e+26 	2.37937e+29	7994.14	7.91178e+27	252.167	327	81 	26.6236
359	899   	1.28649e+28	1.27606e+31	7994.14	4.03333e+29	252.822	322	86 	25.7998
360	917   	2.6405e+27 	2.33399e+30	7994.14	7.41623e+28	252.404	322	79 	24.97  
361	875   	7.51101e+46	7.51101e+49	7994.14	2.374e+48  	251.359	332	76 	25.3077
362	888   	2.62794e+40	2.62794e+43	7994.14	8.30613e+41	250.634	309	87 	22.5614
363	917   	1.49287e+24	6.78278e+26	7994   	3.04118e+25	249.466	381	85 	22.9139
364	918   	6.15329e+46	6.15329e+49	7957.31	1.94487e+48	248.611	369	80 	25.223 
365	933   	1.23066e+47	6.15329e+49	7957.31	2.74908e+48	247.372	380	80 	24.3671
366	906   	5.53596e+25	5.13792e+28	7956.06	1.62508e+27	248.173	296	84 	21.8216
367	910   	4.04229e+26	2.37937e+29	7917.63	8.33572e+27	247.513	303	87 	23.2118
368	919   	2.38131e+26	2.37937e+29	7917.63	7.52047e+27	247.539	304	94 	21.5638
369	918   	7.88116e+25	7.72891e+28	7917.63	2.44315e+27	245.853	315	82 	26.7599
370	909   	2.74371e+23	2.03562e+26	7917.63	6.57944e+24	247.096	318	85 	23.0995
371	899   	1.29437e+29	1.29435e+32	7917.63	4.09105e+30	246.325	316	80 	24.7122
372	891   	2.60911e+40	2.60911e+43	7917.63	8.24661e+41	246.116	299	84 	23.48  
373	923   	2.48989e+26	2.37937e+29	7888.75	7.52721e+27	243.549	369	83 	29.2483
374	936   	2.32094e+27	2.32091e+30	7893.76	7.33568e+28	245.96 	308	80 	23.0131
375	914   	5.68813e+32	5.68813e+35	7893.76	1.79785e+34	244.159	305	78 	24.4857
376	914   	5.4714e+27 	3.13365e+30	7887.44	1.23193e+29	242.31 	306	80 	24.5682
377	920   	7.00103e+23	6.78196e+26	7845.05	2.14418e+25	241.678	307	79 	23.991 
378	905   	1.88967e+27	1.88257e+30	7845.05	5.95023e+28	243.93 	292	119	19.3958
379	903   	1.4065e+28 	1.3962e+31 	7845.05	4.41304e+29	241.879	338	80 	24.3956
380	888   	2.76001e+25	1.47791e+28	7844.81	5.94318e+26	241.819	325	81 	22.8765
381	916   	2.62312e+24	1.2435e+27 	7844.81	4.95952e+25	241.269	305	100	21.9067
382	897   	1.03114e+26	1.01821e+29	7844.81	3.21843e+27	240.715	301	79 	25.8039
383	915   	4.82563e+38	4.82563e+41	7844.81	1.52524e+40	240.517	304	77 	24.1444
384	903   	9.66232e+25	7.72891e+28	7844.81	2.48757e+27	241.093	340	127	21.4288
385	897   	3.1574e+27 	3.13365e+30	7844.81	9.90459e+28	240.154	301	80 	22.1615
386	900   	6.15329e+46	6.15329e+49	7837.77	1.94487e+48	238.607	301	83 	21.8783
387	942   	4.57923e+26	2.37937e+29	7837.77	9.92206e+27	235.903	294	80 	23.1002
388	901   	2.32527e+27	2.31861e+30	7837.44	7.32839e+28	235.169	316	58 	23.3572
389	921   	2.80744e+24	1.41824e+27	7837.1 	5.40733e+25	233.582	316	83 	22.7776
390	886   	2.60917e+40	2.60917e+43	7837.1 	8.24678e+41	232.676	281	89 	22.7921
391	908   	4.82563e+38	4.82563e+41	7832.92	1.52524e+40	232.713	355	78 	23.4679
392	910   	4.74681e+24	4.04738e+27	7824.59	1.29688e+26	231.941	310	30 	23.1392
393	923   	2.75229e+24	2.71279e+27	7824.59	8.57452e+25	231.594	298	77 	23.7012
394	913   	1.28212e+25	1.03109e+28	7824.59	3.2926e+26 	230.486	321	78 	22.7958
395	903   	1.10704e+25	1.03109e+28	7824.59	3.26587e+26	231.392	297	76 	23.2163
396	918   	1.86458e+24	1.2435e+27 	7824.59	4.26588e+25	230.063	286	79 	23.7912
397	906   	2.32163e+27	2.32095e+30	7824.59	7.33583e+28	229.707	289	17 	24.0948
398	915   	1.25278e+24	1.2435e+27 	7824.59	3.93038e+25	229.66 	301	69 	22.2064
399	918   	2.80279e+27	2.80005e+30	7824.59	8.85011e+28	229.414	352	76 	25.9232
400	897   	1.39969e+28	1.3962e+31 	7818.76	4.41295e+29	231.303	296	89 	21.3894
401	899   	8.59851e+23	6.7821e+26 	7818.76	2.17709e+25	230.54 	294	83 	22.6259
402	890   	3.0517e+27 	2.80014e+30	7818.76	8.88158e+28	230.742	294	78 	21.8824
403	901   	1.01837e+26	1.01821e+29	7818.76	3.21826e+27	229.661	303	77 	25.5411
404	900   	6.15329e+46	6.15329e+49	7814.06	1.94487e+48	231.23 	289	92 	20.1872
405	923   	3.72828e+24	1.2435e+27 	7814.03	6.42999e+25	228.744	302	80 	24.2293
406	891   	5.59204e+22	2.01884e+25	7814.03	9.20808e+23	230.125	318	79 	21.041 
407	905   	1.29721e+24	1.17787e+27	7802.72	3.73224e+25	228.587	302	77 	19.8002
408	911   	1.05571e+26	1.01821e+29	7813.79	3.21883e+27	226.407	303	80 	22.6988
409	898   	1.39652e+28	1.3962e+31 	7813.79	4.41295e+29	226.786	305	78 	23.3834
410	904   	2.60916e+40	2.60916e+43	7813.49	8.24678e+41	226.989	324	82 	23.3622
411	902   	1.06714e+25	1.03186e+28	7797.06	3.26264e+26	226.711	305	77 	23.2788
412	889   	3.52928e+23	3.36145e+26	7810.06	1.06361e+25	225.025	305	79 	24.619 
413	916   	1.40412e+28	1.3962e+31 	7810.06	4.413e+29  	226.483	306	79 	22.6739
414	932   	1.27726e+28	1.27606e+31	7791.59	4.03323e+29	225.749	314	79 	21.6835
415	889   	5.53196e+24	4.0473e+27 	7791.59	1.31255e+26	223.535	299	77 	23.3644
416	914   	5.92162e+25	5.59769e+28	7803.34	1.76993e+27	224.584	310	77 	21.8024
417	901   	3.14912e+24	1.2435e+27 	7791.59	5.81798e+25	223.879	267	80 	23.2115
418	900   	1.49483e+25	1.47791e+28	7791.59	4.67127e+26	223.888	282	80 	22.7131
419	927   	4.24984e+27	4.24981e+30	7800.18	1.34323e+29	225.014	283	78 	22.8449
420	904   	6.58555e+27	4.24981e+30	7797.92	1.52985e+29	225.083	283	76 	21.5213
421	922   	6.69043e+32	6.69043e+35	7797.15	2.11464e+34	224.707	276	81 	22.2636
422	921   	1.34034e+24	1.2435e+27 	7775.28	3.93586e+25	224.106	293	80 	23.3578
423	927   	2.17942e+24	1.2435e+27 	7775.28	4.52801e+25	224.162	269	79 	22.3657
424	890   	2.65818e+35	2.65818e+38	7775.28	8.40169e+36	223.793	293	77 	24.113 
425	918   	1.03236e+26	1.01821e+29	7775.28	3.21843e+27	224.866	280	81 	21.2956
426	939   	3.0768e+24 	2.71278e+27	7766.55	8.6057e+25 	224.388	296	74 	23.4822
427	925   	1.40554e+28	1.3962e+31 	7766.55	4.41299e+29	225.006	295	79 	21.0857
428	895   	1.76571e+26	1.01821e+29	7766.55	3.7008e+27 	225.456	298	79 	21.6564
429	920   	1.28637e+28	1.27606e+31	7766.55	4.03333e+29	224.489	281	79 	26.1022
430	908   	6.3072e+29 	6.30614e+32	7766.55	1.99318e+31	226.195	334	80 	21.7933
431	893   	2.65818e+35	2.65818e+38	7766.55	8.40169e+36	226.578	290	53 	22.855 
432	899   	2.10377e+24	1.2435e+27 	7766.55	4.38807e+25	226.124	294	65 	23.0428
433	910   	6.15329e+46	6.15329e+49	7766.55	1.94487e+48	225.398	273	79 	23.5246
434	900   	2.33731e+27	2.33508e+30	7766.55	7.38047e+28	227.37 	291	78 	19.4829
435	903   	1.29986e+28	1.27606e+31	7766.55	4.03386e+29	226.218	271	80 	21.8603
436	925   	2.37457e+24	1.2435e+27 	7766.55	4.58068e+25	227.538	294	80 	20.6193
437	912   	2.10167e+24	1.1782e+27 	7765.21	4.31424e+25	228.285	296	80 	20.3436
438	883   	2.60932e+40	2.60922e+43	7765.21	8.24695e+41	227.593	284	79 	21.5297
439	906   	6.59578e+27	4.24981e+30	7765.21	1.5316e+29 	225.352	299	78 	24.4904
440	912   	2.66418e+35	2.6582e+38 	7764.85	8.40177e+36	225.588	304	78 	24.7378
441	925   	1.01975e+26	1.01821e+29	7764.85	3.21825e+27	226.826	334	78 	22.6653
442	914   	2.32625e+27	2.29799e+30	7751.36	7.26335e+28	226.32 	284	81 	20.132 
443	925   	2.65747e+40	2.60922e+43	7751.36	8.2482e+41 	224.354	280	79 	23.4019
444	908   	1.33919e+29	1.29561e+32	7656.02	4.0971e+30 	225.721	289	80 	19.4952
445	897   	2.60922e+40	2.60922e+43	7751.36	8.24695e+41	224.624	335	79 	23.714 
446	900   	5.72452e+25	5.59769e+28	7751.36	1.76961e+27	223.703	274	79 	22.8108
447	922   	8.38693e+25	7.72891e+28	7750.18	2.44492e+27	223.928	269	79 	19.0116
448	887   	1.69057e+28	1.3962e+31 	7751.36	4.50805e+29	223.641	289	88 	20.041 
449	903   	1.78996e+24	1.2435e+27 	7748.35	4.25996e+25	221.077	295	79 	24.175 
450	941   	3.07233e+26	2.04509e+29	7748.35	7.21786e+27	222.434	288	79 	23.3513
451	897   	2.2279e+25 	1.47791e+28	7751.36	5.23173e+26	221.783	298	75 	24.0573
452	911   	2.73739e+23	1.02497e+26	7513.82	4.77069e+24	222.901	285	79 	22.4364
453	904   	1.29448e+24	1.2435e+27 	7513.82	3.93126e+25	223.46 	273	79 	21.6156
454	937   	1.05071e+26	1.01821e+29	7513.82	3.2187e+27 	223.387	279	79 	21.8361
455	907   	1.58762e+24	1.2435e+27 	7513.82	4.00476e+25	222.478	299	79 	21.5672
456	906   	2.94957e+35	2.65818e+38	7573.53	8.4511e+36 	221.714	274	79 	23.2494
457	898   	1.84664e+28	1.3962e+31 	7573.53	4.52289e+29	222.335	333	79 	23.5882
458	904   	1.98488e+25	1.72169e+28	7573.53	5.46925e+26	222.158	273	79 	22.6775
459	915   	4.25114e+27	4.24981e+30	7500.34	1.34323e+29	221.831	292	79 	21.7894
460	928   	1.01945e+26	1.01821e+29	7500.34	3.21825e+27	221.548	295	78 	24.0647
461	889   	4.31248e+27	4.24981e+30	7500.34	1.34331e+29	222.568	286	76 	21.8341
462	885   	7.47984e+46	7.47984e+49	7500.34	2.36415e+48	223.042	282	80 	21.5424
463	918   	2.65818e+35	2.65818e+38	7500.34	8.40169e+36	224.177	369	79 	22.3619
464	922   	7.02855e+27	2.41967e+30	7500.34	1.26405e+29	225.085	293	83 	21.0784
465	894   	4.82563e+38	4.82563e+41	7500.15	1.52524e+40	226.426	295	79 	20.793 
466	899   	1.17066e+25	1.05155e+28	7500.15	3.33386e+26	227.113	295	82 	19.4406
467	927   	1.40868e+25	1.15766e+28	7500.31	3.70018e+26	225.094	382	80 	25.8659
468	906   	8.47093e+34	8.47093e+37	7495.13	2.6774e+36 	227.674	317	80 	20.6128
469	908   	6.67717e+27	4.24981e+30	7495.13	1.54521e+29	226.288	337	80 	24.0228
470	928   	2.42662e+26	2.37937e+29	7499.94	7.52064e+27	226.152	302	82 	25.4369
471	876   	2.43197e+27	2.41967e+30	7493.79	7.64787e+28	227.67 	297	82 	22.5742
472	920   	1.01991e+26	1.01821e+29	7480.01	3.21825e+27	227.764	303	82 	24.4634
473	911   	2.76273e+27	2.41967e+30	7480.01	7.69035e+28	227.887	305	83 	24.1277
474	938   	1.69592e+27	1.69204e+30	7480.01	5.34803e+28	228.509	287	81 	23.6601
475	920   	6.74159e+46	6.74159e+49	7480.01	2.13081e+48	227.601	320	35 	25.5964
476	930   	3.4511e+48 	3.4511e+51 	7480.01	1.09079e+50	227.326	288	75 	26.637 
477	913   	8.48054e+25	6.28041e+28	7401.83	2.08832e+27	230.594	286	84 	22.6435
478	907   	2.43166e+27	2.42229e+30	7401.83	7.6561e+28 	229.276	275	83 	25.0154
479	913   	2.76378e+25	1.66057e+28	7442.79	5.63515e+26	231.298	305	82 	23.7378
480	902   	5.13229e+28	5.10835e+31	7442.79	1.6146e+30 	229.655	294	83 	25.249 
481	909   	7.77309e+46	7.77309e+49	7442.79	2.45684e+48	232.011	338	102	21.033 
482	910   	1.21136e+26	1.01821e+29	7442.79	3.26583e+27	231.365	307	81 	23.3025
483	909   	2.09097e+25	2.05515e+28	7392.75	6.49602e+26	229.89 	300	82 	24.2746
484	903   	2.85232e+27	2.85177e+30	7392.12	9.01359e+28	229.681	300	80 	23.7674
485	903   	2.99233e+26	2.37937e+29	7392.12	7.73884e+27	230.586	281	80 	22.7001
486	903   	2.65069e+40	2.65069e+43	7381.61	8.37802e+41	230.094	269	82 	23.4608
487	885   	6.74159e+46	6.74159e+49	7381.61	2.13081e+48	232.171	298	82 	21.3798
488	918   	1.4803e+27 	1.45419e+30	7381.61	4.59673e+28	231.239	300	81 	22.8258
489	907   	5.28231e+38	5.21225e+41	7363.39	1.64756e+40	232.236	306	80 	22.9193
490	917   	2.25983e+27	2.17815e+30	7363.39	6.88897e+28	233.767	303	80 	22.0989
491	902   	3.35894e+25	3.1637e+28 	7363.39	1.00089e+27	233.716	288	80 	23.0103
492	918   	2.07645e+26	2.04509e+29	7363.39	6.46419e+27	233.153	282	81 	24.6803
493	922   	2.69918e+26	2.67894e+29	7301.89	8.46736e+27	233.829	308	81 	25.9952
494	890   	1.24934e+24	1.23485e+27	7301.89	3.90309e+25	235.618	332	81 	24.5445
495	905   	2.04033e+25	2.02624e+28	7301.89	6.40433e+26	236.089	298	82 	24.0909
496	916   	6.83899e+27	3.31176e+30	7301.89	1.39673e+29	235.941	309	81 	26.5754
497	908   	6.74159e+46	6.74159e+49	7301.89	2.13081e+48	238.142	316	84 	21.802 
498	895   	2.86618e+27	2.85177e+30	7301.89	9.01361e+28	239.11 	290	81 	21.9208
499	924   	9.61612e+25	8.09711e+28	7301.89	2.59452e+27	239.725	310	80 	24.5263
500	913   	2.65064e+40	2.65064e+43	7301.89	8.37787e+41	241.279	315	4  	24.354 