   	      	                      fitness                      	              size             
   	      	---------------------------------------------------	-------------------------------
gen	nevals	avg        	max        	min    	std        	avg    	max	min	std    
0  	1000  	6.42758e+75	4.93789e+78	42969.7	1.62974e+77	11.303 	87 	3  	11.939 
1  	899   	1.91155e+18	1.26469e+21	42953.3	4.28946e+19	10.292 	87 	2  	10.4717
2  	886   	9.57659e+23	9.50949e+26	40416.6	3.00571e+25	11.044 	84 	2  	11.6428
3  	928   	1.27834e+29	1.27834e+32	40388.8	4.04045e+30	13.754 	85 	2  	15.2017
4  	901   	1.04422e+24	8.99873e+26	39913.3	2.87988e+25	17.963 	99 	2  	18.8115
5  	924   	2.43782e+17	1.50565e+20	39844.4	5.56219e+18	23.248 	108	2  	22.2588
6  	883   	8.19163e+37	8.16918e+40	40385.7	2.58203e+39	26.85  	108	2  	23.3879
7  	906   	6.71553e+31	6.71553e+34	38856.3	2.12257e+33	26.335 	107	2  	20.985 
8  	919   	1.12156e+35	1.12156e+38	38952.7	3.54492e+36	25.475 	120	2  	18.129 
9  	899   	6.26509e+22	6.2648e+25 	38952.7	1.98011e+24	26.514 	95 	2  	16.8943
10 	902   	5.36485e+32	5.21454e+35	38952.7	1.64879e+34	29.753 	115	2  	17.847 
11 	910   	5.86759e+32	5.21454e+35	38764.3	1.66083e+34	32.502 	129	3  	19.4117
12 	918   	4.53813e+28	4.53657e+31	37616.3	1.43387e+30	35.465 	129	2  	22.2761
13 	907   	1.82881e+39	1.82881e+42	37616.3	5.78032e+40	35.58  	129	3  	22.1881
14 	904   	6.55989e+24	2.18577e+27	37096.6	1.1954e+26 	33.52  	130	5  	19.8205
15 	910   	3.26768e+32	3.10377e+35	37096.6	9.82322e+33	31.204 	124	3  	17.0556
16 	908   	2.19431e+24	2.18577e+27	36910.6	6.90857e+25	31.382 	111	5  	16.2765
17 	905   	2.26203e+24	2.18577e+27	36910.6	6.91024e+25	34.729 	96 	7  	15.2984
18 	905   	6.9199e+23 	6.91299e+26	36176.3	2.18498e+25	36.945 	92 	3  	15.0966
19 	910   	7.00818e+23	6.91299e+26	34472.8	2.18509e+25	37.571 	98 	3  	15.8268
20 	890   	6.53117e+35	6.53117e+38	34472.8	2.0643e+37 	39.255 	114	3  	17.1851
21 	922   	3.00545e+43	3.00545e+46	34472.8	9.49932e+44	41.646 	115	3  	19.1379
22 	888   	2.95673e+23	2.87334e+26	34467.2	9.08377e+24	47.039 	116	3  	21.1389
23 	905   	4.71055e+40	4.71055e+43	34466.7	1.48886e+42	54.352 	126	3  	23.2994
24 	918   	8.00386e+26	8.00382e+29	34434.1	2.52977e+28	58.841 	147	3  	26.1602
25 	912   	1.478e+24  	1.47784e+27	34386.6	4.67099e+25	70.772 	172	7  	27.7777
26 	927   	1.45791e+23	1.45791e+26	34197.3	4.60801e+24	83.324 	185	6  	22.3966
27 	922   	9.92035e+17	3.51792e+20	34136.5	1.38237e+19	84.661 	185	20 	20.359 
28 	912   	6.50219e+22	6.50152e+25	33649.7	2.05493e+24	81.834 	163	17 	21.012 
29 	895   	5.8019e+29 	5.8019e+32 	33462.1	1.8338e+31 	79.481 	155	5  	22.702 
30 	890   	9.57473e+17	4.69901e+20	28857.4	1.67926e+19	80.663 	156	7  	24.99  
31 	912   	9.19112e+20	4.54045e+23	28857.4	1.86279e+22	89.232 	145	7  	23.6039
32 	890   	9.11856e+23	9.11856e+26	28857.4	2.8821e+25 	94.027 	164	13 	23.3333
33 	909   	3.60914e+23	3.60914e+26	27383.4	1.14074e+25	96.841 	162	22 	19.708 
34 	920   	9.47507e+19	9.33e+22   	27383.4	2.94896e+21	93.08  	154	12 	20.7063
35 	910   	3.63994e+26	3.63767e+29	27383.4	1.14976e+28	95.808 	186	8  	22.6619
36 	931   	5.60702e+29	5.60702e+32	26229.4	1.77221e+31	99.122 	189	11 	23.7151
37 	913   	2.74449e+24	2.68192e+27	26229.4	8.47877e+25	97.881 	189	25 	22.3228
38 	912   	7.93162e+29	7.93162e+32	26229.2	2.50694e+31	95.308 	200	3  	22.8816
39 	910   	2.81419e+23	2.06564e+26	24512.8	6.80362e+24	98.302 	190	18 	24.3805
40 	893   	8.62489e+24	8.62488e+27	24416.7	2.72606e+26	103.032	218	16 	24.3953
41 	909   	1.6247e+22 	1.62264e+25	24416.7	5.12868e+23	105.05 	192	24 	23.4268
42 	925   	5.08447e+23	2.06384e+26	23799.8	9.69801e+24	106.222	192	19 	22.457 
43 	908   	5.14973e+26	5.14973e+29	23212.7	1.62767e+28	108.311	179	17 	21.3004
44 	906   	3.22138e+19	1.18136e+22	23212.7	5.81698e+20	110.255	179	19 	20.8184
45 	912   	5.88468e+22	2.81056e+25	22144.9	1.17185e+24	111.342	187	35 	21.3439
46 	925   	6.49506e+22	6.49329e+25	21736.5	2.05233e+24	111.427	240	19 	23.1592
47 	936   	1.55306e+23	1.04646e+26	21734.3	3.67224e+24	110.169	215	18 	22.8128
48 	908   	3.67823e+23	3.6776e+26 	21621.4	1.16238e+25	110.011	191	6  	23.743 
49 	924   	9.70669e+29	9.70669e+32	20160.1	3.06799e+31	108.13 	189	23 	23.6942
50 	901   	1.00513e+35	1.00512e+38	20160.1	3.17688e+36	107.661	187	19 	23.4437
51 	904   	8.17347e+24	8.17333e+27	20160.1	2.58334e+26	110.953	200	5  	21.7426
52 	905   	2.44276e+41	2.44276e+44	20126.7	7.72082e+42	111.831	192	17 	22.592 
53 	907   	5.60362e+29	5.60362e+32	20142.7	1.77113e+31	112.245	198	4  	23.0777
54 	916   	1.41308e+25	1.38515e+28	20118.5	4.37885e+26	112.874	195	5  	22.7516
55 	905   	5.60625e+29	5.60625e+32	20066.3	1.77196e+31	113.522	222	18 	24.1544
56 	883   	7.9327e+29 	7.93267e+32	20066.3	2.50728e+31	111.933	222	6  	25.2001
57 	927   	5.60919e+29	5.60919e+32	20066.3	1.77289e+31	107.31 	220	20 	23.4515
58 	900   	6.29194e+26	6.23694e+29	20049.6	1.97136e+28	103.508	198	9  	22.2939
59 	902   	1.29962e+20	3.87823e+22	20049.6	2.13476e+21	105.406	190	18 	21.9264
60 	915   	6.03571e+25	6.03569e+28	19964.3	1.9077e+27 	107.117	202	9  	24.4699
61 	912   	5.17702e+23	3.71585e+26	19964.3	1.26148e+25	110.683	209	25 	25.8587
62 	918   	3.82162e+42	3.82162e+45	19911.6	1.2079e+44 	115.101	223	9  	29.4549
63 	914   	5.60625e+29	5.60624e+32	19887.9	1.77196e+31	117.71 	226	8  	29.3756
64 	898   	5.61071e+29	5.6107e+32 	19887.9	1.77337e+31	118.097	225	6  	26.6764
65 	928   	2.57599e+27	2.57586e+30	19880  	8.1415e+28 	117.786	238	18 	25.7425
66 	899   	2.93954e+24	2.93898e+27	19886.3	9.28923e+25	114.619	225	5  	25.2608
67 	892   	9.79506e+23	9.50291e+26	19659.2	3.00488e+25	113.223	226	5  	24.3783
68 	907   	1.57751e+24	1.48765e+27	19654.8	4.70457e+25	111.619	190	15 	24.0405
69 	908   	5.61129e+29	5.61129e+32	19474.5	1.77356e+31	112.145	192	3  	26.0792
70 	907   	1.23926e+30	1.23925e+33	19474.5	3.91691e+31	117.163	203	18 	26.7315
71 	907   	1.18547e+30	1.18547e+33	18597.8	3.7469e+31 	120.094	205	20 	28.1433
72 	908   	1.20175e+30	1.20174e+33	18597.8	3.79835e+31	124.205	221	11 	27.9259
73 	903   	2.9395e+24 	2.93938e+27	18597.8	9.29049e+25	126.896	221	24 	27.8712
74 	910   	3.20038e+22	3.13754e+25	18597.8	9.91698e+23	130.313	207	24 	27.2218
75 	922   	1.1288e+20 	6.99158e+22	18597.8	2.52686e+21	132.673	207	17 	29.002 
76 	922   	5.03105e+25	4.30779e+28	18350.8	1.37984e+27	135.157	247	32 	31.2415
77 	901   	1.96177e+25	1.95503e+28	18350.8	6.17928e+26	139.695	247	22 	32.6708
78 	933   	5.61475e+23	3.70253e+26	18350.8	1.27439e+25	145.16 	231	14 	32.0034
79 	909   	1.1367e+30 	1.13666e+33	18132.3	3.59263e+31	157.762	244	20 	31.1269
80 	922   	1.03774e+26	1.02884e+29	18115.3	3.25193e+27	168.27 	244	10 	30.3983
81 	917   	3.7235e+25 	3.64893e+28	18132.3	1.15353e+27	170.854	244	4  	29.5832
82 	919   	1.39672e+23	1.39669e+26	17901.5	4.4145e+24 	168.117	261	32 	30.338 
83 	910   	1.35913e+20	4.5361e+22 	17901.5	2.47767e+21	167.348	269	5  	29.7232
84 	921   	1.56438e+23	1.21363e+26	17163.9	3.99052e+24	168.555	251	55 	30.9726
85 	930   	7.46175e+23	3.78633e+26	17163.9	1.66671e+25	173.2  	282	54 	33.2743
86 	895   	1.12047e+27	1.12047e+30	17108.5	3.54145e+28	179.323	251	39 	35.0852
87 	914   	4.137e+23  	3.78639e+26	17108.5	1.20173e+25	180.773	264	23 	34.912 
88 	914   	1.368e+20  	4.52589e+22	17108.5	2.47378e+21	175.759	264	10 	35.7813
89 	903   	1.02952e+26	1.02855e+29	16549.7	3.25093e+27	171.123	312	5  	37.7301
90 	914   	8.81101e+29	8.72487e+32	16352.2	2.75777e+31	170.847	272	37 	36.6029
91 	897   	9.6042e+19 	4.52534e+22	15974.4	2.02754e+21	176.779	263	7  	37.0496
92 	910   	1.8341e+27 	9.16609e+29	15974.4	4.09509e+28	183.231	261	10 	37.1695
93 	908   	3.58969e+18	2.35378e+21	15959  	7.87396e+19	183.422	266	3  	40.3398
94 	889   	9.61692e+23	8.90781e+26	15959  	2.82408e+25	182.625	261	10 	41.3762
95 	922   	3.7421e+26 	3.7419e+29 	15232.2	1.1827e+28 	178.251	283	3  	43.3836
96 	910   	1.36515e+30	1.36515e+33	15232.2	4.31483e+31	181.09 	272	38 	37.7727
97 	899   	3.88633e+22	3.1436e+25 	14672.3	1.02072e+24	186.627	268	5  	31.7829
98 	915   	2.00578e+23	2.00171e+26	15232.2	6.3268e+24 	182.978	281	18 	30.8512
99 	912   	7.94143e+29	7.93331e+32	15228.1	2.50748e+31	182.006	281	5  	33.9118
100	912   	4.96383e+33	4.96383e+36	14055.9	1.56891e+35	186.326	301	5  	34.6647
101	914   	1.36686e+30	1.36655e+33	14060  	4.31926e+31	191.429	273	49 	33.1794
102	909   	1.85324e+40	1.85324e+43	14060  	5.85751e+41	197.136	289	47 	31.9432
103	885   	2.89641e+31	2.64079e+34	14642.7	8.36567e+32	201.943	286	66 	28.8083
104	932   	1.03887e+26	1.02855e+29	14642.7	3.25104e+27	206.152	297	50 	29.9717
105	909   	2.54055e+23	1.75449e+26	14642.7	6.0725e+24 	207.44 	299	7  	31.0522
106	919   	5.63781e+23	1.78809e+26	14633.6	9.69785e+24	205.665	335	33 	34.9074
107	906   	8.22298e+23	1.75379e+26	14010.6	1.12261e+25	202.8  	335	23 	33.3932
108	924   	1.13818e+30	1.13818e+33	14001  	3.59744e+31	198.125	328	10 	32.8682
109	901   	1.74477e+23	1.74248e+26	14005  	5.50744e+24	192.666	286	7  	31.8149
110	892   	6.54991e+34	6.54991e+37	13943  	2.07023e+36	188.745	263	22 	29.9143
111	911   	1.1992e+24 	2.92572e+26	13653.5	1.55714e+25	181.982	269	27 	29.8349
112	916   	2.8716e+55 	2.8716e+58 	13747.2	9.07627e+56	180.448	255	14 	29.334 
113	911   	1.38229e+24	7.99687e+26	13646.8	2.70251e+25	179.555	276	10 	29.2547
114	912   	9.73573e+46	9.73573e+49	13646.8	3.07717e+48	177.666	264	19 	27.9691
115	886   	1.59259e+23	1.58657e+26	13646.4	5.01465e+24	177.411	271	13 	26.1665
116	914   	1.66977e+23	1.66751e+26	13646.4	5.27049e+24	175.186	302	13 	28.888 
117	922   	2.4577e+23 	1.59121e+26	13572  	5.52556e+24	173.698	283	3  	32.9901
118	905   	5.88265e+23	1.63976e+26	13535.9	9.13779e+24	174.979	264	13 	33.5461
119	939   	7.57834e+23	1.78544e+26	13572  	1.07664e+25	174.822	270	31 	34.6024
120	926   	2.26015e+23	1.60796e+26	13351.2	5.48165e+24	170.265	291	23 	37.2046
121	883   	1.18407e+28	1.17335e+31	13351.2	3.70874e+29	164.386	274	27 	35.0671
122	930   	9.84652e+46	9.84652e+49	13321  	3.11219e+48	159.629	289	23 	35.3277
123	926   	3.34709e+23	1.609e+26  	13443  	5.88451e+24	161.557	289	31 	34.9649
124	886   	2.33347e+34	2.33334e+37	13408  	7.37497e+35	163.343	287	5  	32.5086
125	913   	1.36822e+30	1.36822e+33	13360.1	4.32452e+31	161.566	251	9  	32.2959
126	914   	1.27767e+31	1.27589e+34	13228.6	4.03269e+32	162.874	248	9  	29.7965
127	907   	2.66912e+31	1.39315e+34	12459.6	5.96812e+32	159.472	237	15 	30.0275
128	924   	4.35234e+45	4.35234e+48	12459.6	1.37564e+47	159.226	232	23 	27.6568
129	910   	8.78659e+25	8.76647e+28	12459.6	2.77081e+27	159.413	263	17 	26.6204
130	914   	3.23209e+28	3.23206e+31	12459.6	1.02156e+30	161.945	289	23 	27.383 
131	904   	3.61267e+22	1.79585e+25	12459.6	8.02195e+23	163.741	250	32 	29.726 
132	929   	4.43309e+46	4.43309e+49	12457  	1.40116e+48	167.316	258	18 	30.3273
133	918   	2.33292e+34	2.33287e+37	12457  	7.37348e+35	173.379	258	21 	29.8545
134	893   	2.59975e+23	2.33504e+26	12452.3	7.41121e+24	175.768	256	29 	29.4217
135	944   	1.03802e+26	1.03368e+29	12454.4	3.26716e+27	177.288	258	30 	29.4208
136	919   	5.32318e+39	4.94924e+42	12449.1	1.56864e+41	173.383	256	5  	33.2217
137	874   	4.38782e+22	2.23865e+25	12449.6	9.69326e+23	172.725	257	18 	29.5796
138	917   	2.14217e+31	2.14216e+34	12446.4	6.77073e+32	168.433	257	9  	30.222 
139	900   	3.15196e+27	3.15086e+30	12446.4	9.95891e+28	160.816	257	10 	29.5629
140	896   	7.76938e+53	7.76938e+56	11987.7	2.45566e+55	156.461	254	19 	27.7646
141	904   	3.04927e+34	3.04927e+37	11987.7	9.6378e+35 	153.443	243	7  	25.3962
142	918   	1.09187e+46	1.09187e+49	11987.7	3.45107e+47	151.302	223	8  	26.0021
143	910   	1.33157e+23	6.15829e+25	11987.7	2.40309e+24	152.031	225	15 	24.5506
144	892   	1.09382e+35	6.98676e+37	11987.7	2.53592e+36	150.858	278	10 	25.9197
145	918   	3.96345e+34	3.96345e+37	11992.2	1.25272e+36	153.833	275	7  	27.2493
146	923   	2.33093e+40	2.33093e+43	11989  	7.36736e+41	157.317	277	20 	26.9565
147	907   	2.20305e+22	2.17931e+25	11989.7	6.8882e+23 	157.363	316	16 	28.0895
148	913   	2.45514e+23	1.92994e+26	11961.2	6.20682e+24	159.102	268	10 	30.6035
149	917   	2.26774e+30	2.26774e+33	11961.2	7.16763e+31	160.76 	256	7  	30.0132
150	903   	1.37439e+30	1.37439e+33	11935.5	4.34404e+31	160.86 	238	12 	30.7926
151	925   	2.27128e+30	2.27128e+33	11890.5	7.17883e+31	160.701	251	7  	32.2235
152	915   	2.18371e+46	1.09195e+49	11838  	4.87804e+47	156.658	245	3  	31.6345
153	899   	1.53052e+25	1.49819e+28	11838  	4.73589e+26	154.854	239	5  	30.3055
154	943   	1.18104e+23	9.56436e+25	11857.6	3.10432e+24	155.391	251	16 	29.6941
155	935   	2.26427e+30	2.26427e+33	11857.6	7.15668e+31	160.805	250	22 	31.3162
156	925   	9.11272e+33	9.11272e+36	11857.6	2.88025e+35	167.581	277	16 	34.21  
157	931   	4.27974e+32	4.2581e+35 	11794.5	1.34587e+34	177.129	258	17 	32.2842
158	889   	1.80724e+31	1.80724e+34	11691  	5.71215e+32	185.679	275	17 	29.5367
159	930   	3.45659e+42	3.45659e+45	11783.4	1.09252e+44	187.186	272	18 	29.3419
160	903   	1.61101e+29	1.60998e+32	11783.4	5.08865e+30	187.464	268	20 	28.0506
161	908   	9.17812e+33	9.12938e+36	11641.9	2.88554e+35	187.52 	261	7  	29.5808
162	906   	8.87159e+33	8.86917e+36	11641.9	2.80327e+35	187.272	271	15 	29.0529
163	902   	1.64064e+31	1.64063e+34	11641.9	5.18555e+32	188.462	261	7  	27.8016
164	894   	7.51783e+58	7.51783e+61	11640.3	2.37616e+60	191.384	279	31 	28.4327
165	912   	9.49375e+41	9.49375e+44	11630.9	3.00068e+43	193.093	258	29 	28.3121
166	902   	2.26196e+30	2.26195e+33	11630.9	7.14933e+31	194.337	263	65 	27.7649
167	896   	9.12938e+33	9.12938e+36	11594.4	2.88552e+35	194.545	294	5  	29.8689
168	887   	2.26299e+30	2.26288e+33	11531.6	7.15229e+31	196.67 	294	8  	29.5594
169	914   	9.81357e+23	8.47786e+26	11380  	2.68452e+25	197.742	284	52 	28.254 
170	910   	4.58136e+37	4.57651e+40	11380  	1.44649e+39	199.528	262	9  	28.4712
171	905   	4.82865e+41	4.82865e+44	11264.9	1.52619e+43	201.802	282	11 	27.9647
172	913   	1.0655e+46 	1.06542e+49	11264.9	3.36748e+47	202.104	284	7  	31.175 
173	899   	2.51938e+23	1.41288e+26	11264.9	4.83496e+24	200.24 	290	65 	29.9644
174	924   	1.21249e+23	6.17799e+25	11244.5	2.21082e+24	197.42 	331	33 	33.9233
175	910   	1.2076e+54 	1.2076e+57 	11244.5	3.81686e+55	199.364	298	73 	34.1283
176	920   	5.90315e+50	5.90315e+53	11098.7	1.86581e+52	200.747	311	84 	36.507 
177	901   	1.17163e+40	1.16652e+43	11098.7	3.68703e+41	206.368	323	26 	40.8429
178	906   	9.28749e+33	8.86567e+36	11098.7	2.80519e+35	214.9  	308	35 	40.6812
179	906   	8.8707e+33 	8.86567e+36	11087  	2.80217e+35	226.543	316	72 	37.2329
180	907   	7.65707e+41	7.01496e+44	11064.6	2.22628e+43	236.088	337	85 	35.953 
181	930   	2.10232e+37	2.10232e+40	11012.7	6.6448e+38 	242.083	341	115	34.012 
182	911   	3.56273e+23	2.90412e+26	10887.5	9.25359e+24	241.531	334	111	32.7503
183	925   	1.5213e+31 	1.29482e+34	10776.1	4.15397e+32	240.395	337	38 	33.6476
184	926   	2.1402e+30 	2.1402e+33 	10887.5	6.76452e+31	237.915	312	96 	34.7523
185	916   	5.88082e+33	5.88082e+36	10852.3	1.85875e+35	234.826	340	73 	36.7546
186	910   	2.26291e+30	2.26288e+33	10545.3	7.15229e+31	232.55 	340	38 	38.3016
187	908   	2.26191e+30	2.2619e+33 	10703.6	7.14919e+31	236.93 	346	88 	34.4887
188	901   	1.06542e+46	1.06542e+49	10790.8	3.36748e+47	240.464	340	83 	33.091 
189	899   	2.26133e+30	2.26133e+33	10602.2	7.14738e+31	244.341	342	69 	31.3694
190	920   	6.87681e+55	6.87681e+58	10543.2	2.17355e+57	247.62 	346	118	28.2298
191	920   	9.04377e+42	8.59032e+45	10525.4	2.71878e+44	249.173	367	104	28.9126
192	899   	4.42409e+35	4.42409e+38	10525.2	1.39832e+37	247.842	333	94 	28.2378
193	909   	4.53059e+30	2.26286e+33	10525.2	1.01078e+32	248.32 	311	98 	28.2805
194	916   	8.86781e+33	8.86555e+36	10384.9	2.80213e+35	248.076	318	96 	28.002 
195	893   	6.78865e+30	2.26288e+33	10384.9	1.23757e+32	245.312	313	97 	29.1477
196	903   	1.39743e+29	1.39743e+32	10243.6	4.41685e+30	240.089	328	93 	32.8953
197	928   	2.26716e+30	2.26288e+33	10208  	7.15229e+31	235.62 	320	68 	33.7987
198	923   	1.06502e+46	1.06502e+49	10208.7	3.36621e+47	228.392	353	84 	32.616 
199	913   	1.97777e+39	1.97743e+42	10229.2	6.25005e+40	224.152	329	80 	32.836 
200	905   	2.12854e+46	1.06504e+49	10275.3	4.75481e+47	224.789	309	99 	28.862 
201	916   	2.29521e+55	2.29521e+58	10088.6	7.25446e+56	221.673	301	34 	29.1888
202	887   	4.52614e+30	2.26325e+33	10073.2	1.01106e+32	220.273	318	79 	29.6636
203	906   	4.57849e+55	2.28925e+58	10040.7	1.02276e+57	221.245	309	78 	28.4777
204	909   	4.42347e+35	4.42345e+38	10040.7	1.39812e+37	223.852	308	90 	28.6915
205	943   	6.79017e+33	6.79017e+36	9983.57	2.14617e+35	227.367	323	81 	31.5193
206	909   	8.85621e+22	6.17802e+25	9978.95	2.0744e+24 	232.575	329	80 	33.1538
207	889   	1.94472e+55	1.94472e+58	9971.14	6.14668e+56	235.342	317	98 	32.5067
208	905   	4.43152e+35	4.4315e+38 	9911.99	1.40066e+37	238.402	331	98 	29.7344
209	899   	4.52495e+30	2.26283e+33	9911.99	1.0108e+32 	239.61 	380	103	28.9816
210	903   	3.68976e+38	3.68975e+41	9879.75	1.16622e+40	236.665	315	100	27.9651
211	926   	3.6667e+23 	1.41287e+26	9879.75	5.69268e+24	233.655	339	73 	27.4311
212	906   	1.06408e+46	1.06408e+49	9909.95	3.36322e+47	230.671	339	95 	26.8606
213	910   	8.84691e+35	4.42345e+38	9810.81	1.97625e+37	229.304	406	99 	26.1743
214	910   	6.91858e+33	6.91858e+36	9810.81	2.18675e+35	228.403	338	45 	25.7088
215	929   	4.42346e+35	4.42346e+38	9810.93	1.39812e+37	228.128	301	97 	24.9341
216	896   	4.42344e+35	4.42344e+38	9738.74	1.39812e+37	227.254	308	84 	25.4013
217	923   	2.26291e+30	2.26288e+33	9738.74	7.15228e+31	227.857	309	93 	24.8195
218	900   	4.94169e+30	4.94169e+33	9748.05	1.56192e+32	231.046	320	87 	24.6225
219	907   	1.29217e+55	1.29217e+58	9691.66	4.08417e+56	233.645	315	104	27.5305
220	905   	6.74667e+33	6.74667e+36	9691.66	2.13242e+35	238.39 	328	100	29.6853
221	937   	2.26287e+30	2.26284e+33	9691.32	7.15214e+31	241.711	326	96 	32.9772
222	894   	2.10118e+32	2.05436e+35	9606.07	6.49475e+33	249.186	371	97 	36.1056
223	905   	2.00735e+23	7.95779e+25	9568.67	3.33561e+24	255.431	350	97 	40.9488
224	903   	4.41224e+35	4.41222e+38	9568.67	1.39457e+37	262.924	352	99 	42.6301
225	907   	1.29017e+55	1.29017e+58	9568.67	4.07784e+56	276.562	353	112	42.3325
226	913   	2.26284e+30	2.26284e+33	9568.67	7.15214e+31	286.717	364	111	40.2675
227	901   	2.26284e+30	2.26284e+33	9567.35	7.15214e+31	295.124	374	127	34.9579
228	918   	2.13071e+32	2.13071e+35	9553.59	6.73452e+33	299.3  	415	120	30.5328
229	916   	1.06231e+46	1.06231e+49	9553.59	3.35763e+47	299.295	367	130	29.1048
230	898   	4.44027e+22	2.17303e+25	9553.59	9.71002e+23	301.411	376	129	26.2358
231	905   	4.8254e+34 	3.93884e+37	9455.21	1.27582e+36	299.673	393	13 	27.9042
232	917   	4.42405e+35	4.42405e+38	9455.21	1.39831e+37	298.471	362	136	23.9741
233	921   	2.26289e+30	2.26286e+33	9455.12	7.15221e+31	297.485	367	134	24.2785
234	885   	4.42409e+35	4.42406e+38	9419.09	1.39831e+37	297.697	362	133	26.6049
235	912   	1.26794e+29	1.26692e+32	9416.03	4.00435e+30	298.328	374	132	28.0256
236	902   	1.06228e+46	1.06228e+49	9416.03	3.35753e+47	301.725	389	110	29.5121
237	912   	2.26285e+30	2.26284e+33	9416.03	7.15216e+31	305.953	403	121	30.3062
238	914   	2.26511e+30	2.26511e+33	9360.89	7.15932e+31	313.502	447	121	33.3209
239	912   	1.0195e+26 	1.01885e+29	9360.4 	3.22027e+27	321.692	447	130	34.1974
240	891   	4.35446e+22	2.17314e+25	9159.03	9.70882e+23	328.989	447	107	32.9632
241	886   	4.42406e+35	4.42406e+38	9159.03	1.39831e+37	332.916	415	144	29.6167
242	922   	7.18747e+28	7.18736e+31	9149   	2.27171e+30	334.841	537	168	27.254 
243	909   	2.20754e+32	2.13967e+35	9123.4 	6.76375e+33	333.612	436	155	27.9676
244	896   	6.03418e+21	5.69987e+24	9118.44	1.80442e+23	335.156	414	169	24.1948
245	901   	1.06229e+46	1.06229e+49	8930.83	3.35757e+47	334.909	394	160	23.8362
246	911   	1.15806e+46	1.15806e+49	8886.78	3.66029e+47	331.879	400	154	26.3148
247	929   	1.07675e+23	6.38684e+25	8886.33	2.23879e+24	328.305	430	169	25.3354
248	909   	2.26294e+30	2.26286e+33	8837.09	7.15221e+31	324.109	384	139	28.5796
249	906   	2.26286e+30	2.26286e+33	8431.64	7.15221e+31	323.419	391	151	24.0874
250	915   	3.43082e+20	2.79235e+23	8431.64	8.92897e+21	323.233	393	162	23.7727
251	890   	2.11893e+41	2.11893e+44	8431.64	6.6973e+42 	321.549	397	134	28.0692
252	892   	6.48703e+23	5.63079e+26	8431.64	1.79218e+25	321.557	429	123	26.7199
253	903   	4.52989e+30	2.2651e+33 	8431.64	1.0119e+32 	318.516	379	135	26.8639
254	929   	3.75444e+30	2.26286e+33	8431.64	8.56226e+31	316.389	384	136	27.9413
255	932   	1.31569e+23	6.39049e+25	8431.64	2.34275e+24	316.211	415	138	27.6418
256	896   	2.26306e+30	2.26286e+33	8439.81	7.15221e+31	312.688	379	129	29.9584
257	923   	2.26286e+30	2.26286e+33	8371.43	7.15221e+31	310.435	391	121	33.474 
258	916   	3.62755e+54	3.62755e+57	8371.42	1.14656e+56	311.004	414	138	31.1752
259	927   	3.23394e+53	3.23394e+56	8148.97	1.02215e+55	310.267	431	120	36.6769
260	895   	2.27658e+30	2.26474e+33	8148.97	7.15821e+31	313.269	434	125	37.8399
261	927   	4.52573e+30	2.26288e+33	8064.05	1.01097e+32	317.274	424	116	43.2141
262	924   	3.62755e+54	3.62755e+57	8064.05	1.14656e+56	319.35 	426	134	43.2636
263	893   	2.26286e+30	2.26286e+33	7975.87	7.15221e+31	318.287	426	122	42.7878
264	924   	4.99989e+54	4.99989e+57	7953.92	1.58031e+56	313.832	425	93 	44.3888
265	905   	4.6412e+30 	2.26288e+33	7953.92	1.01141e+32	307.763	477	121	42.6752
266	886   	2.72611e+23	1.15035e+26	7952.95	5.01196e+24	305.27 	403	111	41.1475
267	908   	4.73563e+26	4.73356e+29	7792.6 	1.49613e+28	301.802	406	119	37.1328
268	883   	9.82789e+28	9.758e+31  	7792.6 	3.08423e+30	295.142	459	129	36.1463
269	920   	5.85614e+29	5.85607e+32	7792.6 	1.85092e+31	290.168	401	107	33.5391
270	901   	8.44387e+46	8.44387e+49	7930.89	2.66885e+48	288.452	407	111	35.618 
271	894   	2.75196e+32	2.75196e+35	7930.89	8.69811e+33	289.594	359	75 	34.6299
272	923   	1.38584e+28	1.36546e+31	7902.89	4.31599e+29	292.453	402	132	33.519 
273	897   	9.09193e+33	9.08967e+36	7902.89	2.87297e+35	295.63 	373	109	33.8547
274	886   	6.79042e+30	2.26512e+33	7902.89	1.23781e+32	300.825	373	119	31.2582
275	910   	2.41262e+23	7.83303e+25	7872.54	3.69695e+24	302.996	431	113	33.5715
276	905   	4.52416e+30	2.26216e+33	7872.54	1.01062e+32	304.875	374	112	31.0947
277	900   	3.54652e+34	3.54629e+37	7887.94	1.12088e+36	302.578	369	134	31.4802
278	894   	2.26299e+30	2.26288e+33	7829.35	7.15226e+31	298.803	395	162	31.1634
279	886   	1.06231e+46	1.06231e+49	7795.72	3.35765e+47	292.81 	395	118	31.2755
280	909   	1.00782e+34	1.00782e+37	7829.35	3.1854e+35 	287.344	382	118	31.4828
281	900   	4.04493e+36	4.04493e+39	7829.35	1.27848e+38	285.559	389	118	31.4578
282	916   	4.52485e+30	2.26288e+33	7780.11	1.01078e+32	286.31 	410	112	32.488 
283	925   	4.59345e+28	4.59106e+31	7780.11	1.45109e+30	291.009	410	115	29.7624
284	919   	3.08597e+28	3.08541e+31	7780.11	9.75205e+29	291.364	375	117	30.8003
285	922   	3.19855e+41	3.19855e+44	7671.83	1.01096e+43	291.397	371	112	31.1322
286	912   	1.06231e+46	1.06231e+49	7671.83	3.35765e+47	292.298	370	114	31.5656
287	921   	1.59771e+30	1.59771e+33	7671.83	5.04988e+31	294.528	413	114	31.8425
288	888   	3.84962e+54	3.84962e+57	7671.62	1.21675e+56	298.903	392	10 	30.8576
289	917   	1.07326e+46	1.07326e+49	7663.39	3.39226e+47	300.031	379	115	31.9184
290	908   	3.66753e+28	2.09824e+31	7663.39	8.27756e+29	299.673	393	108	31.8602
291	918   	4.52538e+30	2.26288e+33	7663.39	1.01082e+32	297.088	386	110	31.1121
292	914   	1.02195e+54	1.02195e+57	7663.3 	3.23006e+55	293.484	367	113	30.3513
293	901   	6.12346e+30	2.26288e+33	7661.28	1.12944e+32	289.995	382	112	29.1527
294	927   	4.79426e+40	4.79426e+43	7661.28	1.51532e+42	286.819	363	110	29.4957
295	921   	2.36046e+30	2.26288e+33	7648.47	7.1586e+31 	285.026	380	111	27.5909
296	918   	9.87259e+52	9.87259e+55	7648.47	3.12042e+54	282.959	377	108	25.0652
297	905   	8.81529e+35	7.43814e+38	7638.67	2.3905e+37 	282.381	446	104	24.2788
298	891   	8.86577e+33	8.86575e+36	7638.05	2.8022e+35 	280.355	348	105	24.6372
299	888   	9.05476e+45	9.05476e+48	7638.05	2.86193e+47	279.658	349	101	23.8557
300	904   	3.18568e+27	2.60675e+30	7628.68	8.39377e+28	279.233	376	110	25.5494
301	924   	3.91261e+38	3.91261e+41	7614.38	1.23666e+40	280.025	414	105	27.4258
302	925   	3.16472e+40	3.16472e+43	7614.38	1.00027e+42	282.328	372	127	22.4726
303	899   	1.06121e+46	1.06121e+49	7614.38	3.35415e+47	283.465	397	109	26.0884
304	910   	1.52185e+28	1.47133e+31	7605.87	4.65302e+29	285.72 	347	109	28.2212
305	909   	3.91006e+38	3.91006e+41	7605.87	1.23585e+40	289.415	380	107	26.6652
306	928   	4.52505e+30	2.26478e+33	7595.94	1.01082e+32	292.008	355	115	24.6745
307	916   	3.01363e+41	3.01357e+44	7595.94	9.52498e+42	291.682	359	109	27.1182
308	890   	5.05092e+26	5.0508e+29 	7595.94	1.5964e+28 	293.033	361	109	28.3197
309	925   	1.09288e+31	6.43754e+33	7595.44	2.26735e+32	293.722	370	112	27.6777
310	890   	9.91884e+52	9.91884e+55	7592.93	3.13505e+54	296.564	360	149	25.1051
311	903   	8.87421e+33	8.87195e+36	7591.79	2.80415e+35	298.231	376	113	27.355 
312	896   	2.78535e+32	2.78535e+35	7553.93	8.80365e+33	299.746	359	84 	27.0257
313	907   	2.54955e+30	2.30015e+33	7539.44	7.31191e+31	301.339	374	139	27.7836
314	914   	1.11406e+31	8.84455e+33	7537.33	2.88484e+32	303.574	382	140	29.0354
315	909   	4.04547e+36	4.04521e+39	7537.33	1.27857e+38	305.749	409	143	29.633 
316	916   	3.14803e+40	3.14803e+43	7537.33	9.94995e+41	306.351	368	151	30.2826
317	936   	2.54252e+22	2.17313e+25	7532.26	6.96452e+23	310.942	380	138	26.6668
318	904   	6.79618e+30	2.26701e+33	7532.26	1.23894e+32	310.901	395	101	29.3229
319	897   	2.26288e+30	2.26288e+33	7514.98	7.15226e+31	306.41 	398	134	32.6184
320	914   	4.05407e+36	4.04519e+39	7514.98	1.27856e+38	306.144	379	99 	27.9126
321	921   	4.57168e+30	2.26876e+33	7514.98	1.01324e+32	302.783	403	140	30.8714
322	922   	1.05755e+24	1.03544e+27	7458.85	3.27337e+25	305.484	385	106	28.2384
323	913   	5.69081e+26	4.43421e+29	7458.85	1.43847e+28	308.409	387	172	27.4958
324	911   	2.26651e+30	2.26651e+33	7455.57	7.16376e+31	311.163	394	147	29.6491
325	909   	2.29726e+23	2.07992e+26	7453.65	6.6091e+24 	311.363	387	133	33.0459
326	928   	8.07447e+36	8.07446e+39	7450.35	2.55209e+38	313.365	409	131	31.334 
327	910   	1.06271e+46	1.06271e+49	7453.65	3.35889e+47	311.871	424	145	29.6854
328	923   	2.62053e+54	2.62053e+57	7451.01	8.28269e+55	310.827	424	149	29.1131
329	908   	3.47856e+24	3.23718e+27	7451.01	1.02408e+26	307.881	418	145	29.6579
330	921   	9.74562e+23	9.50946e+26	7439   	3.00636e+25	303.107	380	140	31.3193
331	899   	1.18369e+42	1.15196e+45	7434.35	3.64227e+43	303.256	386	140	26.6695
332	921   	1.03598e+34	1.03598e+37	7434.35	3.27442e+35	296.407	395	135	30.4474
333	915   	1.03292e+32	1.01029e+35	7434.35	3.19396e+33	297.114	397	138	25.7348
334	916   	2.61404e+54	2.61404e+57	7391.34	8.26218e+55	294.255	387	140	25.2949
335	913   	2.26255e+30	2.26255e+33	7390.03	7.15125e+31	293.695	378	71 	22.9958
336	914   	1.15518e+32	1.00966e+35	7389.7 	3.19983e+33	292.531	375	133	26.0616
337	905   	2.27418e+30	2.26687e+33	7389.65	7.16491e+31	292.309	355	134	28.4679
338	907   	2.61532e+54	2.61532e+57	7388.91	8.26624e+55	295.531	384	142	24.896 
339	915   	2.61729e+54	2.61729e+57	7384.48	8.27245e+55	297.572	391	138	27.3962
340	901   	2.26651e+30	2.26651e+33	7384.48	7.16374e+31	299.09 	377	126	28.5557
341	913   	1.052e+31  	1.04349e+34	7384.48	3.29824e+32	303.767	398	136	28.1463
342	905   	1.9802e+42 	1.9802e+45 	7377.42	6.25882e+43	309.227	372	143	31.0774
343	891   	1.33957e+37	6.70475e+39	7377.42	2.99234e+38	313.253	382	115	29.5391
344	891   	1.06575e+46	1.06575e+49	7377.42	3.36851e+47	315.151	408	136	29.4587
345	915   	1.06466e+46	1.06463e+49	7363.07	3.36496e+47	316.336	389	135	26.5126
346	915   	2.54104e+34	2.54038e+37	7260.48	8.02937e+35	313.987	381	137	27.9073
347	892   	1.8208e+26 	1.82058e+29	7254.75	5.75431e+27	313.41 	374	143	25.8546
348	930   	2.28164e+30	2.26688e+33	7254.75	7.16502e+31	309.556	506	135	29.2831
349	927   	1.01001e+32	1.00966e+35	7254.75	3.19123e+33	307.446	381	133	28.8621
350	896   	1.92218e+18	1.51836e+21	7254.75	4.9569e+19 	305.148	375	140	27.9794
351	914   	2.80384e+35	2.80384e+38	7245.68	8.86209e+36	304.272	405	134	29.6073
352	910   	1.98258e+54	1.98258e+57	7245.68	6.26632e+55	303.64 	388	124	25.7479
353	890   	1.01837e+26	1.01732e+29	7245.68	3.21544e+27	303.492	388	133	30.7377
354	879   	8.86456e+33	8.86456e+36	7245.68	2.80182e+35	302.231	455	132	32.176 
355	907   	2.74108e+30	2.26218e+33	7239.71	7.30705e+31	302.569	385	134	29.1426
356	931   	5.97208e+24	5.81579e+27	7239.71	1.83849e+26	299.567	382	135	29.7453
357	893   	3.81969e+28	2.76624e+31	7223.94	9.35265e+29	299.446	381	136	26.3341
358	891   	1.05802e+32	1.00966e+35	7223.94	3.19269e+33	298.945	393	153	26.4542
359	925   	4.03023e+35	4.03021e+38	7194.5 	1.27383e+37	298.703	393	134	26.8444
360	900   	6.40544e+24	5.21664e+27	7194.5 	1.67633e+26	300.07 	386	131	28.8269
361	898   	7.36586e+33	7.36586e+36	7194.5 	2.32812e+35	301.865	380	135	25.0698
362	911   	2.27342e+30	2.26255e+33	7189.38	7.15129e+31	305.131	461	133	25.4046
363	910   	5.52358e+28	5.52357e+31	7173.24	1.74583e+30	304.921	383	133	27.6509
364	906   	4.34502e+22	2.16964e+25	7176.6 	9.69323e+23	307.525	410	134	26.6227
365	911   	2.90683e+54	2.90683e+57	7176.39	9.1876e+55 	307.161	403	134	28.5527
366	895   	4.52367e+30	2.26255e+33	7171.27	1.01051e+32	305.506	450	124	29.2873
367	927   	1.91693e+53	1.91693e+56	7171.27	6.05883e+54	301.506	377	133	30.2566
368	903   	2.90111e+40	2.90111e+43	7146.62	9.16952e+41	302.246	402	145	26.8378
369	911   	2.26353e+30	2.26352e+33	7148.03	7.1543e+31 	301.983	393	135	26.3212
370	910   	4.42409e+35	4.42406e+38	7138.09	1.39831e+37	301.333	375	137	26.9996
371	921   	1.97902e+42	1.97902e+45	7118.88	6.25509e+43	299.435	393	133	30.4282
372	915   	6.31341e+30	2.26255e+33	7099.82	1.15691e+32	303.471	393	133	26.4887
373	894   	4.65265e+30	2.26255e+33	7099.82	1.01158e+32	304.254	358	140	27.4109
374	889   	2.95839e+28	2.9582e+31 	7050.9 	9.34996e+29	305.978	357	151	27.3177
375	902   	1.48493e+43	1.48493e+46	7030.77	4.69342e+44	308.55 	372	139	25.9891
376	909   	2.57295e+30	2.26255e+33	7030.31	7.21723e+31	310.233	439	139	27.1113
377	902   	2.26143e+30	2.26143e+33	7029.26	7.14769e+31	310.132	368	154	24.7888
378	930   	2.28466e+30	2.26255e+33	7029.26	7.15152e+31	309.502	369	145	28.6422
379	917   	4.00471e+34	2.53554e+37	7025.23	8.68217e+35	309.789	376	132	27.591 
380	906   	1.55665e+25	1.46661e+28	7025.13	4.64271e+26	310.473	389	147	26.9442
381	922   	2.71942e+25	2.49879e+28	7025.27	7.90893e+26	310.012	384	142	28.7836
382	892   	2.02057e+37	2.02057e+40	7025.45	6.38641e+38	311.479	386	140	31.0609
383	893   	7.33414e+34	7.33414e+37	7021.95	2.3181e+36 	315.307	417	141	27.8016
384	927   	7.38844e+23	4.28934e+26	7021.95	1.55608e+25	316.575	383	138	29.6159
385	899   	7.65823e+33	7.65371e+36	7021.95	2.4191e+35 	319.147	480	132	29.7728
386	910   	1.01828e+26	9.70298e+28	7008.37	3.06973e+27	319.947	368	136	26.7965
387	912   	8.87625e+30	8.87625e+33	7008.37	2.80551e+32	320.737	404	144	26.8639
388	892   	2.26265e+30	2.26255e+33	7000.28	7.15122e+31	321.242	388	141	24.6318
389	910   	4.58075e+23	1.15275e+26	7000.28	6.17895e+24	321.669	365	140	23.5603
390	901   	1.49331e+39	1.49331e+42	6866.84	4.71991e+40	321.653	373	145	22.9816
391	895   	3.96488e+32	2.49075e+35	6866.84	9.07099e+33	321.611	399	134	24.0874
392	914   	6.21758e+40	6.06897e+43	6866.84	1.91874e+42	320.934	419	144	25.9247
393	924   	4.03861e+32	4.03861e+35	6865.77	1.27648e+34	322.061	392	144	22.8382
394	924   	7.44292e+32	7.44281e+35	6865.77	2.35244e+34	321.337	390	143	25.2029
395	896   	1.27593e+31	1.27092e+34	6851.19	4.01701e+32	321.754	411	146	22.6407
396	916   	4.53497e+30	2.27207e+33	6865.77	1.01296e+32	320.686	374	144	23.6104
397	893   	2.10504e+28	2.10503e+31	6865.77	6.65337e+29	318.643	369	134	26.6911
398	900   	7.40564e+34	7.40519e+37	6858.57	2.34055e+36	319.025	377	143	25.0892
399	914   	2.64432e+22	2.64294e+25	6845.78	8.35352e+23	318.485	419	146	24.0279
400	913   	2.26284e+30	2.26255e+33	6845.78	7.15122e+31	316.748	372	139	22.4732
401	911   	2.30784e+44	2.26767e+47	6845.78	7.16842e+45	316.215	383	138	23.5973
402	909   	1.77725e+36	1.76958e+39	6831.68	5.59314e+37	314.532	401	139	23.644 
403	916   	4.0369e+42 	4.0369e+45 	6765.09	1.27594e+44	312.196	373	144	24.9245
404	926   	8.86846e+33	8.86459e+36	6767.8 	2.80183e+35	311.315	381	143	24.7714
405	914   	1.03697e+54	1.03697e+57	6771.72	3.27754e+55	311.515	374	144	24.4425
406	899   	3.63679e+38	3.63679e+41	6768.13	1.14948e+40	312.59 	393	134	24.9798
407	907   	1.06422e+46	1.06422e+49	6682.64	3.36368e+47	313.766	400	136	26.7355
408	904   	2.1309e+31 	2.1309e+34 	6682.64	6.73513e+32	314.264	395	144	27.0735
409	894   	2.28352e+30	2.26255e+33	6682.64	7.15147e+31	315.833	392	141	23.6248
410	913   	2.26296e+30	2.26255e+33	6682.64	7.15124e+31	312.616	390	141	27.6251
411	899   	2.5381e+34 	2.53593e+37	6678.69	8.0153e+35 	312.265	393	141	25.435 
412	912   	1.03508e+54	1.03508e+57	6678.69	3.27157e+55	309.918	373	146	25.3986
413	886   	8.07723e+32	4.03862e+35	6416.35	1.80432e+34	309.736	383	140	24.9516
414	897   	2.20676e+31	2.20676e+34	6416.35	6.97488e+32	307.483	375	141	26.7928
415	896   	1.06654e+34	1.0663e+37 	6285.36	3.37024e+35	307.124	410	140	26.2218
416	925   	4.03887e+32	4.03862e+35	6285.36	1.27648e+34	306.251	377	141	25.2427
417	900   	1.01127e+54	1.01127e+57	6285.36	3.1963e+55 	304.998	380	141	25.8656
418	892   	2.26444e+30	2.26255e+33	6284.55	7.15122e+31	304.692	387	141	22.7524
419	898   	1.77039e+36	1.76958e+39	6284.35	5.59311e+37	301.671	363	143	24.9151
420	901   	8.46102e+33	7.65266e+36	6284.35	2.42524e+35	300.584	349	138	24.627 
421	924   	2.70474e+31	2.47848e+34	6156.87	7.86559e+32	299.822	357	99 	26.163 
422	923   	3.48168e+26	3.48081e+29	6166.69	1.10018e+28	299.012	372	140	24.0731
423	925   	6.78114e+37	6.7811e+40 	6162.58	2.1433e+39 	299.523	366	125	22.689 
424	893   	6.92451e+26	6.90088e+29	6159.16	2.18116e+28	298.299	382	140	24.961 
425	915   	4.78473e+35	4.69622e+38	6153.52	1.48457e+37	300.341	401	137	21.9242
426	905   	2.81552e+34	2.53593e+37	6153.52	8.063e+35  	299.626	372	138	24.274 
427	918   	2.70619e+31	2.47821e+34	6136.61	7.86483e+32	301.183	379	138	24.5759
428	915   	1.06422e+46	1.06422e+49	6136.61	3.36369e+47	301.699	378	140	25.3305
429	907   	3.4885e+36 	3.48766e+39	6135.55	1.10234e+38	303.592	384	141	24.7379
430	906   	2.63757e+40	2.63757e+43	6136.61	8.33656e+41	304.002	373	142	23.2973
431	925   	1.42998e+29	1.42646e+32	6127.17	4.50861e+30	304.795	373	144	23.408 
432	907   	2.84435e+42	2.84433e+45	6127.17	8.99006e+43	304.258	442	139	24.9226
433	891   	4.5569e+32 	4.03862e+35	6127.17	1.28113e+34	303.873	403	139	24.6924
434	909   	4.37422e+32	4.03862e+35	6117.35	1.28023e+34	304.713	366	143	24.7867
435	921   	4.13864e+39	4.13265e+42	6117.35	1.3062e+41 	304.569	385	123	26.429 
436	895   	7.96179e+31	3.16424e+34	6117.35	1.433e+33  	304.861	380	141	26.256 
437	899   	7.64004e+33	7.07792e+36	6080.22	2.24113e+35	305.927	422	136	26.8026
438	908   	1.01875e+28	1.0183e+31 	6080.22	3.21854e+29	307.03 	380	138	23.6076
439	916   	3.71278e+39	3.71278e+42	6080.22	1.1735e+41 	307.284	365	138	26.5633
440	903   	2.33182e+30	2.26255e+33	6080.22	7.15436e+31	308.435	426	141	28.2357
441	918   	2.47822e+31	2.47821e+34	6080.22	7.83288e+32	310.747	368	139	26.6617
442	904   	3.83283e+30	3.83272e+33	6061.21	1.21141e+32	314.691	385	140	24.5687
443	909   	1.73542e+30	1.61815e+33	6061.21	5.12736e+31	314.888	372	140	25.8414
444	881   	6.44588e+54	6.44588e+57	6060.97	2.03735e+56	319.443	400	140	21.6866
445	915   	1.90368e+36	1.76958e+39	6060.97	5.60872e+37	318.035	407	138	26.7753
446	923   	1.61352e+47	1.61352e+50	6060.97	5.09983e+48	319.436	386	134	27.2661
447	898   	3.10463e+29	3.10398e+32	6055.76	9.81073e+30	320.646	377	138	22.3605
448	928   	4.95734e+31	2.47821e+34	6055.38	1.10718e+33	320.215	399	141	25.5237
449	912   	2.93805e+23	1.77464e+26	6055.38	6.38209e+24	320.603	424	147	24.2455
450	899   	8.71424e+39	8.71424e+42	6055.38	2.75431e+41	319.479	441	143	26.4577
451	924   	2.00872e+30	2.00872e+33	6055.38	6.34895e+31	319.533	425	143	25.5156
452	910   	4.0548e+32 	4.03862e+35	6055.36	1.27649e+34	319.589	418	140	27.9498
453	921   	1.09779e+25	1.05301e+28	6002.18	3.33006e+26	321.312	420	144	25.7372
454	909   	1.06271e+46	1.06269e+49	6054.13	3.35883e+47	320.813	396	141	25.7138
455	911   	1.44129e+29	1.43902e+32	6045.89	4.54829e+30	319.606	416	138	28.5854
456	912   	2.47825e+31	2.47821e+34	6045.89	7.83288e+32	319.061	396	140	28.9026
457	911   	1.13625e+26	1.13462e+29	5956.27	3.58618e+27	320.524	434	142	27.6262
458	905   	1.89432e+42	1.89432e+45	5956.27	5.98738e+43	320.669	397	140	26.8876
459	888   	7.65656e+33	7.65203e+36	5956.27	2.41857e+35	320.173	393	142	28.4564
460	894   	8.87653e+27	8.87533e+30	6045.67	2.80522e+29	322.402	390	146	23.5196
461	912   	1.06269e+46	1.06269e+49	6045.67	3.35883e+47	322.963	396	144	24.0222
462	904   	6.80857e+24	6.34978e+27	6045.67	2.01063e+26	323.573	388	140	25.1012
463	902   	2.47482e+31	2.24859e+34	6045.67	7.14229e+32	321.867	426	143	27.2033
464	927   	2.511e+30  	2.26407e+33	6045.41	7.19767e+31	321.842	441	142	27.8304
465	905   	4.06126e+32	4.03862e+35	6043.89	1.2765e+34 	322.134	397	142	24.5033
466	895   	1.76963e+36	1.76958e+39	6026.67	5.59311e+37	320.279	385	142	25.941 
467	913   	7.68859e+33	7.68859e+36	6043.96	2.43013e+35	319.653	381	139	26.2932
468	918   	3.05286e+23	7.90963e+25	6022.87	4.57642e+24	319.616	382	139	27.8556
469	910   	2.47821e+31	2.47821e+34	5978.2 	7.83288e+32	321.106	417	147	25.5874
470	893   	2.54122e+34	2.54122e+37	5977.32	8.03204e+35	320.488	414	137	29.0703
471	889   	4.06126e+32	4.03862e+35	5976.73	1.2765e+34 	322.8  	400	121	27.6835
472	918   	1.34507e+35	1.34103e+38	5977.74	4.23859e+36	324.53 	452	146	24.8962
473	913   	4.27891e+22	4.2292e+25 	5977.74	1.33675e+24	323.889	429	143	27.8229
474	898   	1.71626e+30	1.71626e+33	5977.69	5.42457e+31	325.894	377	147	24.6173
475	916   	3.88906e+26	3.88381e+29	5842.91	1.22755e+28	326.498	372	145	25.515 
476	916   	5.03398e+54	5.03398e+57	5842.91	1.59109e+56	327.068	382	144	28.4228
477	900   	2.53615e+34	2.53582e+37	5842.44	8.01496e+35	328.906	436	152	27.9536
478	897   	1.81626e+54	1.81626e+57	5842.72	5.74063e+55	329.029	408	150	27.531 
479	914   	4.03862e+32	4.03862e+35	5842.72	1.27648e+34	329.124	447	145	29.7754
480	900   	1.5092e+34 	1.46881e+37	5841.14	4.64409e+35	330.195	424	149	29.9778
481	935   	4.04006e+32	4.03862e+35	5841.14	1.27648e+34	331.571	438	150	29.9924
482	902   	1.117e+31  	1.10563e+34	5786.49	3.49472e+32	330.077	410	126	33.8299
483	878   	7.44401e+33	7.41127e+36	5786.49	2.34249e+35	334.411	427	150	30.6518
484	901   	4.01876e+42	4.01876e+45	5786.49	1.27021e+44	338.349	408	137	33.2495
485	914   	3.35846e+27	3.25511e+30	5834.35	1.02931e+29	343.23 	399	137	34.5171
486	914   	2.26757e+44	2.26757e+47	5827.92	7.16711e+45	347.857	415	139	31.1716
487	920   	1.05885e+23	8.31845e+25	5819.75	2.71652e+24	352.766	430	135	29.5689
488	909   	9.62027e+31	9.38882e+34	5819.75	2.96835e+33	356.763	415	136	27.032 
489	907   	2.47825e+31	2.47821e+34	5802.27	7.83288e+32	358.748	424	143	27.4519
490	908   	4.53589e+47	4.53589e+50	5819.6 	1.43366e+49	359.242	457	139	26.4699
491	890   	2.50493e+34	2.46454e+37	5819.6 	7.79059e+35	359.815	435	137	26.7749
492	913   	5.97328e+40	5.97328e+43	5819.25	1.88797e+42	358.646	450	139	29.3643
493	914   	1.0063e+32 	7.5836e+34 	5807.29	2.52095e+33	360.026	438	137	31.3103
494	906   	2.47825e+31	2.47821e+34	5807.29	7.83288e+32	360.816	556	142	29.8181
495	908   	4.04021e+32	4.03862e+35	5796.21	1.27648e+34	361.032	472	140	29.1251
496	914   	6.37593e+36	6.37593e+39	5770.1 	2.01524e+38	360.168	454	135	31.1572
497	905   	4.03862e+32	4.03862e+35	5784.84	1.27648e+34	361.208	514	137	30.1505
498	910   	5.24662e+54	5.24662e+57	5784.84	1.6583e+56 	360.482	456	139	29.6435
499	920   	8.94671e+23	4.09064e+26	5784.84	1.8282e+25 	358.294	463	135	31.9946
500	922   	9.66875e+45	9.66875e+48	5784.84	3.056e+47  	358.246	453	145	30.813 