   	      	                      fitness                      	              size             
   	      	---------------------------------------------------	-------------------------------
gen	nevals	avg        	max        	min    	std        	avg    	max	min	std    
0  	1000  	1.04165e+69	1.04165e+72	41362.9	3.29234e+70	12.439 	95 	3  	13.1728
1  	921   	1.85416e+34	1.85416e+37	42746.9	5.86043e+35	10.73  	74 	2  	10.5747
2  	903   	2.20768e+28	2.20768e+31	39376.4	6.9778e+29 	11.986 	77 	2  	11.5029
3  	939   	5.35792e+29	5.34788e+32	47329.5	1.6903e+31 	13.232 	78 	2  	11.5785
4  	901   	8.95918e+57	8.95918e+60	46705.2	2.83172e+59	13.542 	73 	2  	9.8509 
5  	925   	2.40544e+22	2.36576e+25	45230.9	7.47835e+23	14.623 	65 	2  	9.66038
6  	895   	5.52761e+23	5.50477e+26	44657.9	1.7399e+25 	16.504 	53 	2  	9.34527
7  	906   	1.01733e+32	1.01731e+35	44657.9	3.21541e+33	19.691 	66 	2  	10.7126
8  	898   	2.60933e+27	2.58986e+30	41615.7	8.18594e+28	23.485 	83 	2  	12.2337
9  	911   	7.94891e+36	7.94891e+39	41459  	2.51241e+38	26.996 	83 	2  	13.8021
10 	904   	6.36343e+26	6.2459e+29 	40998.9	1.97435e+28	30.218 	88 	2  	14.3814
11 	887   	1.39769e+25	1.02486e+28	39987.3	3.44583e+26	31.74  	97 	2  	14.7396
12 	905   	3.27107e+23	2.75291e+26	39987.3	8.84522e+24	33.562 	97 	2  	14.8265
13 	930   	8.66753e+38	8.66753e+41	36474.2	2.73954e+40	34.473 	98 	4  	14.7644
14 	908   	1.07278e+19	1.00391e+22	35481.7	3.1742e+20 	35.579 	96 	2  	16.0677
15 	920   	6.44292e+44	6.44292e+47	31518.5	2.03641e+46	39.278 	103	2  	18.3728
16 	878   	5.12856e+19	2.5779e+22 	38684.4	9.51486e+20	41.82  	118	2  	21.3553
17 	900   	6.22083e+28	6.22082e+31	30461.8	1.96621e+30	43.443 	109	2  	23.495 
18 	912   	2.62296e+29	2.62173e+32	26313.6	8.28648e+30	44.823 	137	2  	25.5922
19 	902   	9.67038e+26	4.83518e+29	26313.6	2.1602e+28 	49.23  	126	4  	25.8849
20 	925   	4.3508e+21 	4.20606e+24	25690.5	1.33013e+23	50.784 	128	3  	24.0748
21 	926   	5.41818e+21	4.07469e+24	18987.5	1.35533e+23	46.389 	171	2  	24.63  
22 	924   	1.48072e+28	1.48072e+31	18981.5	4.6801e+29 	46.55  	137	5  	26.4053
23 	902   	4.27662e+25	2.33115e+28	18981.3	9.59207e+26	54.18  	167	4  	31.3521
24 	907   	2.48177e+27	2.48171e+30	18955.9	7.84394e+28	57.751 	210	5  	32.463 
25 	921   	1.89657e+32	1.89656e+35	17610.5	5.99445e+33	55.915 	182	3  	33.4275
26 	913   	3.72759e+16	2.42075e+19	17610.5	8.18228e+17	55.534 	196	3  	35.1776
27 	910   	4.53241e+22	4.53238e+25	15211.9	1.43255e+24	60.587 	199	5  	40.506 
28 	922   	4.26069e+30	4.26069e+33	15211.9	1.34667e+32	69.676 	211	3  	43.8447
29 	881   	2.96174e+16	2.94539e+19	15211.9	9.30956e+17	85.154 	213	5  	44.8303
30 	923   	1.39982e+17	1.23153e+20	15211.4	3.91713e+18	98.488 	211	5  	44.6922
31 	906   	4.96463e+17	4.87035e+20	15211.4	1.53962e+19	97.61  	253	5  	45.8741
32 	897   	2.22579e+23	2.22579e+26	15211.8	7.03505e+24	99.677 	212	5  	49.4167
33 	907   	5.49678e+17	5.49333e+20	14985.1	1.73627e+19	97.974 	212	5  	49.3091
34 	911   	5.02694e+17	4.87035e+20	14985.1	1.54011e+19	88.573 	201	5  	50.3387
35 	895   	2.95872e+26	2.95872e+29	14985.1	9.35161e+27	72.89  	231	5  	50.1077
36 	910   	1.22498e+15	1.06301e+18	14945.7	3.39812e+16	53.814 	187	8  	40.0932
37 	933   	5.11507e+25	5.11506e+28	14984.4	1.61671e+27	48.627 	196	8  	32.9576
38 	920   	5.11506e+25	5.11506e+28	14682.3	1.61671e+27	50.073 	192	8  	30.2491
39 	930   	1.74739e+23	1.74736e+26	14682.3	5.52287e+24	53.551 	143	8  	28.5077
40 	935   	2.19325e+24	2.16099e+27	14484.9	6.83047e+25	54.349 	145	8  	28.4293
41 	916   	1.97426e+17	1.97425e+20	14484.9	6.24001e+18	48.446 	133	8  	24.8178
42 	900   	3.16028e+17	3.10972e+20	14484.9	9.82993e+18	45.465 	125	8  	20.8178
43 	886   	7.21547e+14	7.21533e+17	14067.8	2.28055e+16	46.599 	136	8  	20.3841
44 	913   	2.4187e+17 	2.40803e+20	13913.3	7.61107e+18	51.849 	152	8  	20.7264
45 	900   	2.46816e+17	2.40788e+20	13913.3	7.61146e+18	58.688 	160	9  	22.3757
46 	919   	1.50176e+19	1.47768e+22	13913.3	4.67106e+20	65.06  	173	7  	24.1886
47 	926   	5.69448e+20	5.64856e+23	13913.3	1.78538e+22	70.383 	172	8  	26.2239
48 	921   	4.49097e+21	4.40001e+24	13913.3	1.39078e+23	76.475 	172	9  	25.8653
49 	928   	2.74774e+18	1.83924e+21	13628.5	6.22944e+19	79.551 	162	9  	26.0763
50 	934   	4.40005e+21	4.40001e+24	13707.7	1.39071e+23	82.106 	174	9  	27.5206
51 	930   	3.36674e+20	3.36407e+23	13609.5	1.06328e+22	87.532 	171	9  	26.6493
52 	913   	2.38431e+17	2.2334e+20 	13700.2	7.06873e+18	93.818 	163	9  	25.7446
53 	924   	1.25867e+19	1.25403e+22	13624.9	3.96362e+20	102.766	164	9  	22.2697
54 	907   	1.22725e+22	1.22577e+25	13564.8	3.87429e+23	106.49 	165	12 	18.6316
55 	887   	9.1733e+27 	9.17327e+30	13559.4	2.89939e+29	106.059	167	9  	18.185 
56 	914   	1.56177e+19	1.47768e+22	13559.4	4.67257e+20	104.568	166	34 	18.2922
57 	917   	7.20741e+19	3.60144e+22	13473.9	1.609e+21  	104.465	158	37 	17.6155
58 	915   	1.5474e+19 	1.47768e+22	13399.2	4.6724e+20 	105.339	180	17 	18.6323
59 	906   	3.74472e+27	3.74472e+30	13399.2	1.18359e+29	105.082	197	21 	19.6211
60 	903   	7.74911e+27	7.74911e+30	13399.2	2.44926e+29	106.216	175	9  	18.8235
61 	904   	6.89939e+25	6.89851e+28	13399.2	2.18041e+27	104.638	185	30 	19.8319
62 	922   	3.63509e+19	3.60144e+22	13392.1	1.13834e+21	104.031	188	30 	19.0289
63 	906   	3.71289e+22	3.66253e+25	13392.1	1.15771e+24	104.398	154	13 	18.3671
64 	907   	2.52739e+21	2.5266e+24 	13345.5	7.98581e+22	104.736	165	9  	19.4111
65 	911   	3.60227e+19	3.60144e+22	13349.1	1.13831e+21	107.235	167	17 	20.5006
66 	904   	3.4782e+20 	3.39591e+23	13349.1	1.07361e+22	110.28 	177	36 	21.2403
67 	907   	1.59074e+22	9.1466e+24 	13310.8	3.50496e+23	113.894	188	28 	23.5936
68 	923   	5.37652e+20	5.00665e+23	13111.5	1.58642e+22	121.395	216	38 	25.0952
69 	920   	4.51465e+22	3.5463e+25 	13106.5	1.15737e+24	126.108	203	41 	23.7894
70 	915   	6.42151e+17	3.19618e+20	13105.8	1.42792e+19	125.384	229	36 	25.176 
71 	901   	7.91565e+23	7.91565e+26	13106.3	2.5019e+25 	125.206	216	34 	24.9745
72 	939   	3.63833e+19	3.60144e+22	13106.2	1.13834e+21	122.038	188	37 	26.5779
73 	892   	5.01438e+20	5.00665e+23	13057.2	1.58245e+22	123.937	220	50 	25.3636
74 	915   	1.65503e+19	1.5105e+22 	13057.2	4.78923e+20	126.701	222	50 	25.9118
75 	915   	3.55351e+22	3.5463e+25 	12865.5	1.12088e+24	129.038	228	37 	25.9379
76 	897   	5.1577e+20 	5.00665e+23	12865.5	1.58312e+22	135.093	206	45 	25.5043
77 	915   	2.31397e+19	1.5105e+22 	12865.5	5.40496e+20	139.695	206	43 	26.0211
78 	906   	4.63852e+22	3.54615e+25	12865.5	1.1532e+24 	143.533	214	25 	24.3922
79 	914   	4.6147e+22 	3.71665e+25	12865.5	1.20824e+24	140.111	205	54 	23.4515
80 	909   	1.36212e+22	8.90986e+24	12861.2	3.18426e+23	134.605	204	46 	21.7632
81 	936   	1.8784e+22 	8.90612e+24	12857.3	3.78692e+23	130.586	188	48 	20.7386
82 	911   	3.3641e+20 	3.36407e+23	12796.6	1.06328e+22	129.655	196	55 	20.2522
83 	902   	7.43188e+21	6.91618e+24	12724.1	2.19156e+23	130.21 	191	53 	17.9376
84 	920   	1.08715e+21	1.05113e+24	12724.1	3.32414e+22	129.257	182	43 	19.6585
85 	925   	5.11143e+19	3.60144e+22	12724.1	1.22999e+21	128.634	224	45 	19.915 
86 	923   	2.37545e+23	2.37194e+26	12706.5	7.49697e+24	127.731	199	55 	19.6726
87 	921   	6.14453e+17	3.19598e+20	12706.5	1.35633e+19	127.689	220	47 	20.7821
88 	897   	3.27577e+17	3.19598e+20	12601.9	1.01023e+19	127.527	213	31 	20.6123
89 	916   	2.25649e+21	1.34176e+24	12585  	5.10376e+22	127.862	221	54 	19.6909
90 	875   	1.19623e+18	1.1905e+21 	12585  	3.76281e+19	128.368	191	47 	20.4513
91 	899   	7.32766e+19	3.60144e+22	12583.9	1.33556e+21	128.619	201	53 	21.5154
92 	892   	3.3328e+22 	3.32917e+25	12583.9	1.05225e+24	130.441	193	53 	21.4409
93 	907   	3.46301e+25	2.17102e+28	12582.2	7.98151e+26	129.433	196	49 	22.3047
94 	905   	2.33083e+18	1.1905e+21 	12579.3	4.16979e+19	131.64 	220	53 	21.978 
95 	918   	1.2349e+21 	8.97433e+23	12468.3	3.02825e+22	131.621	196	51 	20.5227
96 	909   	3.31861e+22	3.31851e+25	12468.3	1.04888e+24	128.391	198	52 	21.3149
97 	897   	3.28715e+22	3.22074e+25	12369.7	1.01809e+24	128.006	201	53 	19.1932
98 	903   	7.23058e+19	7.20169e+22	12369.7	2.27624e+21	125.735	201	53 	20.5012
99 	900   	1.47799e+19	1.47768e+22	12369.7	4.67051e+20	124.492	209	15 	19.3456
100	900   	8.77806e+19	8.44871e+22	12369.7	2.6717e+21 	123.799	187	36 	20.4717
101	908   	7.5974e+23 	2.77082e+26	12330  	1.38751e+25	124.719	187	50 	18.5763
102	928   	3.22316e+22	2.37393e+25	12330  	7.93182e+23	125.058	174	34 	18.6762
103	922   	5.43871e+25	5.43849e+28	12318.1	1.71894e+27	126.194	202	28 	19.437 
104	933   	8.161e+21  	8.14564e+24	12330  	2.57459e+23	126.757	198	51 	19.4152
105	901   	1.77226e+35	1.77226e+38	12318.7	5.60158e+36	128.133	200	48 	19.6131
106	887   	5.28669e+17	5.05577e+20	12301.9	1.59914e+19	128.831	205	49 	20.5999
107	942   	6.20052e+24	6.20052e+27	12301.9	1.95979e+26	129.218	211	42 	20.3429
108	904   	2.58916e+19	2.55769e+22	12285.2	8.08449e+20	129.778	185	58 	19.5793
109	914   	2.00267e+27	2.00266e+30	12276.7	6.3298e+28 	130.531	192	57 	19.0814
110	917   	3.369e+20  	3.36408e+23	12265.8	1.06328e+22	132.149	205	56 	18.9779
111	906   	6.73433e+19	3.69042e+22	12234.4	1.42659e+21	131.021	182	27 	19.9474
112	893   	9.34798e+19	3.69042e+22	12252.9	1.71507e+21	132.82 	195	54 	19.9876
113	910   	1.74752e+23	1.74736e+26	12265.5	5.52286e+24	133.234	225	51 	22.5932
114	912   	1.26517e+22	1.17378e+25	12256.3	3.72073e+23	134.237	206	28 	22.2104
115	917   	2.71263e+23	2.34175e+26	12253.7	7.48421e+24	135.005	248	30 	22.1798
116	904   	3.45908e+20	3.36407e+23	12248.3	1.06366e+22	135.279	209	59 	23.1275
117	911   	3.28448e+22	2.48838e+25	12245.9	8.25379e+23	137.136	199	58 	20.057 
118	888   	6.21465e+24	6.21307e+27	12245.9	1.96376e+26	136.582	201	50 	20.4092
119	910   	1.20693e+20	3.72722e+22	12226.2	2.04572e+21	135.591	212	48 	21.7732
120	902   	3.01422e+21	2.15836e+24	12220.1	7.08704e+22	135.82 	202	27 	21.0284
121	906   	1.93528e+21	9.06455e+23	12220.1	4.06719e+22	136.849	234	54 	21.3692
122	908   	9.4798e+20 	8.99664e+23	12220.1	2.84595e+22	138.529	238	58 	22.3003
123	895   	2.3918e+22 	2.37393e+25	12217.9	7.50337e+23	139.571	211	55 	22.7506
124	916   	4.69593e+27	4.69537e+30	12196.3	1.48406e+29	143.066	238	63 	22.8695
125	907   	2.98244e+27	2.98215e+30	12196.3	9.42565e+28	144.597	238	51 	22.1101
126	895   	5.64104e+23	5.62781e+26	12196  	1.77878e+25	148.346	207	63 	21.1654
127	903   	6.58832e+23	2.8163e+26 	12182.1	1.25622e+25	150.346	241	49 	24.3472
128	911   	1.08647e+23	1.0856e+26 	12189  	3.43125e+24	152.29 	216	49 	23.901 
129	899   	1.08624e+23	1.0856e+26 	12175.9	3.43125e+24	155.378	256	53 	25.0427
130	916   	5.64077e+24	5.62587e+27	12175.9	1.77817e+26	153.64 	236	21 	27.1943
131	905   	9.69442e+21	9.6503e+24 	12094.8	3.05018e+23	152.843	233	56 	26.7483
132	897   	6.70836e+17	3.36499e+20	12093.2	1.29657e+19	149.03 	253	56 	28.1325
133	907   	4.87731e+22	2.48841e+25	12092  	1.08646e+24	147.744	232	62 	24.3234
134	896   	1.71e+30   	1.71e+33   	12092  	5.4048e+31 	147.489	195	54 	23.1946
135	914   	5.62558e+24	5.58927e+27	12088.6	1.76661e+26	148.8  	207	64 	23.2447
136	934   	1.16609e+21	1.15093e+24	12084.7	3.638e+22  	151.031	214	24 	25.7602
137	912   	3.75849e+25	1.99487e+28	12035.3	8.40657e+26	155.3  	205	42 	23.8221
138	940   	3.52998e+21	2.20371e+24	12035.3	8.08615e+22	156.382	231	62 	22.9631
139	904   	1.55253e+23	1.54722e+26	12035.3	4.89031e+24	155.648	225	52 	22.9299
140	910   	4.15563e+29	4.15563e+32	11882.6	1.31347e+31	154.648	222	55 	22.9669
141	885   	2.58989e+36	2.58989e+39	11881.1	8.18584e+37	154.281	232	32 	22.2944
142	916   	4.57318e+22	2.50188e+25	11881.1	1.01939e+24	154.982	202	59 	20.3715
143	898   	2.08689e+22	2.03682e+25	11881.1	6.43955e+23	153.834	227	52 	21.3322
144	921   	3.20926e+22	2.4853e+25 	11881.1	8.1545e+23 	154.384	248	53 	22.1311
145	911   	9.52034e+30	9.52034e+33	11881.1	3.00909e+32	153.767	219	52 	23.4622
146	903   	2.53524e+21	2.37728e+24	11881.1	7.52711e+22	155.67 	230	56 	23.2148
147	875   	6.52429e+24	5.59505e+27	11881.1	1.78138e+26	156.766	234	25 	22.965 
148	917   	5.5936e+24 	5.59308e+27	11875  	1.7678e+26 	155.436	242	49 	25.7573
149	933   	5.87156e+20	4.33018e+23	11875  	1.39418e+22	156.726	253	50 	22.2554
150	911   	5.59322e+24	5.59308e+27	11850  	1.7678e+26 	154.753	212	22 	23.8372
151	927   	8.11733e+17	1.75216e+20	11849.2	1.14567e+19	155.997	230	51 	23.8696
152	899   	3.72577e+17	1.75216e+20	11849.2	7.84396e+18	157.615	258	52 	23.433 
153	910   	1.23212e+21	1.17807e+24	11741.1	3.72549e+22	159.758	254	52 	22.5089
154	901   	1.44678e+27	1.44676e+30	11741.1	4.57278e+28	160.458	229	52 	22.1698
155	885   	1.44676e+27	1.44676e+30	11735.3	4.57278e+28	161.28 	229	52 	23.3929
156	921   	8.2994e+30 	8.2994e+33 	11741.1	2.62319e+32	161.101	225	51 	24.0562
157	896   	1.72721e+24	1.72704e+27	11741  	5.45865e+25	162.787	272	54 	23.5908
158	914   	3.24117e+23	3.24115e+26	11697.3	1.02443e+25	162.863	217	51 	23.1659
159	907   	9.08224e+20	5.00693e+23	11685.4	1.90995e+22	161.722	288	50 	26.3919
160	922   	2.91971e+30	2.91826e+33	11685.3	9.22373e+31	162.88 	268	51 	24.4264
161	901   	5.67589e+24	5.59195e+27	11685.4	1.76761e+26	163.605	235	52 	24.4642
162	926   	1.45236e+27	1.44676e+30	11685.4	4.57279e+28	163.325	228	50 	24.8226
163	911   	8.77386e+28	8.5733e+31 	11660.7	2.71044e+30	162.716	254	51 	25.6938
164	898   	1.34081e+28	6.70403e+30	11660.7	2.99513e+29	161.129	231	39 	25.2032
165	915   	5.49709e+21	2.82222e+24	11660.7	1.15317e+23	160.42 	284	53 	23.4371
166	904   	1.44679e+27	1.44676e+30	11646  	4.57278e+28	159.59 	232	23 	23.8292
167	916   	3.1434e+21 	2.38867e+24	11646  	7.72073e+22	160.595	233	52 	22.8926
168	887   	2.84215e+21	2.82222e+24	11628.7	8.92031e+22	161.668	265	52 	23.7024
169	894   	1.06291e+23	1.06213e+26	11613.5	3.35706e+24	160.834	246	34 	25.534 
170	918   	1.11497e+26	1.11259e+29	11628.7	3.51657e+27	161.75 	264	53 	23.1793
171	894   	5.7746e+24 	5.74635e+27	11628.7	1.81626e+26	161.039	228	52 	22.9778
172	926   	1.44676e+27	1.44676e+30	11613.8	4.57278e+28	161.398	229	52 	23.5087
173	904   	9.82511e+20	5.34096e+23	11597.3	2.16019e+22	161.977	278	52 	23.6472
174	897   	1.41498e+22	1.41302e+25	11597.3	4.46614e+23	163.471	221	52 	20.2773
175	926   	1.45073e+27	1.44676e+30	11597.3	4.57278e+28	163.393	254	53 	22.6804
176	912   	1.55831e+27	1.44676e+30	11597.3	4.58593e+28	162.883	246	52 	24.2245
177	918   	1.11259e+26	1.11259e+29	11597.1	3.51657e+27	163.51 	235	20 	25.9973
178	897   	1.55803e+27	1.44676e+30	11597.3	4.58593e+28	165.199	246	52 	24.6348
179	908   	1.39269e+26	1.11259e+29	11594.2	3.62543e+27	165.301	242	57 	23.6774
180	896   	2.4053e+21 	2.28112e+24	11590.6	7.21461e+22	165.465	224	53 	24.1763
181	913   	2.22519e+26	1.11259e+29	11590.6	4.97069e+27	164.543	259	49 	25.2763
182	912   	1.11276e+26	1.11259e+29	11597.1	3.51657e+27	164.594	276	52 	24.1621
183	910   	2.95472e+22	2.4853e+25 	11596.8	7.99107e+23	164.354	253	33 	26.8054
184	902   	1.72712e+24	1.72704e+27	11596.8	5.45865e+25	167.034	231	56 	23.1657
185	919   	3.39949e+21	2.82222e+24	11596.8	9.05908e+22	166.742	271	24 	25.2999
186	916   	1.12986e+26	1.11259e+29	11593.7	3.51694e+27	167.617	225	17 	23.9026
187	937   	5.31316e+21	4.66602e+24	11574  	1.48325e+23	168.681	261	53 	22.8173
188	908   	1.11285e+26	1.11259e+29	11574  	3.51657e+27	167.943	232	57 	24.352 
189	902   	5.50253e+25	5.50178e+28	11574  	1.73895e+27	168.266	238	32 	23.8205
190	927   	2.37462e+23	2.3703e+26 	11573.3	7.4918e+24 	167.287	245	51 	25.1033
191	928   	8.16446e+25	7.56001e+28	11574  	2.39616e+27	167.813	236	53 	23.084 
192	911   	1.7528e+24 	1.72704e+27	11574  	5.45916e+25	166.605	273	53 	23.7201
193	930   	3.23199e+25	3.23195e+28	11574  	1.02152e+27	167.621	279	49 	22.9492
194	920   	5.00564e+20	4.26814e+23	11569.1	1.36788e+22	168.648	224	55 	22.994 
195	919   	1.03154e+31	1.03154e+34	11573.9	3.26038e+32	169.659	230	54 	23.1583
196	937   	1.11293e+26	1.11259e+29	11573.9	3.51657e+27	170.655	259	60 	22.5927
197	926   	6.7043e+27 	6.70403e+30	11573.9	2.11894e+29	169.83 	236	42 	22.4127
198	906   	4.25883e+25	4.25588e+28	11568.2	1.34515e+27	169.893	225	55 	22.8377
199	903   	1.65034e+22	1.64327e+25	11568.2	5.19385e+23	170.083	233	55 	22.6596
200	908   	3.25627e+25	3.23195e+28	11568.2	1.02154e+27	170.797	274	30 	23.2316
201	928   	3.29956e+29	3.23252e+32	11568.2	1.0219e+31 	170.517	299	17 	24.8299
202	914   	3.19651e+25	3.19434e+28	11568.2	1.00963e+27	172.682	233	62 	21.6939
203	910   	1.1876e+26 	1.11259e+29	11567.4	3.52143e+27	173.316	258	53 	24.2829
204	930   	7.28307e+19	3.72722e+22	11546.4	1.34614e+21	173.077	251	57 	24.5656
205	911   	6.70403e+27	6.70403e+30	11546.4	2.11894e+29	173.14 	228	59 	23.0483
206	895   	2.4418e+22 	2.02436e+25	11546.4	6.47276e+23	173.085	266	23 	26.9119
207	898   	1.12999e+26	1.11259e+29	11527.2	3.51693e+27	176.486	231	61 	24.8677
208	925   	2.24272e+26	1.11259e+29	11527.2	4.97091e+27	177.916	272	59 	25.8832
209	911   	3.37084e+21	2.82222e+24	11527.2	9.05866e+22	179.682	282	58 	27.3562
210	915   	9.58146e+18	9.29306e+21	11527.2	2.93815e+20	181.861	280	50 	28.6297
211	896   	6.70403e+27	6.70403e+30	11516.5	2.11894e+29	183.899	228	57 	27.6274
212	905   	2.37194e+23	2.37194e+26	11483.1	7.49698e+24	182.37 	301	51 	28.5845
213	920   	1.11279e+26	1.11259e+29	11483.1	3.51657e+27	181.424	354	62 	30.2928
214	924   	2.49339e+33	2.49338e+36	11483.1	7.88082e+34	180.458	357	54 	28.9618
215	912   	2.54377e+22	2.5423e+25 	11483.1	8.03543e+23	177.994	247	57 	29.0218
216	926   	9.29778e+31	9.29778e+34	11483.1	2.93875e+33	177.252	339	14 	30.932 
217	930   	3.10412e+22	1.68226e+25	11480.7	6.30707e+23	176.73 	295	49 	28.4099
218	915   	1.13008e+26	1.11259e+29	11480.7	3.51693e+27	174.037	302	52 	29.6156
219	916   	2.22756e+26	1.11259e+29	11480.7	4.97068e+27	174.295	281	62 	28.9993
220	900   	7.61467e+25	7.61118e+28	11480.5	2.40566e+27	176.979	234	58 	27.8153
221	924   	6.03997e+19	2.0919e+22 	11480.5	1.09461e+21	179.845	266	53 	27.268 
222	900   	7.75453e+24	6.03169e+27	11477.8	1.98215e+26	183.266	256	57 	26.9798
223	941   	3.73031e+27	1.86516e+30	11470.7	8.33289e+28	186.1  	263	56 	28.006 
224	928   	3.7659e+22 	2.02436e+25	11470.7	8.31575e+23	188.197	251	22 	25.2947
225	929   	3.74301e+20	3.36407e+23	11470.7	1.06629e+22	187.307	252	52 	25.2465
226	896   	3.02283e+19	2.0919e+22 	11468.3	7.17773e+20	188.172	333	52 	29.2951
227	899   	5.20318e+21	5.17513e+24	11465.8	1.6357e+23 	190.049	263	56 	27.7658
228	908   	1.8712e+27 	1.86516e+30	11468.3	5.8952e+28 	193.398	285	56 	26.9271
229	895   	4.57333e+19	4.49376e+22	11457  	1.42039e+21	191.604	265	58 	27.6486
230	906   	1.40861e+30	1.4085e+33 	11457  	4.45184e+31	190.286	258	56 	27.1056
231	919   	5.51396e+21	5.16537e+24	11410.1	1.63597e+23	188.996	292	61 	28.1043
232	920   	1.53609e+19	1.47768e+22	11410.1	4.67131e+20	187.662	291	60 	27.5516
233	919   	1.49833e+23	7.40061e+25	11410.1	2.73366e+24	185.029	303	51 	30.6447
234	909   	6.9841e+19 	4.62178e+22	11410.1	1.61475e+21	186.248	274	51 	27.181 
235	901   	2.5885e+22 	2.02436e+25	11434  	6.60938e+23	186.027	324	51 	29.2024
236	901   	1.86516e+27	1.86516e+30	11432.9	5.89519e+28	187.352	257	17 	27.5331
237	898   	2.37265e+23	2.37194e+26	11401.8	7.49697e+24	189.087	278	12 	27.0309
238	901   	1.72551e+24	1.72283e+27	11401.8	5.44535e+25	192.269	252	53 	25.6714
239	900   	1.1753e+19 	1.13515e+22	11401.8	3.5887e+20 	193.088	247	60 	22.9858
240	903   	1.11259e+26	1.11259e+29	11401.8	3.51657e+27	191.362	267	60 	25.3014
241	908   	2.49338e+33	2.49338e+36	11401.8	7.88082e+34	191.077	253	61 	24.6762
242	915   	2.9515e+22 	2.94435e+25	11396.2	9.30619e+23	189.955	262	56 	23.6351
243	923   	1.86539e+27	1.86516e+30	11391.8	5.89519e+28	188.653	325	60 	24.4821
244	904   	6.0322e+24 	6.03169e+27	11391.8	1.90643e+26	188.231	259	59 	24.4164
245	929   	1.17539e+27	1.17367e+30	11396.2	3.70962e+28	186.667	305	61 	24.6812
246	911   	4.62584e+21	4.05649e+24	11395.9	1.29176e+23	185.443	248	51 	24.2779
247	905   	1.17291e+26	1.11259e+29	11396.2	3.52154e+27	185.587	260	56 	22.4279
248	926   	2.43791e+25	2.40943e+28	11395.2	7.61576e+26	183.049	248	53 	24.9331
249	910   	1.99799e+22	1.36173e+25	11395.2	4.55242e+23	182.016	255	40 	26.4425
250	925   	2.91089e+23	1.1712e+26 	11393.4	5.37981e+24	184.181	277	63 	23.8916
251	900   	2.24242e+26	1.11259e+29	11386.8	4.97091e+27	183.317	295	30 	25.6353
252	908   	1.37464e+23	1.1712e+26 	11386.8	3.75605e+24	184.492	287	63 	25.167 
253	891   	1.47924e+23	1.1712e+26 	11393.4	3.79896e+24	185.608	261	61 	23.4337
254	900   	1.6037e+26 	1.11259e+29	11387.9	3.67086e+27	185.621	260	60 	23.8935
255	905   	6.28045e+24	6.03169e+27	11386.9	1.90798e+26	185.335	265	32 	24.4414
256	913   	2.40943e+25	2.40943e+28	11355.7	7.61547e+26	186.765	325	61 	24.8704
257	910   	1.48077e+20	1.13521e+23	11355.7	3.66338e+21	186.379	306	59 	25.6359
258	902   	1.1126e+26 	1.11259e+29	11355.7	3.51657e+27	186.23 	243	66 	24.413 
259	901   	3.4692e+22 	2.69434e+25	11359.2	8.68961e+23	187.573	316	63 	25.1791
260	910   	5.54812e+20	5.00665e+23	11354.3	1.58769e+22	187.82 	314	25 	26.1458
261	924   	1.11259e+26	1.11259e+29	11347.5	3.51657e+27	187.668	254	62 	23.6063
262	892   	1.11285e+26	1.11259e+29	11347.5	3.51657e+27	186.053	254	63 	25.2239
263	917   	7.53577e+20	3.39591e+23	11347.5	1.51639e+22	186.413	307	49 	24.7712
264	914   	2.49338e+33	2.49338e+36	11347.5	7.88082e+34	185.127	304	55 	24.2828
265	919   	6.0322e+24 	6.03169e+27	11347.5	1.90643e+26	184.921	243	54 	24.405 
266	904   	6.53088e+25	6.53081e+28	11347.5	2.06419e+27	186.762	287	61 	25.5633
267	908   	2.37773e+23	2.37194e+26	11347.5	7.49697e+24	186.462	248	25 	25.4931
268	882   	2.48893e+23	2.48721e+26	11344.9	7.86132e+24	187.567	282	19 	24.5319
269	924   	6.05025e+24	6.03169e+27	11342.1	1.90643e+26	188.17 	291	62 	26.4375
270	913   	1.89149e+24	1.80955e+27	11341.6	5.72107e+25	189.391	253	56 	24.8756
271	883   	1.80956e+24	1.80955e+27	11342.1	5.71944e+25	189.616	246	60 	24.4717
272	906   	4.68824e+21	4.6711e+24 	11337.9	1.4764e+23 	190.698	250	54 	24.7515
273	887   	2.49338e+33	2.49338e+36	11333.3	7.88082e+34	191.653	247	60 	23.7711
274	921   	3.30347e+21	3.28097e+24	11333.3	1.03702e+23	194.273	263	58 	20.9055
275	919   	1.04651e+29	1.04651e+32	11332.6	3.30771e+30	194.473	329	25 	24.0568
276	906   	2.11627e+22	2.09905e+25	11332.6	6.63451e+23	194.064	282	60 	26.1162
277	901   	2.29754e+18	2.09715e+21	11332.6	6.65079e+19	194.268	252	55 	25.3267
278	890   	1.86541e+27	1.86516e+30	11331.9	5.89519e+28	196.884	263	57 	21.6027
279	915   	2.40944e+25	2.40943e+28	11331.9	7.61547e+26	196.011	252	54 	23.1708
280	892   	2.16364e+22	1.32104e+25	11321  	4.94426e+23	197.652	263	59 	23.6883
281	922   	6.84801e+27	6.70403e+30	11320.8	2.1192e+29 	198.546	265	62 	25.1218
282	925   	6.03255e+24	6.03169e+27	11320.8	1.90643e+26	199.597	281	44 	24.1624
283	914   	2.56281e+24	1.90501e+27	11320.8	6.36802e+25	200.648	298	62 	24.5754
284	929   	2.066e+24  	1.81724e+27	11319.6	5.7965e+25 	200.585	290	56 	26.1273
285	932   	3.12038e+19	1.09058e+22	11319.6	5.46443e+20	202.247	286	62 	24.8336
286	905   	6.17162e+19	4.9258e+22 	11319.6	1.58471e+21	203.6  	253	65 	22.4891
287	894   	1.13089e+26	1.11259e+29	11316.4	3.51697e+27	203.697	258	62 	24.5969
288	921   	5.4371e+21 	4.41741e+24	11311.6	1.41215e+23	204.242	345	60 	25.5861
289	909   	2.69394e+22	2.69394e+25	11311.6	8.51472e+23	205.711	266	64 	24.7981
290	891   	6.03344e+24	6.03169e+27	11296.7	1.90643e+26	206.159	281	58 	26.2264
291	916   	5.20336e+20	5.00665e+23	11292.3	1.58359e+22	206.801	272	59 	26.0328
292	938   	1.84881e+24	1.84879e+27	11290.2	5.84347e+25	208.262	320	62 	26.8597
293	935   	2.62967e+33	2.49338e+36	11290.2	7.89216e+34	209.856	353	63 	27.3641
294	905   	2.40995e+25	2.40944e+28	11292.1	7.61549e+26	212.855	274	57 	27.7619
295	891   	2.09826e+22	2.09731e+25	11272.5	6.62895e+23	214.373	274	63 	24.7791
296	894   	5.2153e+24 	5.21527e+27	11272.5	1.64839e+26	215.893	276	65 	25.5199
297	917   	2.75191e+23	2.54797e+26	11271.8	8.07847e+24	217.558	291	57 	27.0754
298	900   	2.5964e+23 	2.48721e+26	11271.8	7.86381e+24	220.621	328	63 	23.9543
299	899   	4.84411e+19	4.84318e+22	11220.8	1.53078e+21	221.694	288	59 	25.3341
300	921   	1.35374e+26	1.11259e+29	11220.8	3.59734e+27	223.518	301	67 	25.6936
301	905   	2.22856e+22	2.17245e+25	11220.8	6.86813e+23	224.882	297	53 	25.1619
302	922   	1.14175e+23	1.14174e+26	11220.8	3.6087e+24 	225.052	323	62 	27.0419
303	883   	1.15851e+26	1.11259e+29	11220.8	3.51911e+27	225.674	293	62 	26.0717
304	903   	2.48857e+23	2.48721e+26	11220.8	7.86132e+24	226.242	271	57 	27.8465
305	904   	2.49338e+33	2.49338e+36	11219.5	7.88082e+34	230.394	290	68 	22.9938
306	897   	1.86516e+27	1.86516e+30	11219.5	5.89519e+28	230.418	274	57 	23.908 
307	917   	2.69563e+22	2.69353e+25	11188.2	8.51344e+23	230.776	282	66 	25.5641
308	888   	1.17463e+23	1.17126e+26	11188.2	3.702e+24  	232.542	303	70 	28.1021
309	922   	2.49338e+33	2.49338e+36	11188.2	7.88082e+34	233.878	317	62 	26.7256
310	908   	6.40673e+22	3.46085e+25	11166.6	1.43547e+24	234.684	292	76 	22.0735
311	922   	4.42724e+21	4.41772e+24	11161.5	1.39631e+23	235.234	338	55 	23.9003
312	894   	1.35354e+26	1.11259e+29	11151.3	3.59734e+27	234.937	311	100	21.5733
313	919   	1.17323e+20	1.15741e+23	11137.9	3.65831e+21	233.8  	296	72 	23.6788
314	898   	6.29702e+24	6.03169e+27	11134.2	1.90787e+26	232.581	361	75 	23.2991
315	913   	9.79695e+22	8.80906e+25	11134.2	2.79225e+24	232.345	314	72 	23.6185
316	908   	4.81887e+25	2.40944e+28	11119  	1.07645e+27	230.388	270	70 	25.0668
317	926   	4.75001e+21	4.67121e+24	11080.5	1.4765e+23 	230.596	292	72 	23.0005
318	899   	1.80997e+24	1.80955e+27	11080.5	5.71944e+25	229.641	306	60 	23.1393
319	923   	6.03254e+24	6.03169e+27	11042.4	1.90643e+26	228.181	286	65 	25.0976
320	910   	2.69699e+22	2.69434e+25	11048.5	8.51598e+23	226.668	286	35 	25.0058
321	907   	7.82206e+23	7.82078e+26	11048.5	2.47191e+25	226.484	301	56 	23.9867
322	909   	2.89155e+22	2.69409e+25	11048.5	8.53494e+23	226.313	290	74 	23.8018
323	881   	7.06181e+21	4.6711e+24 	11048.6	1.65776e+23	227.382	285	75 	22.662 
324	902   	2.4726e+19 	1.47817e+22	11048.6	5.51738e+20	226.112	290	74 	22.9604
325	905   	1.1775e+23 	1.17413e+26	11048.6	3.71108e+24	224.84 	279	64 	23.4883
326	909   	4.98676e+33	2.49338e+36	11048.6	1.11396e+35	225.139	294	69 	21.4829
327	927   	2.49338e+33	2.49338e+36	11048.6	7.88082e+34	224.691	286	59 	21.329 
328	912   	5.61706e+20	5.00665e+23	10988.9	1.5901e+22 	223.587	361	56 	23.8494
329	912   	5.21894e+21	2.95309e+24	10988.9	1.10841e+23	223.314	277	86 	20.8241
330	911   	7.83311e+23	6.65685e+26	11037.7	2.13614e+25	221.095	282	61 	24.7969
331	916   	1.86516e+27	1.86516e+30	11007.7	5.89519e+28	220.893	296	55 	22.5408
332	883   	1.86516e+27	1.86516e+30	11007.7	5.89519e+28	220.208	268	58 	23.4185
333	906   	3.96428e+20	3.36407e+23	11007.7	1.07111e+22	221.103	272	51 	20.9499
334	902   	6.65556e+20	6.65522e+23	11007.7	2.10351e+22	220.436	337	58 	21.564 
335	921   	6.70427e+27	6.70403e+30	10917.5	2.11894e+29	219.707	296	56 	23.0176
336	913   	7.75317e+19	3.87406e+22	10917.5	1.7308e+21 	217.729	283	54 	26.8965
337	901   	2.03616e+20	1.55184e+23	10917.5	5.13674e+21	218.043	284	55 	25.423 
338	915   	2.41188e+25	2.40943e+28	10922.6	7.61547e+26	220.486	337	55 	21.2794
339	902   	3.86775e+27	2.00247e+30	10922.6	8.64509e+28	218.851	273	43 	23.107 
340	902   	2.90118e+22	2.02436e+25	10922.6	6.58096e+23	220.911	271	51 	19.7337
341	898   	5.48724e+21	5.35501e+24	10913.7	1.69265e+23	219.562	337	50 	24.9609
342	896   	1.72378e+24	1.72373e+27	10913.7	5.44819e+25	221.082	317	84 	20.8823
343	894   	3.4502e+21 	3.10662e+24	10913.7	9.84213e+22	221.472	355	59 	23.6318
344	904   	6.60339e+20	4.40585e+23	10913  	1.48135e+22	222.815	276	57 	21.4287
345	895   	1.11261e+26	1.11259e+29	10913  	3.51657e+27	223.812	285	61 	21.7275
346	919   	7.89014e+23	7.82078e+26	10886.8	2.47198e+25	224.498	281	58 	22.493 
347	892   	8.04698e+24	6.03101e+27	10898.1	1.98391e+26	225.24 	323	60 	21.9483
348	917   	1.86516e+27	1.86516e+30	10898.1	5.89519e+28	224.259	351	58 	25.3136
349	915   	2.42283e+23	2.22e+26   	10898  	7.04521e+24	226.36 	278	56 	22.0665
350	915   	7.61821e+17	3.35337e+20	10890.3	1.49067e+19	225.699	344	49 	25.1633
351	929   	1.91298e+24	7.81238e+26	10885.2	3.53118e+25	227.782	318	78 	21.3608
352	904   	2.02547e+22	2.02436e+25	10855.8	6.39837e+23	227.677	281	58 	24.5749
353	918   	2.49338e+33	2.49338e+36	10855.8	7.88082e+34	229.199	274	56 	23.8428
354	885   	1.86539e+27	1.86516e+30	10855.8	5.89519e+28	230.989	286	57 	21.1265
355	903   	5.23873e+23	5.23721e+26	10855.8	1.65532e+25	229.655	290	57 	26.4431
356	929   	3.68292e+21	3.60318e+24	10840.6	1.13895e+23	231.762	374	54 	23.4631
357	915   	2.08716e+22	2.02436e+25	10798  	6.39977e+23	231.189	326	57 	23.5947
358	928   	1.88925e+27	1.86516e+30	10745.2	5.89561e+28	229.825	275	56 	24.0273
359	912   	1.62527e+26	1.62527e+29	10745.2	5.13698e+27	231.817	290	55 	23.588 
360	903   	6.03191e+24	6.03169e+27	10745.2	1.90643e+26	232.602	292	57 	23.3506
361	905   	3.81218e+28	3.81216e+31	10745.1	1.20491e+30	233.894	292	58 	22.1167
362	905   	1.87119e+27	1.86516e+30	10677.3	5.8952e+28 	235.155	359	65 	21.7388
363	922   	6.63721e+19	4.5066e+22 	10649.1	1.49551e+21	235.681	340	56 	21.7016
364	896   	1.56769e+21	1.3667e+24 	10649.1	4.34743e+22	235.061	283	56 	24.2392
365	886   	1.74416e+24	1.72166e+27	10661.7	5.44187e+25	236.283	284	54 	21.6996
366	925   	3.27754e+22	2.60892e+25	10601.4	8.37691e+23	234.811	306	56 	25.212 
367	924   	1.98121e+27	1.86516e+30	10558.2	5.90623e+28	234.432	279	95 	21.2718
368	898   	2.28721e+22	2.28517e+25	10545.9	7.22272e+23	234.454	371	56 	22.059 
369	945   	2.65366e+22	2.63983e+25	10545.9	8.3437e+23 	232.364	281	56 	24.0827
370	928   	2.48737e+23	2.48721e+26	10545.9	7.86133e+24	232.713	329	56 	24.0825
371	887   	3.066e+22  	2.69409e+25	10519.8	8.59247e+23	233.67 	346	66 	21.1404
372	897   	5.97249e+20	5.96547e+23	10523.8	1.8855e+22 	233.396	299	56 	20.2324
373	924   	1.89852e+27	1.86516e+30	10523.8	5.89603e+28	232.751	331	57 	21.1886
374	940   	3.25476e+26	3.25448e+29	10523.8	1.02864e+28	231.054	343	58 	26.9417
375	936   	3.71802e+21	3.19749e+24	10523.8	1.0228e+23 	231.918	271	53 	25.3675
376	916   	3.2791e+25 	3.2791e+28 	10523.8	1.03642e+27	231.441	285	60 	22.7307
377	916   	3.93916e+25	3.33605e+28	10511  	1.07133e+27	233.221	337	86 	20.3204
378	932   	3.63095e+22	2.69409e+25	10511  	9.01049e+23	233.114	278	51 	24.7734
379	925   	2.01734e+27	1.86516e+30	10523.8	5.9143e+28 	232.867	283	58 	24.5344
380	897   	2.02481e+24	1.7237e+27 	10523.8	5.50207e+25	233.221	335	54 	26.0105
381	888   	1.07524e+19	1.02363e+22	10523.8	3.2372e+20 	234.16 	297	58 	22.7323
382	903   	2.58015e+22	2.19881e+25	10518.7	7.04499e+23	233.562	298	54 	24.2544
383	906   	4.43617e+21	3.51916e+24	10517.1	1.14437e+23	234.602	298	57 	21.1674
384	913   	8.29351e+22	5.5185e+25 	10517.1	1.94028e+24	233.457	302	53 	25.1196
385	911   	3.73034e+27	1.86516e+30	10506.3	8.33289e+28	235.89 	286	55 	20.1157
386	906   	1.97642e+27	1.86516e+30	10505.6	5.90532e+28	234.86 	294	54 	27.3196
387	908   	2.37071e+23	2.3703e+26 	10505.6	7.49181e+24	236.818	292	55 	21.4739
388	901   	7.1688e+22 	2.69434e+25	10505  	1.31151e+24	237.302	289	54 	22.519 
389	909   	2.20375e+22	2.19881e+25	10503.4	6.94976e+23	237.056	288	54 	23.3845
390	892   	2.85346e+23	2.3703e+26 	10255  	7.59535e+24	236.818	293	54 	22.4334
391	912   	3.01901e+20	2.63121e+23	10255  	8.40489e+21	235.624	298	54 	23.2604
392	915   	1.8712e+27 	1.86516e+30	10255  	5.8952e+28 	236.537	312	54 	22.7235
393	916   	3.73039e+27	1.86516e+30	10254.9	8.33289e+28	235.399	298	67 	23.0992
394	925   	9.8618e+21 	8.9563e+24 	10255  	2.83752e+23	235.175	349	55 	26.3765
395	929   	2.27933e+22	2.2784e+25 	10255  	7.20131e+23	235.366	364	45 	25.4915
396	912   	6.03105e+24	6.03101e+27	10254.9	1.90622e+26	236.008	331	55 	22.8561
397	885   	6.37469e+22	4.04472e+25	10253.5	1.46672e+24	235.191	294	54 	25.0368
398	920   	2.18473e+22	2.18473e+25	10231.4	6.90527e+23	235.593	332	84 	24.2408
399	898   	1.79367e+17	1.70153e+20	10231.4	5.38554e+18	236.475	296	56 	23.5061
400	900   	6.56673e+19	2.43356e+22	10231.4	1.20172e+21	235.498	289	62 	24.2191
401	886   	3.0217e+22 	3.02132e+25	10231.4	9.54947e+23	236.583	283	54 	22.3938
402	906   	8.37072e+20	5.00665e+23	10231.4	1.90561e+22	235.983	355	54 	24.4031
403	883   	4.89533e+22	2.69409e+25	10231.4	1.09858e+24	236.476	311	55 	23.0208
404	890   	1.20505e+21	6.68088e+23	10227.9	2.70638e+22	237.376	295	57 	21.6642
405	927   	9.73819e+21	8.09644e+24	10220  	2.61059e+23	237.187	298	52 	24.2197
406	903   	7.27378e+20	6.77124e+23	10207.5	2.1455e+22 	237.995	381	53 	23.3632
407	932   	1.11261e+26	1.11259e+29	10220  	3.51657e+27	237.377	297	56 	22.6304
408	900   	3.51661e+23	2.37052e+26	10220  	8.06332e+24	238.235	344	55 	22.334 
409	908   	1.5505e+22 	1.48275e+25	10210.6	4.69118e+23	236.721	327	53 	24.8028
410	878   	1.08891e+23	5.74549e+25	10208.7	2.15397e+24	236.685	298	56 	23.4403
411	903   	1.7467e+26 	1.74552e+29	10208.7	5.51706e+27	236.856	292	89 	22.4342
412	932   	6.05419e+24	6.03101e+27	10208.7	1.90622e+26	236.67 	349	54 	25.0239
413	896   	6.8164e+25 	3.33605e+28	10208.7	1.49106e+27	237.03 	303	55 	24.8595
414	896   	7.7799e+24 	6.03101e+27	10208.7	1.98187e+26	239.553	305	53 	21.165 
415	905   	2.14908e+29	2.14907e+32	10206.5	6.79255e+30	240.875	348	54 	24.0816
416	917   	2.34475e+22	2.2784e+25 	10206.7	7.20361e+23	242.356	308	54 	23.4122
417	909   	6.03101e+24	6.03101e+27	10206.7	1.90622e+26	243.492	303	54 	23.1585
418	904   	3.20197e+23	2.37078e+26	10206.7	7.76292e+24	244.173	305	54 	25.4288
419	917   	6.07664e+24	6.03101e+27	10206.5	1.90623e+26	245.893	297	55 	23.3713
420	901   	2.17653e+19	2.17624e+22	10203.2	6.87842e+20	245.911	345	55 	23.3177
421	907   	9.49927e+18	9.29306e+21	10203.4	2.93784e+20	246.016	354	54 	26.7895
422	911   	1.00645e+19	9.29306e+21	10182.3	2.94045e+20	247.195	311	59 	23.2042
423	904   	2.02346e+27	1.86516e+30	10203.4	5.91431e+28	246.025	290	54 	26.6191
424	902   	6.2993e+22 	5.83303e+25	10195.1	1.84938e+24	246.718	348	56 	23.7317
425	894   	1.74437e+24	1.72157e+27	10186.3	5.44177e+25	248.368	285	54 	22.3033
426	918   	1.23322e+26	1.11259e+29	10186.3	3.52649e+27	248.92 	295	58 	24.1861
427	901   	1.52268e+26	1.52163e+29	10182.5	4.80942e+27	249.963	293	55 	23.7741
428	933   	1.11328e+26	1.11259e+29	10178.9	3.51656e+27	250.796	308	55 	23.2356
429	913   	1.10972e+23	8.80906e+25	10178.9	2.8752e+24 	251.341	354	55 	24.6113
430	916   	2.2908e+22 	2.2784e+25 	10178.9	7.20136e+23	250.7  	288	55 	26.5982
431	890   	1.52164e+26	1.52163e+29	10178.9	4.80942e+27	251.533	307	56 	24.5409
432	922   	1.97644e+27	1.86516e+30	10178.9	5.90532e+28	251.913	289	56 	22.4226
433	917   	6.20939e+19	4.25338e+22	10176  	1.41296e+21	252.884	300	55 	22.1694
434	898   	3.33829e+25	3.33604e+28	10176  	1.05442e+27	253.585	345	55 	22.5965
435	937   	1.45168e+20	1.30006e+23	10178.3	4.13511e+21	253.989	308	54 	19.7576
436	898   	8.25418e+22	6.14599e+25	10178.3	2.04467e+24	254.128	307	62 	21.5138
437	930   	1.52286e+26	1.52163e+29	10178.3	4.80942e+27	253.568	312	55 	25.3262
438	912   	6.03229e+24	6.03169e+27	10173.9	1.90643e+26	254.763	318	53 	25.2306
439	914   	3.25424e+26	3.25424e+29	10173.9	1.02857e+28	256.764	334	53 	25.3917
440	933   	1.72224e+24	1.7219e+27 	10161.7	5.44241e+25	258.368	422	63 	23.4069
441	895   	1.59917e+26	1.52164e+29	10161.7	4.81326e+27	258.677	324	56 	22.6324
442	919   	1.8652e+27 	1.86516e+30	10161.7	5.89519e+28	259.788	367	56 	26.4472
443	909   	6.93389e+20	5.96492e+23	10161.7	1.8974e+22 	261.127	324	53 	24.6724
444	908   	3.33605e+25	3.33605e+28	10161.7	1.05442e+27	262.419	330	87 	22.7132
445	920   	6.03169e+24	6.03169e+27	10159.2	1.90643e+26	263.005	368	60 	20.8879
446	907   	2.49338e+33	2.49338e+36	10159.2	7.88082e+34	260.578	333	55 	27.4832
447	901   	7.50737e+24	6.03101e+27	10158.3	1.96041e+26	260.351	357	54 	27.0992
448	910   	1.61436e+26	1.61413e+29	10154.9	5.10176e+27	260.629	324	59 	23.3361
449	928   	2.35797e+20	2.33264e+23	10139.9	7.3731e+21 	259.083	312	57 	25.4102
450	905   	2.92562e+25	2.92559e+28	10154.9	9.2469e+26 	260.069	325	55 	21.9709
451	934   	6.10613e+24	6.03101e+27	10154.9	1.90626e+26	259.942	318	55 	22.2505
452	911   	2.79479e+22	2.69434e+25	10128  	8.52127e+23	259.236	360	54 	25.5689
453	915   	4.35913e+22	2.30375e+25	10128  	9.75021e+23	259.51 	326	56 	24.7114
454	899   	1.30384e+20	1.30018e+23	10120.8	4.10948e+21	259.329	315	54 	22.6668
455	884   	1.72209e+24	1.72157e+27	10110.2	5.44136e+25	259.251	353	56 	24.0327
456	896   	2.00871e+24	2.00816e+27	10110.2	6.34717e+25	260.383	359	60 	21.9794
457	925   	1.11262e+26	1.11259e+29	10110.2	3.51657e+27	259.086	315	56 	21.3114
458	900   	1.11259e+26	1.11259e+29	10110.2	3.51657e+27	258.907	312	56 	22.1817
459	930   	5.56682e+22	2.87248e+25	10102.9	1.24417e+24	257.328	411	56 	26.7512
460	934   	2.15835e+22	2.15488e+25	10102.9	6.81091e+23	257.034	328	56 	26.9532
461	902   	1.7239e+24 	1.72389e+27	10102.9	5.44869e+25	257.763	329	56 	24.455 
462	920   	1.86516e+27	1.86516e+30	10102.9	5.89519e+28	258.52 	306	57 	26.9313
463	888   	6.10106e+24	6.03101e+27	10102.9	1.90624e+26	260.386	293	57 	24.1899
464	906   	2.60119e+23	2.37078e+26	10102.9	7.5279e+24 	261.852	374	62 	21.5611
465	896   	3.5255e+19 	1.95609e+22	10102.1	7.74823e+20	261.515	363	60 	26.3241
466	894   	9.24419e+15	9.18029e+18	10089.6	2.90165e+17	262.281	313	56 	22.3943
467	906   	1.8669e+27 	1.86516e+30	10062.7	5.89519e+28	262.46 	332	54 	24.5096
468	922   	5.38136e+21	5.35501e+24	10062.7	1.69257e+23	262.565	366	57 	25.5849
469	910   	1.11497e+26	1.11259e+29	10062.6	3.51657e+27	263.369	330	121	19.5024
470	897   	2.69732e+22	2.69394e+25	10062.7	8.51471e+23	262.45 	361	59 	25.1759
471	936   	1.51365e+19	1.5105e+22 	10062.6	4.77422e+20	263.379	311	60 	22.1388
472	901   	1.7216e+24 	1.72157e+27	10056.1	5.44137e+25	263.177	329	61 	25.8108
473	915   	5.45068e+20	5.44617e+23	10056.1	1.72137e+22	263.832	320	63 	24.1654
474	917   	1.61413e+26	1.61413e+29	10056.1	5.10176e+27	263.628	320	61 	25.3101
475	930   	3.75319e+24	2.00816e+27	10056.1	8.35641e+25	263.061	320	61 	25.7617
476	890   	7.05339e+22	7.04613e+25	10056.1	2.22707e+24	263.278	307	119	22.2152
477	919   	1.11259e+26	1.11259e+29	10056.1	3.51657e+27	263.547	325	64 	21.5788
478	924   	1.16411e+23	7.02159e+25	10053.2	2.44503e+24	263.176	316	60 	23.754 
479	905   	2.49338e+33	2.49338e+36	10037.7	7.88082e+34	263.428	310	114	21.2134
480	908   	7.65215e+24	5.75465e+27	10037.7	1.89876e+26	264.133	395	104	23.0488
481	908   	1.61416e+26	1.61413e+29	10037.7	5.10176e+27	263.227	306	61 	24.5492
482	894   	3.86869e+24	1.80955e+27	10038.3	8.12147e+25	264.682	308	61 	21.5304
483	908   	2.57944e+22	2.57565e+25	10038.3	8.14083e+23	263.815	305	61 	21.4321
484	910   	6.59555e+24	6.57744e+27	10033.4	2.07893e+26	262.482	314	56 	26.8647
485	909   	2.32029e+22	2.30375e+25	10035.3	7.28149e+23	262.186	314	57 	23.0009
486	925   	1.58219e+28	1.58203e+31	10034  	5.0003e+29 	261.601	359	62 	21.5967
487	920   	9.50296e+13	5.80837e+16	10030.7	2.0767e+15 	259.824	366	59 	25.2736
488	923   	8.48434e+20	5.00665e+23	10030.7	1.90587e+22	259.73 	367	59 	22.4044
489	922   	1.11305e+26	1.11259e+29	10027.5	3.51657e+27	261.439	337	64 	21.4901
490	909   	3.47334e+20	3.36407e+23	10028.4	1.0638e+22 	259.932	295	60 	24.623 
491	922   	2.30714e+22	2.30375e+25	10026.5	7.28144e+23	260.557	370	59 	24.9696
492	921   	1.68013e+26	1.61413e+29	10026.5	5.10579e+27	259.677	367	59 	26.7712
493	934   	3.88736e+22	1.94367e+25	10009.4	8.68366e+23	259.832	443	60 	26.5352
494	889   	1.86522e+27	1.86516e+30	10009.4	5.89519e+28	259.138	346	55 	27.1541
495	914   	2.95359e+22	2.95356e+25	10009.4	9.3353e+23 	258.995	314	58 	27.318 
496	910   	1.61413e+26	1.61413e+29	10009.4	5.10177e+27	258.326	303	56 	25.5372
497	928   	2.49338e+33	2.49338e+36	10009.4	7.88082e+34	258.495	313	59 	25.2289
498	906   	1.62703e+26	1.62655e+29	10009.4	5.14101e+27	256.032	294	56 	26.178 
499	910   	7.28284e+22	2.50549e+25	10009.4	1.24861e+24	257.297	369	62 	23.2406
500	918   	2.74216e+22	2.20859e+25	10009.4	7.17718e+23	256.509	309	61 	21.5558