131,164
6,165
129,60
214,136
34,183
68,191
19,78
199,1
78,225
217,243
184,157
23,175
143,240
190,131
79,27
205,211
143,149
45,153
22,245
29,242
239,149
212,210
253,227
164,86
34,204
33,113
167,158
21,115
67,220
2,134
67,21
121,17
72,127
61,54
88,186
182,153
166,108
138,230
131,32
50,71
152,42
127,86
75,127
21,104
96,32
209,147
50,186
200,161
158,211
227,171
109,26
109,85
122,86
150,102
216,94
162,6
219,46
0,154
125,116
28,69
206,239
172,236
72,209
31,37
44,250
96,233
215,131
189,254
28,52
228,42
115,33
48,64
7,198
13,216
185,167
170,187
173,67
92,80
134,204
66,147
129,214
129,44
148,176
130,27
152,110
10,250
142,13
82,167
232,233
179,0
185,226
142,36
166,121
104,50
196,155
221,256
249,154
78,111
120,64
141,192
131,136
22,114
166,103
93,90
89,222
241,79
140,237
58,81
64,97
108,222
15,135
159,161
158,256
114,172
126,133
179,245
81,86
130,7
181,203
110,212
135,27
162,224
134,141
153,149
33,222
191,69
111,6
176,203
32,40
135,115
43,45
28,79
119,244
118,169
124,43
136,54
92,102
193,168
197,254
201,103
233,255
113,38
75,156
181,187
146,206
20,68
184,78
64,135
96,0
14,236
11,85
255,192
0,232
256,151
170,153
235,67
153,9
192,159
105,143
30,194
33,61
47,95
88,207
204,83
208,179
183,197
161,84
217,236
255,145
7,183
129,192
30,115
71,204
194,203
26,199
229,49
48,188
45,175
102,29
21,40
32,85
193,231
173,117
112,173
249,52
66,18
130,134
3,52
53,150
109,66
153,238
135,219
194,231
4,113
84,35
62,45
204,80
95,121
2,73
115,223
231,124
180,230
233,246
171,15
127,236
12,75
215,80
165,39
120,73
227,201
127,33
164,88
9,175
179,76
113,194
220,250
189,184
98,235
112,246
24,189
38,73
226,241
214,6
239,54
26,145
79,101
27,45
130,24
145,139
188,243
87,249
80,204
12,74
70,126
45,136
81,9
200,243
137,143
102,84
139,195
194,27
44,197
10,199
79,9
225,192
230,230
65,150
214,67
19,204
245,196
27,179
78,256
151,214
32,41
53,178
212,61
138,137
167,169
55,239
237,171
50,206
139,96
27,100
133,194
44,217
56,68
29,119
77,0
232,37
55,79
237,113
181,124
106,124
86,173
49,0
169,223
77,75
24,24
31,88
248,61
182,103
202,231
34,71
200,85
150,44
191,224
154,160
60,137
17,162
168,6
24,242
87,225
142,83
241,88
95,151
50,175
239,231
205,212
67,115
174,58
12,8
49,1
76,103
181,59
216,248
73,92
112,196
195,32
164,219
77,78
159,59
190,69
243,226
8,183
78,93
82,154
22,72
117,21
81,134
157,19
45,173
58,49
164,43
214,124
217,104
147,215
28,60
183,31
233,5
190,27
43,5
160,132
200,121
44,65
43,231
198,194
180,149
107,178
183,46
235,214
77,234
231,112
18,140
186,90
31,145
57,62
228,47
227,217
4,172
218,198
216,14
40,198
249,61
155,152
214,115
178,216
16,111
20,198
185,93
191,214
54,188
93,217
191,96
140,34
229,110
118,21
70,137
79,54
150,81
132,249
222,181
4,232
147,239
132,44
185,25
98,102
241,164
132,181
92,196
96,3
253,254
118,250
203,211
124,171
33,229
119,37
46,221
95,15
179,167
118,124
163,249
11,93
67,50
69,180
154,155
187,17
219,216
185,71
239,66
176,97
71,122
113,74
77,82
116,14
195,151
167,234
249,20
53,5
6,9
23,68
36,192
21,211
171,51
112,253
196,3
217,82
71,190
190,102
33,214
152,170
135,147
48,31
20,204
159,26
88,244
63,160
142,131
175,92
202,95
103,186
53,33
200,77
105,197
251,228
61,96
214,4
67,222
203,222
73,78
11,167
119,75
145,199
55,71
116,73
49,173
40,193
172,254
3,70
223,52
6,146
56,29
207,110
189,66
133,145
21,186
203,21
216,215
120,109
73,198
42,199
208,226
93,149
31,183
135,77
158,36
166,157
80,0
11,171
86,57
57,219
100,79
6,138
186,63
51,30
155,140
26,122
211,241
100,9
17,72
92,47
233,126
222,248
254,207
222,24
67,244
44,118
118,159
90,169
67,107
150,227
92,118
6,203
91,48
55,64
218,1
202,58
160,40
89,153
22,163
32,168
143,231
213,21
77,19
141,224
16,85
168,4
52,199
236,30
141,87
62,149
64,5
204,64
96,124
93,130
115,108
256,93
223,52
72,247
221,174
176,118
11,247
48,187
8,238
216,87
156,85
107,217
34,158
176,100
51,243
112,141
136,129
137,212
219,253
92,49
36,18
138,209
234,253
64,245
244,243
91,141
44,37
106,220
44,235
161,79
99,202
11,247
134,107
191,62
138,177
108,75
65,27
216,30
6,158
180,214
229,56
186,34
96,26
45,15
40,167
103,215
250,37
181,69
256,250
145,190
91,100
79,47
0,104
254,118
179,60
51,165
99,218
187,231
174,153
222,95
206,219
247,236
146,213
12,82
219,218
30,222
181,140
167,37
54,120
103,255
99,86
13,195
167,13
161,8
189,83
60,60
230,85
136,111
187,244
250,88
141,143
34,178
84,79
59,132
38,119
217,158
49,133
5,167
74,120
17,144
157,63
146,73
249,248
252,7
47,251
96,146
71,159
184,242
97,16
20,101
98,239
252,80
225,184
8,161
208,188
210,102
227,212
137,69
175,233
249,189
4,239
176,146
187,207
82,190
121,119
200,248
140,183
176,158
243,192
188,85
16,231
89,156
255,86
9,157
144,62
178,111
214,166
77,0
45,58
252,223
199,152
95,178
93,12
25,178
198,242
8,164
85,30
102,256
202,166
112,97
253,238
191,89
189,178
74,2
10,122
154,110
26,167
144,75
185,149
159,168
179,197
190,1
198,59
82,163
115,230
196,129
34,78
184,94
67,223
241,111
52,58
244,30
110,7
166,46
74,1
163,225
245,24
100,183
31,101
206,59
24,143
206,122
3,39
254,57
168,56
76,59
211,15
124,180
1,28
131,17
101,117
87,36
140,218
119,166
211,24
145,137
222,181
161,125
17,30
71,80
216,36
17,157
30,48
90,146
228,6
46,17
20,140
9,46
231,65
96,8
136,229
127,65
105,108
82,129
28,34
148,235
74,217
177,225
75,100
174,66
50,138
53,209
237,136
188,30
54,18
97,252
85,80
116,92
187,92
136,201
14,234
256,221
17,180
32,247
52,193
203,18
80,96
18,35
83,160
236,193
156,231
70,38
24,97
181,34
84,165
205,195
66,34
33,241
166,239
88,242
143,9
131,149
158,133
73,176
31,27
14,87
128,224
129,30
30,215
77,14
252,36
193,122
97,178
184,177
127,5
207,132
9,89
130,31
93,102
65,135
143,77
212,64
166,29
188,180
61,17
47,76
98,188
108,101
117,52
77,27
146,146
108,254
20,12
188,16
216,204
154,16
253,42
193,125
1,174
126,62
168,49
202,95
92,132
186,154
8,152
151,34
1,236
170,75
64,28
114,184
54,178
195,245
22,103
181,133
51,89
9,189
208,168
215,168
58,167
211,27
105,236
207,142
96,249
147,253
211,164
174,31
165,36
117,21
118,175
158,101
96,122
46,59
215,226
45,120
10,172
36,91
106,56
127,252
96,207
148,86
188,244
68,14
169,235
13,191
82,66
11,41
235,87
225,245
26,113
70,80
142,7
241,249
188,100
111,248
193,160
185,86
130,190
184,39
201,3
0,219
83,45
54,202
16,39
196,90
63,223
35,234
209,131
35,43
178,194
143,13
230,146
216,238
54,204
27,218
122,108
33,67
118,122
199,243
50,64
3,204
141,173
22,75
180,118
130,161
78,1
173,243
189,128
81,221
181,196
110,190
198,61
118,227
165,84
88,116
182,146
217,193
3,100
240,153
236,47
238,23
147,66
76,145
188,5
48,73
179,94
235,144
44,39
112,109
54,254
202,13
198,158
79,102
65,76
232,92
221,202
146,186
88,48
18,88
129,173
129,30
187,184
137,56
33,26
188,239
76,247
237,42
224,113
27,111
151,183
32,200
198,153
29,63
143,41
225,242
209,174
118,73
145,96
112,122
45,182
155,32
103,134
101,120
43,71
115,80
170,182
168,47
219,133
120,117
48,43
99,230
200,44
94,154
253,70
182,130
110,217
75,136
206,219
218,89
244,75
51,120
167,189
10,62
89,234
15,100
78,100
131,36
223,189
45,73
230,46
110,250
7,224
246,32
148,88
165,134
80,62
83,162
110,18
94,12
208,254
135,236
244,185
125,5
21,112
208,4
37,1
104,186
255,82
25,100
86,170
242,40
76,209
200,140
220,175
145,255
250,255
219,33
205,238
188,155
3,127
196,2
147,164
88,46
168,154
43,161
128,230
123,255
228,134
46,176
246,60
127,188
217,144
53,214
49,39
104,156
4,236
243,11
152,75
250,184
159,153
119,200
178,4
166,110
219,43
9,207
135,88
144,31
0,169
239,79
202,25
99,247
179,58
207,213
162,224
236,154
115,54
120,11
212,161
139,193
180,141
208,225
13,120
177,103
150,131
170,138
227,114
17,81
211,249
229,164
66,153
71,139
133,236
63,145
26,73
116,151
4,97
99,211
14,146
132,125
226,85
213,76
62,60
114,27
168,147
172,15
247,29
70,95
28,253
34,237
26,248
43,2
193,74
164,77
25,251
12,0
200,108
215,196
178,205
108,65
158,107
169,202
227,29
247,0
253,129
144,171
165,194
103,217
153,46
86,106
105,193
235,196
10,123
48,109
0,163
121,200
67,129
83,181
133,2
139,63
68,103
222,109
220,15
122,246
183,91
249,44
211,204
224,47
36,135
130,239
177,179
135,21
235,211
213,120
214,222
109,150
105,205
64,192
74,13
96,64
42,113
165,42
150,20
244,36
68,194
134,25
96,17
38,92
240,189
157,256
55,133
161,119
72,180
210,37
87,29
112,105
30,23
50,130
26,101
146,193
79,153
253,254
55,28
200,148
48,134
88,231
102,196
41,143
43,182
12,229
90,65
83,91
216,221
245,156
161,237
53,228
203,10
134,183
252,110
209,100
144,85
170,121
121,164
81,98
212,4
221,88
21,79
110,116
217,125
48,52
245,209
36,119
5,65
142,147
28,31
58,244
214,21
136,184
94,217
129,52
187,149
244,165
216,143
196,167
77,77
207,252
34,15
127,219
182,78
210,41
144,211
116,254
235,129
63,252
127,194
38,196
46,136
218,24
76,244
30,27
105,25
94,86
158,27
250,153
184,213
175,142
95,109
75,221
235,125
181,34
50,251
152,81
11,189
234,2
195,18
145,40
96,25
97,21
237,184
34,187
34,136
232,240
239,71
39,140
250,169
238,53
203,228
97,251
86,6
6,165
51,22
241,112
84,41
237,8
238,20
23,120
42,155
6,30
203,226
61,240
81,0
154,37
21,217
81,97
70,121
13,20
31,193
135,46
17,72
25,63
252,247
244,165
65,111
120,192
182,198
15,65
255,73
103,199
125,136
34,253
195,14
42,135
129,113
102,159
49,65
123,100
21,17
136,71
127,134
240,145
188,248
47,206
199,210
256,221
140,208
172,82
24,62
4,20
98,244
92,197
103,242
39,11
147,172
4,10
60,229
177,100
173,210
77,121
108,209
140,222
90,39
68,118
164,119
101,76
237,139
21,11
164,169
133,4
166,163
165,227
170,46
27,212
27,150
147,147
226,50
6,100
211,118
120,225
149,5
181,162
122,103
157,122
207,142
188,37
230,34
111,26
47,95
52,207
24,139
156,31
14,232
97,12
228,50
6,26
151,93
232,151
31,42
144,252
98,1
179,235
216,48
10,194
64,19
168,183
254,33
104,60
115,98
49,194
113,221
17,199
18,131
191,3
29,60
211,75
109,1
9,143
247,44
46,206
95,183
181,148
212,136
46,220
83,81
218,39
114,39
38,144
247,45
156,239
179,207
239,228
243,164
171,5
142,89
127,139
154,125
31,140
181,128
256,106
244,69
50,113
176,224
131,87
111,35
143,190
57,255
188,74
175,104
14,53
149,143
206,120
96,119
249,63
93,112
235,29
51,7
32,133
21,83
248,148
94,202
197,184
51,123
137,204
236,228
132,7
47,74
245,77
46,33
121,128
16,24
87,119
118,246
256,10
120,100
154,49
185,91
123,227
44,81
5,1
66,106
102,210
68,46
188,123
189,224
33,49
24,130
99,252
128,199
8,207
101,175
28,16
196,120
21,211
21,27
64,91
22,95
101,234
216,27
219,25
54,148
121,206
216,183
12,69
212,140
34,51
83,125
77,210
85,107
202,192
79,206
225,124
226,33
14,70
225,244
126,60
225,154
91,6
23,7
232,29
135,49
220,18
201,85
230,148
98,48
0,154
69,82
111,242
134,117
126,183
155,32
109,137
58,168
26,161
229,15
175,92
186,92
108,21
83,80
252,70
123,144
143,171
113,209
18,213
9,145
256,207
41,70
143,129
185,49
132,216
242,38
252,229
95,113
212,247
218,90
155,247
140,141
24,65
94,190
93,219
45,256
183,78
180,59
219,214
83,7
206,245
106,41
208,132
24,147
149,107
139,168
182,181
107,145
55,30
81,216
98,31
42,128
156,145
127,243
45,246
61,59
175,83
30,88
14,37
126,216
90,75
150,115
63,90
111,227
16,31
5,9
112,74
53,111
229,235
161,80
104,187
18,151
51,105
126,252
106,175
188,149
113,198
91,179
25,70
195,80
237,119
143,123
131,35
155,128
113,117
24,170
134,243
33,215
10,150
147,23
27,251
213,135
113,166
148,153
146,88
5,183
200,249
105,44
73,160
39,144
101,103
105,237
176,128
6,153
39,2
48,183
165,211
46,236
2,151
167,35
143,223
215,253
76,67
206,206
202,114
208,86
40,198
139,70
201,102
81,153
163,160
108,10
215,187
182,121
117,116
146,244
25,139
137,126
54,113
100,149
61,129
211,28
176,196
133,36
200,158
97,176
182,161
142,136
21,127
44,77
176,63
164,1
229,127
152,194
37,52
162,50
204,218
132,89
45,218
207,0
116,254
230,182
150,40
254,65
95,40
101,11
105,4
30,51
207,44
42,151
92,219
3,125
118,222
178,253
213,217
174,154
171,96
9,112
159,21
234,245
256,219
100,208
64,20
202,194
10,134
5,18
229,180
68,14
252,151
89,228
159,184
87,47
216,62
49,190
81,30
66,146
16,67
74,122
47,221
3,211
22,25
192,209
67,7
173,31
99,175
7,33
216,195
213,158
57,201
163,57
66,254
165,113
196,34
1,217
23,165
170,104
215,155
34,212
246,238
141,222
47,194
184,210
234,49
223,163
215,156
228,92
17,240
90,175
141,125
10,122
218,112
194,2
55,74
203,173
187,190
43,224
1,192
29,140
125,187
170,84
127,34
242,87
162,26
206,38
13,24
53,175
10,201
183,57
107,235
202,105
79,115
240,10
81,54
4,15
138,256
118,52
243,125
32,240
50,35
137,14
102,34
236,122
236,116
145,41
156,127
49,247
37,214
24,9
91,146
9,98
238,102
76,196
138,187
86,33
6,132
163,96
237,252
108,128
25,76
72,91
82,0
184,29
135,133
228,19
143,60
36,44
133,217
62,68
47,192
24,18
80,248
152,181
213,148
45,234
249,216
67,61
211,79
18,113
225,86
240,124
148,216
148,105
184,191
168,7
138,142
46,62
95,182
14,237
175,69
49,208
163,179
93,60
28,202
163,200
151,16
173,169
51,216
52,12
120,28
120,186
19,234
70,226
70,181
55,91
6,186
250,241
87,36
144,100
78,185
93,82
204,209
66,11
156,240
247,12
145,203
170,226
27,74
239,56
37,120
33,227
91,32
152,45
252,237
84,200
16,64
40,189
172,90
48,220
78,48
153,4
182,125
125,93
91,153
134,46
58,202
3,97
107,167
165,229
224,237
144,65
13,234
151,84
139,251
17,126
70,12
48,140
188,147
237,160
93,183
31,87
69,118
139,112
234,82
70,195
159,253
18,153
96,104
136,59
18,179
178,104
18,197
117,245
249,163
253,246
74,158
150,151
13,177
218,145
102,173
77,107
122,169
93,115
208,161
217,248
7,169
49,231
40,241
59,65
217,180
137,3
111,6
113,186
0,58
118,44
37,117
209,155
202,238
46,18
118,62
234,217
121,24
253,20
146,126
20,254
150,195
205,191
72,27
198,32
253,77
181,176
209,165
202,5
225,163
189,56
0,256
51,74
238,170
189,72
137,223
80,36
57,165
210,143
213,64
243,166
2,15
44,186
51,239
106,45
249,159
146,167
68,189
65,22
55,142
238,167
95,230
225,235
232,74
121,23
152,253
11,79
146,16
232,194
20,178
163,158
252,208
7,246
218,189
6,23
17,209
164,171
38,46
153,223
245,192
71,146
15,195
13,220
109,234
230,57
96,140
55,163
217,57
190,162
42,206
193,120
215,53
219,123
215,65
247,184
237,229
33,3
195,154
178,151
85,136
213,241
247,218
204,56
39,82
31,91
93,227
43,85
83,93
189,229
92,197
226,11
170,83
251,171
15,151
25,192
150,105
63,91
61,93
87,190
27,93
208,244
161,226
170,192
185,70
218,127
116,254
149,211
2,51
142,198
172,9
149,41
228,145
24,58
30,190
176,136
84,161
27,112
245,130
147,200
46,66
7,162
200,148
51,9
122,50
254,147
100,98
228,16
38,39
43,80
205,133
121,15
246,196
249,62
201,153
141,26
200,198
202,143
234,35
132,211
40,46
157,9
87,51
6,153
16,202
57,175
50,169
5,130
172,6
161,191
83,235
216,225
85,226
163,77
107,90
0,229
46,249
206,145
7,111
96,77
1,245
152,199
112,35
99,170
104,169
41,118
215,253
126,86
59,174
65,7
46,91
236,75
175,93
153,12
189,10
23,69
235,165
174,251
26,231
250,131
156,208
178,203
206,98
182,121
62,48
125,163
16,171
205,107
203,148
19,216
113,194
212,160
11,51
17,180
204,160
240,94
181,28
28,70
101,169
40,80
152,15
207,123
190,139
168,166
61,225
126,185
220,30
47,208
80,132
123,19
69,74
132,119
96,240
26,66
63,202
228,48
254,33
161,220
172,163
64,189
158,235
80,223
197,137
145,110
93,184
173,85
13,18
40,182
21,222
241,204
59,166
85,170
219,69
60,30
254,217
115,13
172,233
11,37
102,105
62,174
227,146
4,16
15,165
12,169
37,133
182,224
54,153
75,0
255,230
33,219
202,57
156,180
140,179
166,176
100,205
163,25
29,254
4,40
220,96
66,107
183,125
232,209
24,12
250,180
116,59
159,251
102,144
105,194
250,135
223,245
83,150
222,21
217,13
68,59
176,190
251,256
148,11
201,4
101,58
64,137
27,8
242,68
207,106
18,173
147,66
158,235
40,169
6,132
129,176
229,32
60,96
146,182
201,182
95,95
154,112
34,51
208,159
116,173
163,38
199,190
39,197
24,204
36,205
105,181
133,11
239,91
22,73
183,116
105,163
222,244
80,229
88,63
177,82
148,109
165,2
205,241
221,105
241,132
15,256
203,245
82,142
147,227
152,200
218,163
107,237
50,28
227,111
125,180
89,208
142,8
89,126
186,178
29,1
138,7
247,246
150,191
202,130
74,112
81,66
204,118
158,3
255,151
132,47
79,118
234,229
97,133
189,52
164,123
138,147
66,198
75,83
198,44
83,11
14,110
182,160
21,5
89,248
55,192
180,165
141,199
214,145
39,215
183,136
239,183
75,207
197,88
0,154
35,81
3,2
246,132
18,105
36,50
10,194
238,19
107,146
50,200
140,186
131,192
143,247
180,190
55,132
153,217
243,129
250,24
224,126
62,50
193,75
234,5
148,200
185,171
33,156
185,212
92,241
97,19
40,136
72,128
167,191
213,248
88,120
145,194
66,56
234,51
65,4
59,248
228,0
240,219
246,162
75,107
154,112
210,223
56,137
73,165
245,251
163,112
232,199
36,213
101,56
85,132
22,32
0,124
237,232
13,91
212,191
245,36
24,76
119,16
42,76
70,6
45,190
55,142
182,176
184,154
91,96
191,2
69,256
50,80
91,109
151,18
90,174
236,220
186,46
137,15
76,31
141,216
120,51
202,248
205,179
176,145
28,204
110,218
34,34
212,97
214,217
212,78
106,10
170,98
157,105
116,142
50,211
255,79
251,58
142,54
72,100
48,171
178,194
136,86
41,193
149,3
255,250
103,143
127,222
181,7
164,125
203,60
115,144
172,129
134,137
212,107
17,51
25,104
78,6
245,221
218,127
231,30
234,110
132,247
20,133
190,113
245,129
142,98
221,151
96,248
135,226
209,202
48,199
150,127
186,183
79,40
39,234
241,255
113,31
228,203
230,107
30,38
137,109
26,69
20,64
188,210
243,3
101,127
109,150
51,242
68,152
219,184
14,88
201,42
219,39
225,176
92,114
225,159
108,254
6,121
157,45
233,156
61,183
186,216
34,9
68,68
9,218
77,160
65,188
196,19
242,97
185,151
24,254
53,136
61,53
76,30
123,182
208,3
245,35
205,235
180,30
64,119
67,16
205,120
164,43
122,25
235,177
194,231
131,19
218,67
219,176
153,106
97,96
132,4
111,117
83,105
68,82
45,15
33,135
82,25
113,12
59,83
205,242
186,47
169,171
22,130
247,213
38,69
153,101
207,207
135,200
84,157
183,84
248,61
24,35
185,108
21,181
186,168
184,146
61,156
155,176
5,49
179,233
150,89
117,48
68,51
153,73
159,126
4,45
22,159
142,185
250,113
70,246
166,30
35,59
85,25
137,236
28,61
22,194
98,202
203,31
163,190
174,162
23,185
97,81
90,205
55,143
218,77
218,146
75,7
94,87
34,61
76,30
206,112
69,41
59,5
228,130
43,140
20,255
143,104
8,49
52,34
42,16
227,196
233,143
138,50
60,136
211,42
144,79
191,123
187,117
73,168
237,215
166,243
233,148
19,87
60,40
12,173
233,94
83,192
110,91
25,19
101,15
230,131
195,65
191,185
235,168
22,224
152,196
210,67
206,133
234,107
194,220
194,129
89,219
143,204
128,132
24,26
144,250
73,11
191,46
66,244
192,63
36,33
17,103
54,140
185,50
89,252
40,44
65,233
215,244
196,28
138,120
30,244
122,190
26,5
255,44
209,122
171,165
80,173
132,16
252,140
142,201
166,155
2,223
103,36
225,182
30,181
8,85
246,176
167,137
161,202
146,162
185,200
203,63
21,85
104,174
116,64
106,107
153,184
248,100
156,93
211,84
245,28
35,76
248,181
106,231
202,156
67,78
19,83
89,230
172,148
95,200
67,120
223,49
129,135
212,97
141,240
160,69
137,182
136,20
214,62
93,90
245,153
97,242
186,102
211,70
61,144
121,45
22,217
232,182
102,76
183,251
197,37
11,123
27,28
171,121
9,67
38,166
185,59
133,148
38,219
179,177
247,231
41,100
107,63
134,179
254,117
25,12
43,92
30,46
137,214
73,49
81,80
183,22
128,62
250,106
127,254
248,232
82,80
17,76
85,94
22,27
256,191
34,18
181,59
180,89
124,162
255,192
6,32
50,139
114,64
56,54
215,32
162,193
192,97
62,103
106,250
43,141
172,207
66,44
99,244
130,174
137,157
190,102
56,91
218,211
121,87
63,80
88,230
150,138
126,252
153,10
45,139
247,127
231,242
13,251
154,99
81,247
137,111
48,98
67,164
4,29
100,84
206,188
124,212
209,84
9,20
239,61
242,119
235,17
218,195
86,131
76,229
45,117
102,73
210,192
14,32
211,61
203,176
202,54
198,155
14,8
124,199
86,247
54,25
99,227
82,164
223,189
17,216
189,201
84,103
177,205
18,121
30,193
213,75
33,221
87,18
43,68
252,256
24,241
227,63
109,62
171,207
163,220
138,28
108,89
193,20
179,82
220,140
95,25
256,208
219,133
47,113
185,190
20,207
96,58
2,149
90,53
1,141
219,66
207,42
11,109
17,198
197,196
27,218
174,245
110,187
76,184
77,192
156,243
108,206
20,165
251,179
23,74
170,58
132,178
174,65
134,182
254,2
251,182
153,32
110,180
194,232
44,26
115,254
242,251
152,180
30,207
147,173
115,53
196,222
162,43
114,116
209,132
206,38
23,119
146,109
41,239
181,152
155,102
0,50
158,241
223,176
143,193
103,216
22,234
199,207
20,129
134,6
73,256
122,90
222,20
91,49
230,227
18,192
90,192
182,36
167,174
107,106
155,121
212,236
253,223
14,65
108,33
206,225
152,13
244,190
4,24
52,229
180,126
57,4
28,234
64,19
59,245
73,97
136,84
154,152
70,28
164,161
41,37
217,237
131,246
224,170
155,129
146,115
114,219
153,67
142,134
99,218
228,66
69,107
190,117
173,220
141,153
152,97
36,217
123,244
48,181
50,112
237,178
27,49
6,233
41,106
49,191
18,224
10,221
34,78
158,100
210,113
9,40
166,157
120,165
174,89
108,41
250,16
226,42
73,53
195,88
119,134
148,214
148,208
23,54
9,126
38,149
235,199
98,174
7,29
200,43
206,242
89,176
153,251
253,77
154,88
213,3
93,7
91,178
121,145
0,158
27,249
189,30
49,228
213,63
14,148
106,34
213,153
124,6
118,164
141,84
50,183
82,186
145,226
239,77
183,2
167,177
186,182
73,70
243,164
28,72
161,168
163,198
146,54
19,137
243,103
107,41
168,98
251,124
179,110
185,122
227,93
127,129
148,164
123,240
160,251
187,97
256,49
9,230
229,83
246,44
27,20
229,79
146,0
157,53
252,17
145,254
158,115
151,115
183,199
211,191
104,156
177,79
40,150
76,12
243,90
177,174
192,127
222,135
193,107
138,22
66,89
54,45
156,117
179,134
215,56
242,97
8,34
157,206
182,139
64,94
26,41
87,80
219,39
185,32
190,34
47,130
56,146
13,143
239,224
115,71
26,124
130,150
203,232
133,152
45,20
99,68
34,84
138,221
247,45
134,170
246,25
141,81
140,38
44,103
27,12
207,175
120,99
11,15
254,139
200,209
254,29
108,250
144,244
107,31
153,97
81,5
16,167
192,72
196,101
77,72
207,173
122,36
120,178
81,225
157,129
121,48
1,198
190,52
134,58
87,2
2,128
26,240
80,150
109,187
27,88
91,169
241,128
60,226
242,168
190,51
79,117
207,105
213,97
121,236
46,81
245,48
26,29
134,149
24,219
14,16
161,213
92,60
149,182
176,97
68,233
25,108
152,58
179,134
229,203
124,1
67,239
0,228
79,185
184,118
19,150
162,210
184,151
14,154
99,227
194,157
143,113
54,212
20,36
223,70
49,207
153,176
66,121
212,170
240,97
30,100
165,17
8,87
160,198
106,201
68,178
171,169
220,180
68,250
103,177
100,24
170,164
127,206
181,233
196,232
159,190
72,213
111,152
249,188
246,16
170,37
26,30
47,81
36,139
49,253
121,237
147,230
45,30
158,219
85,54
137,176
230,148
186,74
149,50
239,64
224,226
65,77
147,80
169,206
170,47
13,244
226,58
112,141
42,242
178,11
123,191
173,114
175,191
182,142
132,32
167,94
110,0
140,1
125,252
184,41
182,256
157,157
184,38
245,18
140,0
6,218
82,227
153,166
158,32
232,226
47,126
250,202
229,229
23,252
156,224
85,71
117,249
53,172
114,131
102,97
127,241
153,100
95,141
32,163
78,215
230,0
72,71
94,204
186,255
140,98
106,215
102,36
150,106
184,201
28,157
180,235
126,123
78,227
63,154
123,22
223,41
194,97
105,4
138,47
227,25
99,41
38,177
195,107
183,62
149,55
196,120
70,94
171,245
242,234
113,232
105,34
141,246
176,14
147,120
225,210
162,245
197,204
196,151
32,70
7,114
96,159
58,23
24,139
242,208
64,100
179,13
244,8
69,165
140,121
38,53
91,167
48,254
39,21
106,151
250,45
67,52
65,200
164,87
191,172
168,150
165,122
206,138
150,209
172,151
98,139
127,47
129,97
149,52
28,53
50,94
101,198
131,253
236,248
80,78
244,148
109,246
203,215
38,47
60,23
99,197
79,221
28,54
113,42
91,190
89,33
45,89
30,107
29,193
150,133
197,201
101,255
127,105
244,92
122,52
68,100
28,77
221,96
9,165
215,112
142,2
15,17
82,238
84,35
215,135
144,48
238,70
61,226
80,103
131,46
48,168
69,73
245,224
63,219
184,214
16,243
21,158
194,167
209,137
137,191
20,69
169,254
192,206
22,43
71,237
186,169
122,81
97,114
148,112
91,6
22,119
117,242
197,174
94,91
62,169
20,9
213,29
12,178
32,86
162,250
2,114
232,39
153,218
252,112
63,200
22,151
219,155
226,123
126,57
133,190
55,200
113,56
103,25
242,25
148,89
48,169
110,247
23,242
48,217
189,194
203,47
90,2
134,131
120,114
30,112
235,30
57,18
87,198
185,193
40,166
24,69
213,38
200,235
234,255
13,69
21,132
248,189
90,89
106,49
222,4
197,125
1,23
1,103
129,102
193,151
181,190
135,70
233,66
160,89
144,203
89,157
45,124
29,128
89,219
32,0
213,61
11,96
38,151
102,126
240,243
29,157
58,91
197,53
170,142
229,170
138,212
125,55
215,31
98,49
232,162
239,63
199,241
246,175
97,122
163,62
58,44
116,67
39,9
123,1
104,56
152,159
110,42
122,242
108,188
112,217
242,71
230,141
119,55
110,210
138,6
108,221
118,46
90,167
43,109
137,180
92,3
229,202
83,129
39,61
123,236
22,61
112,114
73,39
46,173
80,16
53,147
71,200
70,157
89,159
226,217
256,189
182,137
233,47
175,2
201,39
186,43
114,67
249,86
152,225
169,152
36,241
172,71
89,118
96,142
245,181
171,146
197,216
164,113
238,37
14,89
36,14
246,133
24,97
161,104
242,207
205,34
60,30
29,55
30,74
248,20
241,196
144,184
143,48
187,172
80,234
212,183
98,151
30,180
214,171
55,58
205,68
159,207
159,61
81,5
19,250
182,67
113,80
20,25
254,132
107,167
74,17
34,145
211,175
7,232
123,256
30,180
112,54
221,198
16,17
41,146
68,34
77,240
31,137
168,162
109,21
88,122
19,229
245,140
15,7
76,132
125,137
4,200
145,197
163,25
196,230
234,37
165,163
133,205
152,200
168,90
2,147
200,184
124,162
100,81
113,105
129,174
75,134
11,109
120,233
131,225
128,106
151,23
204,134
203,32
74,19
228,112
128,114
238,150
144,216
55,130
163,41
202,138
2,32
185,55
243,53
192,79
161,171
255,119
146,249
67,41
53,69
47,220
36,48
65,195
44,110
173,250
228,252
43,251
19,24
200,50
232,70
157,93
202,68
217,237
4,76
97,168
139,72
191,149
31,94
15,233
221,162
176,21
204,2
245,112
237,190
191,172
225,150
36,213
120,229
89,81
108,5
27,200
205,134
169,117
54,82
68,15
36,197
33,223
100,165
252,22
74,142
12,155
57,94
100,99
189,108
212,42
155,193
143,202
161,177
128,230
80,130
32,141
76,18
71,16
195,196
210,169
43,235
123,200
154,100
233,251
135,83
215,142
0,62
45,14
88,38
68,154
93,256
242,188
195,185
82,239
94,226
161,252
54,66
180,47
242,143
127,223
179,38
5,159
96,8
87,50
70,240
144,237
43,153
118,39
217,81
84,84
58,162
227,146
180,146
110,20
162,172
230,134
178,200
107,172
18,107
185,172
246,237
86,43
234,170
193,183
206,240
244,97
217,52
149,248
6,252
160,250
101,141
202,216
191,249
113,20
166,132
52,255
229,214
193,47
171,139
154,58
55,108
9,118
249,234
123,41
119,107
182,184
138,119
169,95
181,237
149,253
165,140
36,17
180,181
40,162
217,108
27,117
20,113
192,0
20,87
127,180
110,248
6,149
144,52
83,18
82,159
227,127
113,154
85,249
58,223
218,12
183,219
180,27
192,159
0,9
27,62
34,163
62,210
6,150
104,140
48,167
236,147
256,47
134,93
98,154
199,154
144,223
21,222
179,196
112,152
224,157
131,74
43,245
100,91
61,102
81,83
102,232
13,9
235,254
72,63
256,93
100,42
80,227
36,135
201,171
203,124
45,159
47,107
40,246
190,159
234,207
214,44
142,75
132,134
198,97
68,229
121,65
246,80
185,124
19,92
188,51
107,92
70,35
28,251
215,157
173,140
196,93
168,42
189,194
184,26
89,248
173,58
227,213
173,54
95,117
45,94
226,209
27,146
191,224
256,47
147,40
81,221
42,140
249,45
147,9
68,146
184,29
138,161
37,114
32,21
143,199
172,130
213,198
21,168
51,192
169,253
94,103
149,174
99,26
134,40
80,113
96,123
81,211
179,161
198,126
56,213
185,171
45,1
195,76
44,72
207,135
150,58
186,131
0,145
154,190
200,37
91,172
14,25
39,30
29,225
246,40
200,234
79,75
146,242
118,125
150,193
100,195
4,120
33,252
66,218
110,256
85,93
37,94
207,80
80,246
5,134
190,7
236,91
154,51
186,169
144,48
22,115
158,123
215,204
218,151
46,77
126,89
136,236
165,198
145,234
95,255
91,164
184,182
15,76
221,198
246,87
145,188
92,48
242,10
40,162
136,206
0,112
29,63
172,14
236,180
155,144
156,156
61,204
3,6
168,87
108,89
40,233
87,55
193,162
133,17
125,20
72,226
241,162
104,157
196,217
63,153
73,219
135,139
211,114
49,107
19,70
122,226
175,171
200,169
230,122
24,69
161,99
230,73
23,50
34,45
112,101
23,226
128,208
41,162
213,167
99,184
101,130
131,243
163,190
65,58
73,87
33,131
82,22
32,143
134,100
149,97
87,129
183,256
24,243
75,53
120,87
114,219
9,131
227,255
122,136
139,233
44,89
247,118
119,223
76,198
91,74
136,65
155,214
32,220
130,124
149,238
28,180
171,2
42,96
250,136
71,127
15,232
89,149
63,15
226,242
167,183
59,136
63,81
163,208
122,115
52,94
26,116
147,163
126,207
140,195
167,148
128,174
0,221
188,27
126,92
128,130
6,139
117,36
235,183
62,16
96,106
59,209
140,231
141,134
41,134
107,35
6,206
42,135
153,187
132,46
60,122
153,140
221,131
133,77
208,102
120,189
13,221
105,252
34,228
43,203
218,113
98,31
210,16
165,172
126,209
157,234
83,28
226,179
4,240
143,93
197,191
252,240
188,98
18,247
17,219
116,111
235,22
1,67
58,42
174,22
54,91
136,99
132,101
59,209
144,143
111,27
245,204
78,44
3,4
201,189
182,121
150,15
194,64
152,108
149,203
131,247
144,139
110,22
177,235
81,238
28,21
245,10
143,165
224,105
40,123
141,204
176,135
28,199
8,183
1,119
4,57
197,50
45,133
119,39
97,22
197,19
254,87
33,144
249,145
20,130
223,248
179,147
137,226
234,243
57,194
106,130
74,64
215,96
116,182
48,7
37,146
189,205
57,240
149,136
210,47
127,143
79,217
226,177
50,206
92,64
238,100
237,201
13,197
240,151
126,235
226,172
124,32
235,179
177,92
150,102
30,91
160,132
83,148
70,82
170,210
79,216
189,200
85,124
207,192
64,185
130,139
65,62
228,19
151,67
10,95
210,228
182,152
105,163
242,34
161,237
137,232
217,129
46,191
94,197
193,30
104,229
13,134
139,161
210,100
46,121
125,10
76,139
16,173
225,14
201,157
110,194
20,194
141,91
235,33
244,134
26,148
36,24
95,145
74,191
98,252
106,172
245,162
204,203
58,10
203,254
65,78
147,195
219,32
55,187
197,122
92,168
5,216
152,64
95,164
170,95
169,56
123,149
187,67
17,131
107,113
219,210
0,203
147,9
182,147
3,88
222,125
65,22
163,164
139,126
33,20
98,234
156,124
130,6
76,87
217,66
118,192
250,61
122,125
221,11
188,160
14,151
242,212
2,149
73,112
90,193
103,198
53,192
113,128
31,14
92,236
173,253
243,185
111,161
249,190
162,93
237,250
201,130
88,69
40,32
17,210
55,128
140,45
17,93
107,228
83,98
246,198
132,40
176,44
229,94
241,134
67,12
101,184
252,185
150,52
80,105
165,184
59,85
42,208
234,178
201,61
105,60
146,8
86,125
125,40
150,152
89,165
36,85
128,147
215,136
175,27
145,223
51,139
68,172
90,228
36,176
228,41
203,12
75,242
69,201
96,83
37,89
229,92
187,21
68,174
76,64
81,8
116,199
159,46
201,140
216,83
55,149
142,170
154,55
255,121
24,79
247,142
233,166
58,60
252,209
111,73
81,106
38,50
75,204
17,224
230,124
244,238
154,254
32,38
218,141
47,36
53,10
97,119
85,254
51,193
72,246
38,87
234,136
96,80
62,20
187,29
198,76
107,228
209,131
29,111
79,127
139,29
75,40
43,125
179,29
190,240
119,48
126,79
193,21
190,169
0,152
77,181
253,153
23,102
111,13
73,42
180,193
46,166
189,204
254,22
13,167
46,4
172,197
168,89
138,35
173,215
17,143
11,248
35,113
16,157
251,208
74,252
44,139
132,87
153,253
245,19
67,251
98,185
33,109
20,200
219,125
101,13
242,97
17,66
119,253
113,72
158,22
173,79
220,196
62,94
237,188
111,63
149,45
128,227
212,223
114,124
203,2
1,201
68,203
97,225
27,83
31,228
135,29
148,164
31,153
172,174
231,130
70,36
66,124
11,138
232,176
151,187
231,219
174,204
142,173
247,153
159,242
181,197
93,102
195,194
11,139
186,78
16,112
145,61
61,196
46,98
256,188
163,45
207,219
137,197
177,209
142,64
192,213
238,240
7,198
81,40
139,58
149,86
247,69
113,97
57,92
235,86
26,111
64,190
30,33
140,104
253,16
102,16
60,210
13,168
237,218
8,231
66,174
41,50
37,208
76,106
95,122
255,228
66,21
168,251
194,214
66,88
91,123
152,175
185,176
223,50
173,219
253,13
26,155
54,160
50,240
102,62
228,177
36,226
256,109
185,225
111,101
147,127
136,146
87,196
74,61
3,148
250,8
96,167
33,34
49,29
247,146
130,170
81,251
166,20
19,244
8,36
42,203
173,244
163,129
203,234
58,120
159,54
207,172
134,100
108,148
112,157
68,76
137,255
236,90
143,161
154,55
144,53
78,164
85,217
3,26
28,75
220,78
212,50
68,242
50,225
47,108
74,66
126,189
201,136
189,157
203,127
132,202
215,78
39,135
154,124
146,182
12,70
182,78
154,218
188,73
97,249
66,4
157,128
186,175
223,2
176,212
1,114
251,55
128,246
146,84
200,134
181,172
235,59
163,77
61,44
26,181
100,256
150,41
84,66
60,136
72,232
252,13
146,148
229,216
173,10
86,109
36,235
175,197
193,237
171,239
192,33
164,236
42,161
198,211
76,234
209,163
45,102
50,96
129,198
140,185
119,44
13,231
17,205
6,155
219,220
240,120
130,170
57,132
129,210
55,46
238,20
154,200
165,3
112,177
131,224
130,33
43,103
60,251
133,57
234,79
236,145
37,165
211,165
205,175
182,7
49,135
35,158
169,136
179,139
126,45
245,143
9,41
160,199
45,237
186,97
165,216
41,94
146,131
57,13
147,249
157,14
125,213
80,133
54,179
12,51
88,20
8,152
62,183
124,225
188,165
73,200
188,20
153,59
203,64
96,145
63,82
166,228
210,65
74,18
66,86
242,225
96,95
216,0
97,177
245,139
139,222
195,16
3,162
116,253
82,60
40,1
13,112
171,165
188,151
204,27
14,153
108,76
121,172
26,114
143,160
149,116
205,29
5,192
222,112
194,190
54,111
97,223
141,113
182,7
4,111
181,87
90,5
83,156
38,210
97,11
182,156
101,169
96,89
238,30
46,114
240,101
101,173
249,239
121,43
19,164
157,32
136,192
50,26
175,70
165,100
205,77
240,19
59,32
189,28
111,161
88,236
51,223
245,178
207,256
230,78
75,137
38,216
231,148
247,75
93,99
133,23
4,127
37,208
229,186
110,200
121,51
99,185
107,60
178,17
74,195
75,128
228,256
105,250
223,139
254,83
152,125
1,161
33,151
95,97
206,201
67,102
192,200
141,203
1,58
226,255
131,119
185,176
27,194
135,178
185,160
201,179
252,185
89,52
118,17
242,219
119,152
16,7
177,120
26,231
46,22
161,120
141,196
150,209
236,64
213,48
20,168
40,145
109,39
33,50
86,246
250,129
133,153
196,252
59,256
219,142
201,65
50,82
139,224
48,188
115,22
132,60
237,94
119,241
153,243
195,96
242,77
41,90
53,85
1,251
100,146
248,122
70,169
58,121
254,108
181,94
205,192
230,48
173,115
6,110
208,70
6,36
118,75
158,40
185,46
47,62
145,7
233,233
11,80
105,233
73,141
82,39
15,169
167,24
169,120
44,28
151,150
182,44
158,126
33,122
149,248
193,131
219,216
128,86
52,39
164,111
95,71
170,165
104,42
221,19
229,26
80,199
169,256
12,99
146,152
125,5
166,250
158,93
229,158
252,101
187,169
215,160
1,162
19,96
58,101
9,222
256,117
186,72
126,155
57,128
125,250
111,158
223,192
217,110
179,28
0,244
36,230
228,12
206,243
43,17
181,4
124,22
162,164
256,197
151,203
215,63
140,246
48,7
180,50
184,176
255,215
77,110
111,242
20,192
53,181
53,163
243,246
30,74
48,17
238,157
243,80
153,153
175,121
153,45
225,245
122,9
116,53
193,158
71,78
233,211
120,43
164,6
144,87
217,177
71,182
225,215
63,45
24,94
215,211
72,71
184,187
30,166
31,98
182,60
179,31
97,185
242,0
34,187
53,170
80,96
196,15
17,123
254,95
12,42
199,1
54,176
15,206
125,148
20,74
215,28
220,150
197,103
176,124
250,21
210,32
81,102
86,254
228,159
122,26
160,196
107,212
187,202
62,37
161,126
58,78
141,62
39,157
188,75
126,255
63,38
106,182
186,142
1,36
218,59
210,147
137,9
48,15
4,164
185,218
187,42
216,126
191,118
152,123
89,140
20,98
70,167
24,188
171,41
10,192
83,4
28,148
134,243
46,97
60,138
135,226
238,248
152,150
80,209
83,9
160,126
17,1
16,194
94,37
254,179
10,194
238,223
216,197
207,99
184,81
115,3
82,52
234,135
97,250
234,138
228,136
2,228
166,244
15,43
150,42
141,85
151,240
63,12
101,186
41,40
52,188
102,218
76,205
219,144
212,10
80,218
5,151
177,24
148,195
6,225
204,83
128,255
195,134
3,85
171,53
152,61
58,36
203,212
25,146
213,199
70,160
57,107
28,155
223,120
44,19
179,79
120,191
11,252
253,66
197,95
85,77
141,91
152,110
237,200
112,108
193,155
43,74
18,7
232,163
93,148
169,42
95,24
112,14
167,183
169,189
226,229
72,216
187,256
110,123
243,169
52,185
182,142
125,158
12,88
29,184
218,249
203,161
105,191
77,128
181,230
137,85
33,208
251,231
172,55
146,129
149,248
226,130
94,53
147,143
212,121
134,224
84,247
183,244
78,15
172,1
207,178
3,84
11,56
14,43
88,11
256,203
1,154
232,90
215,190
127,17
204,157
46,239
128,139
178,144
247,41
62,220
121,208
89,120
250,149
16,97
171,209
33,111
236,94
197,226
234,18
158,27
232,92
131,63
230,122
152,133
184,114
192,48
124,189
42,102
97,175
136,109
185,54
201,251
105,52
202,199
146,47
185,7
207,207
158,105
32,55
223,229
6,240
147,135
212,247
71,24
181,86
38,33
185,54
157,74
53,67
127,161
87,203
73,4
183,46
177,84
116,1
218,21
140,198
59,216
199,27
100,226
6,110
183,206
71,203
91,99
132,217
138,51
143,190
20,34
123,116
154,203
112,41
135,211
249,109
44,207
69,109
154,201
251,152
162,140
202,89
62,75
96,67
72,191
131,94
146,218
53,118
159,106
180,248
70,225
187,237
130,22
117,105
26,53
69,172
245,150
124,100
145,63
156,54
100,199
128,9
9,2
43,47
134,81
240,44
170,220
16,71
198,127
222,134
118,99
43,88
10,241
7,26
126,97
64,95
23,35
142,194
247,203
21,20
96,67
10,172
134,250
250,170
128,201
107,128
39,55
62,172
238,87
184,245
137,38
118,241
5,99
192,46
214,74
223,255
9,176
135,204
216,176
53,44
56,67
67,251
141,53
104,164
226,80
222,69
70,8
16,65
37,145
80,247
148,5
94,117
230,59
67,236
77,30
168,219
127,234
129,217
80,79
177,1
126,56
52,156
20,117
128,15
197,215
221,171
92,222
180,74
24,79
205,245
188,59
253,5
131,146
174,138
100,194
120,214
176,157
157,249
228,12
9,204
77,73
20,169
176,167
202,7
19,241
116,113
144,139
15,91
124,143
2,63
75,12
207,70
128,135
92,176
145,134
214,129
192,112
62,118
58,150
198,97
198,233
159,212
141,77
256,141
117,151
163,56
70,216
28,59
113,232
208,76
92,102
112,112
202,232
56,140
221,191
205,176
127,138
172,205
117,5
122,37
23,228
13,68
126,155
92,172
68,160
155,95
33,129
181,208
177,37
105,132
254,11
186,105
129,35
109,123
64,102
231,244
235,150
237,237
206,24
9,18
223,89
129,47
224,130
89,16
254,234
175,12
58,245
205,57
176,21
192,64
124,205
99,107
64,86
87,136
215,168
157,139
239,99
34,138
159,46
27,246
89,227
140,42
223,92
29,42
100,124
77,58
50,5
107,129
102,251
115,19
76,105
216,204
119,0
5,157
67,169
223,52
81,226
223,111
219,65
5,207
70,44
239,140
32,240
79,177
193,137
92,140
209,168
90,233
153,12
69,117
87,79
212,203
128,106
79,245
181,72
5,130
8,237
130,149
3,243
179,113
72,165
179,176
61,69
240,135
80,154
68,56
225,232
93,172
62,232
134,58
129,202
109,40
236,141
18,172
129,80
172,35
181,150
4,42
222,102
180,46
193,197
187,48
251,233
249,206
23,117
90,140
71,43
230,144
130,232
105,73
104,112
94,138
54,171
155,188
114,45
180,25
107,113
44,185
27,60
159,212
14,226
32,39
205,37
137,170
11,49
151,190
175,54
138,135
22,20
84,225
255,214
120,69
236,51
88,41
239,254
233,160
198,227
74,69
30,107
37,238
114,150
192,228
103,56
9,203
230,162
46,193
114,80
190,111
128,187
5,80
27,92
170,62
213,139
241,94
153,22
190,109
145,51
124,176
60,44
12,174
172,185
158,37
185,146
133,37
80,98
178,51
53,177
15,195
84,198
178,108
111,186
137,100
118,220
132,214
147,183
105,169
55,232
219,6
229,18
114,42
223,217
199,84
157,133
227,75
123,58
43,249
15,227
246,84
98,137
163,143
82,121
222,80
166,194
253,227
43,77
222,120
205,169
31,11
252,95
156,73
77,253
178,54
151,195
13,46
79,221
86,11
0,29
115,27
86,130
78,208
80,32
67,63
183,67
199,132
160,232
38,105
92,6
66,47
17,59
235,191
137,214
164,253
183,208
93,198
27,222
81,145
58,228
53,132
211,172
157,160
51,108
86,40
1,223
184,227
237,108
190,179
213,100
17,247
175,125
113,37
157,228
87,130
8,4
184,233
219,177
68,237
102,127
144,53
255,103
30,56
13,163
245,41
183,173
206,248
153,95
38,208
166,116
117,239
104,107
0,101
21,157
164,83
100,97
225,142
159,228
244,235
168,105
148,95
130,68
156,147
90,179
223,92
248,90
8,154
248,250
58,63
186,124
37,222
38,210
236,162
109,196
17,240
195,61
171,8
136,150
243,206
59,115
118,198
109,170
215,210
70,240
212,198
236,244
146,6
256,33
71,89
60,30
66,248
178,236
203,77
20,71
155,76
167,124
198,67
86,87
67,130
74,155
33,103
142,106
186,32
224,246
12,150
94,9
243,0
138,146
231,102
227,28
162,138
6,46
1,99
133,206
38,99
4,127
75,140
116,196
122,128
186,153
22,159
151,126
219,230
71,4
198,234
81,181
12,236
107,6
226,86
131,85
157,205
168,236
76,42
28,250
190,35
24,192
59,202
223,45
197,10
88,240
198,201
64,104
199,94
49,248
186,200
249,51
84,181
194,251
150,189
138,164
135,158
93,248
255,180
130,206
118,63
217,39
195,245
123,61
243,39
211,242
222,129
252,116
13,69
103,92
233,203
209,186
247,169
86,151
128,181
247,209
67,207
140,16
120,114
154,222
212,63
56,182
179,118
210,76
164,75
105,105
193,53
226,8
129,255
168,197
108,110
96,108
176,249
235,178
29,28
124,47
76,134
3,47
199,135
200,131
127,100
239,43
245,31
3,99
75,115
132,198
240,188
115,102
14,208
128,154
241,46
53,223
128,69
167,112
11,188
71,183
108,19
195,190
98,226
161,167
25,221
83,200
5,198
84,173
162,31
126,25
42,87
52,239
224,60
219,209
59,210
14,173
221,91
116,177
185,178
68,94
2,50
216,62
201,234
183,99
38,83
51,112
193,142
67,51
7,130
181,24
121,40
24,180
220,11
118,227
146,89
156,178
229,174
84,234
159,174
173,34
103,131
174,152
236,117
140,223
100,191
50,178
209,227
189,134
4,50
91,57
243,168
14,10
27,66
133,76
109,198
160,212
44,165
28,115
39,216
147,201
46,30
244,242
75,125
150,64
246,1
90,72
196,169
60,50
110,18
22,39
178,232
202,145
52,224
116,145
188,157
190,138
25,76
34,193
116,17
180,26
22,144
236,75
56,26
245,32
189,158
181,65
131,213
137,136
54,24
214,206
214,210
98,93
25,245
219,73
73,72
93,102
17,168
76,44
143,143
30,112
148,251
221,134
246,48
1,243
232,129
239,194
51,136
25,169
169,42
49,246
187,38
197,254
201,237
133,216
244,47
171,157
44,83
114,104
127,194
153,133
189,41
230,57
18,88
92,105
87,97
139,57
211,189
46,211
249,95
14,232
111,175
117,206
45,144
151,18
36,27
127,234
197,256
111,156
117,162
244,185
98,167
1,170
191,34
248,243
202,199
110,18
134,27
37,148
86,158
213,17
15,193
188,216
72,25
177,35
50,12
237,231
70,45
141,66
81,176
178,118
173,125
66,122
185,193
143,19
89,127
147,51
52,209
126,255
133,36
245,142
61,93
22,140
167,203
30,235
65,233
82,113
9,86
118,139
90,216
98,8
180,74
172,125
219,106
153,57
155,55
248,232
158,148
111,55
172,251
19,45
185,147
26,108
234,204
250,166
241,238
13,217
84,37
179,204
235,43
25,220
80,43
80,101
191,135
54,84
148,228
44,225
32,158
56,13
21,53
95,202
77,85
11,127
232,193
156,143
212,212
227,111
103,19
120,186
123,7
208,144
18,36
46,193
33,109
124,41
40,250
180,61
134,55
161,76
27,195
172,20
55,203
27,214
76,164
136,114
157,193
103,229
141,155
4,91
74,53
252,85
147,73
104,50
237,73
30,217
97,250
143,0
16,169
128,26
254,110
113,226
134,108
159,81
77,172
151,224
77,164
56,51
117,219
105,131
70,165
208,62
216,133
216,37
124,156
235,5
213,80
1,245
145,43
146,155
149,214
209,22
219,135
207,154
59,111
10,30
42,27
202,178
51,111
74,249
214,148
85,91
58,134
65,200
246,181
4,255
91,222
104,79
230,114
244,107
44,39
203,88
50,151
37,127
61,130
30,74
212,180
203,65
174,82
93,244
106,228
221,98
168,241
10,123
225,115
218,137
139,248
8,141
89,148
163,45
82,192
28,190
241,162
74,225
30,201
13,82
83,47
160,7
203,41
224,105
244,247
53,178
3,57
243,224
161,131
202,256
217,10
170,110
16,2
91,223
108,60
197,185
226,0
26,256
68,20
228,33
101,200
13,30
4,51
155,194
241,165
51,226
27,210
168,124
208,199
159,178
13,120
25,67
104,229
14,200
223,199
176,243
134,38
241,65
95,40
193,40
87,156
180,164
132,252
25,195
7,225
219,29
57,156
62,109
126,93
143,234
101,33
70,145
72,201
118,230
78,106
114,124
55,15
101,60
81,98
234,26
135,61
155,219
254,218
226,3
187,10
157,210
209,157
33,165
226,249
115,0
56,227
29,91
3,69
214,85
36,90
71,27
100,208
237,98
215,252
154,69
168,167
212,69
178,128
119,90
155,199
104,129
29,172
168,24
65,177
101,95
237,138
134,186
2,96
23,97
210,197
164,68
8,223
81,1
39,140
110,11
206,34
6,63
180,223
75,227
26,179
54,243
141,116
69,55
47,55
25,239
67,183
71,127
116,141
66,231
144,53
245,223
130,29
254,31
86,170
47,110
242,190
43,233
20,253
105,4
67,248
90,133
68,31
224,234
162,237
95,100
198,74
170,97
53,54
21,61
139,176
23,22
90,197
39,18
118,111
60,147
128,155
120,118
243,216
207,73
109,75
173,100
171,187
232,223
165,70
20,121
139,113
103,76
221,189
44,202
95,152
171,123
201,1
202,9
169,228
25,214
42,67
8,84
33,84
120,71
26,12
75,93
83,201
90,208
217,139
118,33
195,39
210,243
169,104
159,171
238,127
56,133
130,138
122,138
46,19
144,60
217,90
245,68
34,78
89,150
132,140
114,187
217,206
93,232
47,86
41,165
20,189
216,63
193,156
217,191
246,58
177,9
226,3
61,118
64,126
168,144
70,129
164,163
69,164
17,179
147,110
118,51
209,124
240,98
175,46
94,147
129,120
111,22
119,144
244,10
185,213
105,126
176,182
221,233
17,120
256,41
150,77
187,61
246,235
105,255
149,183
13,166
74,19
162,227
140,5
198,141
69,246
94,233
228,161
130,177
126,47
205,220
82,61
198,163
203,71
32,129
139,171
255,140
58,207
99,1
237,233
68,10
219,86
216,187
159,137
199,256
122,49
7,229
208,43
98,207
50,1
244,243
198,222
126,183
115,177
99,93
121,27
177,253
145,76
81,198
88,204
246,237
6,229
160,176
170,214
207,151
180,127
79,215
9,254
89,251
226,135
133,183
177,61
19,37
18,144
128,218
61,125
43,217
150,84
28,175
249,174
65,150
213,8
13,23
101,180
140,61
128,27
157,45
152,19
93,11
225,186
110,219
13,87
100,133
204,40
159,156
70,161
171,137
30,116
203,42
158,134
169,228
169,90
229,183
221,219
232,194
78,113
102,64
198,155
55,126
33,43
136,187
10,110
75,132
93,27
116,24
127,170
69,127
143,193
110,125
32,251
227,139
168,145
206,248
104,82
152,96
120,117
153,36
37,73
232,151
200,229
119,239
119,99
152,141
189,157
62,255
66,211
23,91
56,190
70,117
165,208
117,50
49,135
230,225
104,199
164,61
88,248
251,121
121,68
60,69
201,197
75,86
78,79
78,217
249,37
28,251
163,208
11,248
81,138
183,34
182,233
147,112
222,233
23,116
62,228
212,219
235,221
73,78
27,123
139,0
161,194
142,154
153,33
217,115
42,51
10,22
207,138
88,122
111,106
217,225
239,88
174,232
11,18
251,97
129,183
94,173
178,202
185,52
124,136
39,93
203,16
236,82
119,167
121,117
166,220
107,190
16,105
256,174
73,81
67,81
85,205
5,151
72,143
253,28
70,194
6,207
35,218
243,184
132,165
173,115
153,30
56,31
208,240
110,143
4,159
199,9
205,2
229,5
251,88
118,141
205,218
144,191
131,254
69,199
255,78
83,55
158,71
226,45
108,14
186,41
131,187
83,24
239,172
148,215
149,0
194,40
252,41
24,192
213,81
5,147
123,141
176,171
85,142
209,24
242,34
48,50
18,250
124,166
254,181
139,110
110,3
208,169
94,50
214,68
250,149
204,132
204,189
116,35
5,5
92,62
79,170
117,203
170,43
58,237
164,181
77,185
32,95
136,163
151,23
128,133
33,5
89,126
118,2
205,141
135,231
246,89
4,40
82,202
15,151
93,28
246,104
111,210
24,37
222,146
77,60
251,127
163,195
200,52
161,132
215,112
4,30
47,173
177,235
72,223
224,106
161,245
177,137
147,217
41,163
238,238
2,206
21,81
75,23
250,219
70,203
108,116
83,76
240,106
250,72
224,246
125,165
158,16
72,146
153,183
226,222
166,201
108,249
178,244
88,104
113,249
125,46
181,234
41,219
92,48
201,225
209,105
159,132
81,78
155,174
199,87
178,145
230,152
31,211
203,215
136,183
14,135
251,167
64,251
24,236
199,110
36,50
80,226
199,185
112,113
208,251
1,108
214,222
156,126
256,135
96,24
217,150
209,160
100,210
243,43
158,20
119,210
19,55
58,121
205,40
215,133
146,248
103,107
45,13
179,166
13,55
78,190
27,26
158,102
24,255
158,25
220,218
254,217
24,236
145,61
237,142
204,74
119,4
137,111
224,198
170,131
117,108
132,12
58,250
226,75
44,240
46,26
117,194
57,208
31,24
255,19
101,155
248,127
68,84
123,3
117,57
114,145
71,61
5,246
141,84
251,234
76,112
9,131
151,69
206,50
194,102
15,242
9,179
233,77
33,158
105,18
85,231
111,158
217,117
162,84
238,167
35,118
36,68
123,0
108,256
233,208
138,137
101,37
181,62
213,95
188,249
57,233
172,49
208,200
169,163
209,256
18,18
134,66
0,109
165,143
90,216
106,238
66,242
133,118
241,202
206,9
114,172
189,130
159,219
12,167
133,81
198,114
62,48
127,6
197,111
148,57
100,249
154,128
2,216
55,51
127,210
200,98
9,74
175,216
9,50
233,140
23,172
214,62
95,174
92,177
90,146
12,106
167,159
72,229
89,37
7,13
55,179
6,148
3,129
52,37
133,223
226,145
135,29
34,219
216,201
147,223
214,140
103,235
106,131
13,142
198,135
157,118
70,224
155,139
221,221
146,233
55,222
222,121
32,187
102,153
222,74
31,196
139,3
27,60
80,161
99,148
39,244
72,93
152,232
99,173
82,108
215,121
41,141
220,35
174,196
144,136
156,17
103,220
175,13
237,6
253,242
188,90
121,174
62,182
67,210
22,82
32,101
145,109
139,73
156,105
106,56
66,146
156,128
15,223
108,62
200,150
151,112
66,120
55,240
180,89
184,150
88,137
233,207
36,137
207,165
190,252
226,252
247,156
189,92
74,201
70,57
43,166
177,169
49,12
173,247
60,111
221,214
99,20
202,79
223,81
7,244
184,186
191,67
40,84
99,153
72,198
47,184
39,120
39,225
87,32
116,8
142,87
79,240
195,2
6,4
133,21
9,177
126,239
176,162
247,114
127,135
83,149
184,1
70,212
162,85
38,159
67,250
19,238
232,188
43,195
104,51
161,69
224,126
196,196
116,24
22,253
236,19
180,114
90,115
241,188
177,37
169,197
113,139
61,220
15,85
256,102
167,215
4,237
47,252
0,50
46,72
141,121
144,157
234,156
140,175
40,87
251,50
114,135
207,18
1,51
167,107
130,49
18,208
195,173
113,62
150,190
41,105
47,203
187,41
230,99
164,2
83,184
155,49
251,237
75,2
161,77
27,158
3,110
225,160
51,186
72,38
177,22
91,79
159,109
111,103
42,194
52,250
107,58
203,207
230,87
103,61
93,137
28,15
36,126
98,182
177,77
118,18
154,136
170,251
235,227
90,28
176,9
23,14
161,211
86,201
99,186
193,232
7,188
224,251
167,174
124,211
105,119
54,71
123,212
77,247
250,163
55,62
188,203
95,55
27,161
48,158
26,67
234,74
189,246
94,28
86,116
160,76
47,180
202,157
152,217
214,180
44,92
83,136
49,10
104,75
203,241
18,159
237,218
120,75
110,90
131,125
176,147
230,82
171,21
40,107
221,190
199,44
249,223
128,240
72,167
66,238
232,213
187,145
147,74
145,6
85,68
115,104
211,150
144,117
108,80
190,208
11,50
154,238
0,157
200,82
163,118
228,155
117,36
241,90
60,60
94,250
252,109
103,5
77,249
151,210
84,246
29,216
181,185
218,224
67,27
5,197
50,134
214,250
38,115
161,39
136,174
137,87
20,107
63,8
71,120
113,53
170,198
207,19
56,70
66,28
115,73
65,34
196,162
172,23
152,135
101,103
201,57
48,115
40,57
197,97
80,214
64,141
93,159
67,14
10,35
214,138
192,7
196,55
77,170
198,19
134,210
125,240
210,17
118,224
112,189
207,17
51,184
244,210
150,97
105,128
140,230
37,171
104,59
189,10
106,31
161,82
27,238
121,253
133,19
141,234
220,49
177,97
70,4
106,212
50,137
149,79
21,5
14,38
49,229
164,54
121,16
150,199
101,97
193,136
219,69
8,110
68,194
206,144
201,196
245,74
212,31
71,37
213,10
25,138
176,0
67,120
65,70
7,40
60,135
56,255
114,218
165,127
159,48
145,230
4,129
138,180
121,3
111,148
126,44
227,212
196,12
208,197
83,122
104,224
93,78
130,119
143,9
87,223
156,158
246,25
0,98
29,220
217,32
72,161
123,149
87,226
244,87
32,187
223,242
207,44
179,119
148,196
164,17
23,216
21,232
91,8
35,111
113,112
235,87
4,172
56,115
156,59
53,211
150,205
175,177
155,242
120,168
175,13
170,163
226,230
105,189
7,198
199,81
108,72
97,100
91,17
70,149
159,209
33,41
43,9
87,142
31,217
108,56
30,172
106,36
200,164
196,115
251,56
115,55
81,158
1,246
220,8
170,67
51,69
128,31
130,81
37,199
16,137
4,151
46,232
163,227
92,14
185,51
15,57
63,84
207,52
143,136
232,85
59,18
216,134
146,77
7,139
51,25
3,207
153,34
23,104
202,245
141,238
51,6
110,205
52,250
92,100
22,152
237,149
92,94
66,93
230,138
250,248
222,159
70,226
98,3
256,149
117,31
105,171
50,183
7,44
113,44
201,68
10,185
71,24
126,101
51,240
256,102
190,242
122,0
205,245
239,168
0,255
126,186
192,81
112,9
170,155
244,139
18,75
227,41
200,34
201,126
124,251
256,92
153,78
107,8
162,175
110,123
165,24
214,75
140,221
43,62
114,139
122,137
150,176
52,191
16,93
211,43
55,250
197,61
59,4
105,52
238,90
228,45
167,232
4,120
85,79
233,241
37,23
256,216
66,134
59,130
5,78
49,240
216,43
97,251
254,143
152,76
102,146
171,183
29,221
192,145
64,168
174,14
151,247
181,200
64,160
243,10
193,128
49,23
219,11
198,156
41,233
207,91
214,168
65,63
111,240
9,98
181,218
166,176
129,198
97,16
166,90
203,48
177,130
148,174
53,210
196,123
155,27
27,29
111,94
86,149
163,219
169,156
187,248
231,98
7,139
196,14
180,140
128,95
26,97
209,71
75,88
28,212
71,174
61,154
100,105
103,253
244,7
89,11
126,92
142,79
2,215
247,89
19,253
82,35
185,219
137,36
0,201
213,166
29,101
165,217
224,116
134,169
149,189
158,91
111,42
162,200
234,68
246,153
247,5
158,184
30,59
223,5
178,137
4,182
13,170
147,30
253,254
256,46
66,215
217,194
9,123
205,148
85,174
59,192
169,21
193,225
223,247
47,131
204,59
99,225
254,111
108,178
239,51
101,43
182,215
68,18
67,161
155,9
145,20
189,130
61,179
207,232
62,118
197,231
243,120
135,64
5,95
160,163
226,74
60,2
244,180
146,120
68,15
250,198
54,168
202,207
122,41
74,151
174,25
94,47
36,230
241,208
8,206
33,61
54,147
157,242
149,48
178,213
1,190
100,119
9,175
14,79
183,162
18,159
131,142
29,180
172,254
171,223
62,185
110,70
152,80
128,229
166,37
228,95
142,233
37,171
142,7
74,45
119,96
26,1
184,255
57,117
104,246
253,243
110,71
44,95
78,118
22,74
73,186
250,79
128,219
2,60
125,45
187,12
199,56
46,204
169,6
90,77
73,41
161,86
9,141
218,152
30,189
128,212
174,97
125,92
187,29
87,106
39,223
149,133
223,110
140,113
40,247
210,3
84,214
172,24
28,3
214,30
60,197
72,98
182,112
45,9
62,44
37,183
110,36
182,187
17,102
189,68
93,75
50,27
221,15
175,74
59,137
7,184
39,255
154,24
28,212
90,133
233,89
232,216
96,230
32,98
20,206
42,60
80,225
30,91
44,248
142,253
164,116
61,226
57,111
151,53
214,49
64,10
121,102
98,201
16,167
13,48
111,54
41,101
98,142
28,26
78,111
15,132
194,57
64,85
51,49
242,237
226,128
85,124
132,208
219,58
165,169
95,228
59,204
183,223
47,20
0,224
57,156
121,214
80,7
238,84
173,210
143,218
10,52
150,235
60,65
39,62
154,33
169,112
112,136
156,71
118,41
49,94
2,19
241,111
69,187
54,51
222,127
9,3
175,67
161,138
60,66
194,86
29,254
47,201
1,211
249,60
43,128
51,215
172,102
102,168
176,76
121,0
201,63
207,45
137,10
200,221
35,63
84,19
163,187
77,124
74,121
56,250
55,227
105,128
29,225
131,103
145,57
218,223
99,10
134,89
248,48
218,185
253,2
211,50
208,154
221,237
16,117
247,105
219,15
232,196
201,8
207,6
185,118
237,117
243,162
170,0
201,243
10,36
23,142
227,163
205,2
88,255
7,134
232,178
228,220
72,230
219,141
56,170
205,150
17,203
249,136
136,49
126,193
253,171
204,188
47,61
62,120
16,71
95,156
46,14
75,200
133,83
129,244
88,79
23,43
89,180
105,128
171,9
47,77
211,139
92,203
44,196
185,16
96,66
231,195
88,176
205,72
195,169
237,204
214,50
165,148
42,104
235,107
170,197
190,255
151,83
2,20
194,79
232,217
47,70
83,57
190,58
228,68
198,194
184,74
192,143
13,150
225,157
193,20
163,83
129,123
38,219
163,170
78,215
170,59
244,182
34,138
67,152
251,43
209,18
158,192
69,182
189,127
155,44
41,179
205,182
54,176
56,164
35,228
3,139
195,29
205,123
4,144
218,126
172,113
139,177
62,76
210,16
73,119
8,10
20,172
141,218
0,136
127,223
147,62
34,62
16,121
231,120
221,165
25,238
187,158
133,159
41,220
170,221
33,15
41,37
118,203
110,237
211,6
118,88
100,44
241,54
215,58
165,236
256,93
242,200
253,109
145,160
199,174
170,188
87,72
24,172
228,244
219,24
129,46
108,122
42,109
167,169
156,254
218,129
129,104
245,126
112,255
4,143
53,102
210,230
38,119
181,239
20,169
134,108
212,230
194,54
72,41
134,169
86,92
220,145
210,177
47,65
141,63
192,208
105,175
145,146
1,194
69,214
56,119
159,205
115,111
48,51
89,118
186,195
5,72
244,223
108,122
134,211
12,75
133,206
186,231
76,147
249,232
20,48
142,17
110,100
145,70
132,122
118,48
60,168
13,225
186,86
36,73
108,52
120,39
250,110
37,244
185,26
219,239
107,213
91,215
18,179
51,109
125,249
185,12
79,186
115,234
83,28
196,162
234,94
208,177
189,58
144,117
82,73
101,156
57,224
92,184
51,87
73,208
234,8
127,172
240,206
226,222
47,149
8,76
98,108
170,18
34,128
215,222
170,50
52,122
206,169
226,222
76,198
220,194
27,161
108,238
245,111
149,2
15,80
106,123
250,36
226,54
209,214
115,251
59,248
72,82
8,174
171,58
101,210
39,125
98,127
251,75
185,7
134,22
214,86
169,36
24,100
100,200
251,130
53,109
115,38
176,218
90,22
82,115
86,141
233,72
148,187
1,148
21,122
162,183
238,144
55,92
188,85
192,171
99,39
173,229
204,99
62,227
131,91
163,160
40,253
208,20
76,252
150,111
30,10
8,196
175,25
146,83
84,37
47,173
65,214
251,63
208,84
167,104
61,251
19,167
184,141
177,152
149,123
203,243
117,46
80,112
86,205
112,205
220,40
142,111
220,164
207,115
130,25
208,67
171,102
236,211
76,208
11,49
122,97
127,55
250,146
120,1
64,241
26,233
95,38
149,21
96,240
130,45
68,24
144,66
14,139
164,161
202,240
52,213
191,149
146,157
44,163
154,41
249,29
128,151
109,63
147,244
237,38
123,51
135,247
107,113
199,69
106,108
76,104
143,36
192,145
102,166
42,256
141,32
215,47
161,37
86,71
198,31
241,78
248,40
170,80
23,50
122,40
255,240
194,69
124,109
109,158
246,111
57,140
88,68
13,193
131,193
3,250
142,31
254,130
194,173
28,14
101,220
30,149
224,128
194,92
233,71
174,254
146,25
159,209
121,101
100,210
196,76
172,28
245,109
63,209
249,228
245,144
27,156
28,75
118,66
195,88
53,157
246,70
208,181
20,137
85,93
212,226
224,241
147,48
121,165
73,182
155,19
55,23
113,249
180,76
2,28
21,37
215,148
203,94
245,142
223,85
230,248
201,217
72,97
240,105
251,183
60,193
6,35
106,239
116,109
187,58
124,204
117,246
14,73
83,149
232,157
74,148
194,113
226,126
54,60
158,48
109,118
137,120
30,62
237,144
221,46
21,37
195,230
185,11
136,197
19,69
56,237
7,181
137,97
247,200
224,191
181,202
213,37
132,82
107,71
91,10
182,147
236,138
73,38
22,102
68,177
210,14
144,104
252,174
105,182
165,163
196,228
104,36
253,99
70,18
199,196
168,51
178,8
213,229
191,96
55,49
115,159
206,193
98,142
28,178
61,120
140,72
54,239
94,189
77,195
143,253
200,120
135,162
84,13
49,208
153,175
131,152
90,205
144,123
67,239
22,97
189,90
115,171
33,33
34,116
80,47
118,190
182,121
99,57
201,20
127,199
201,55
120,152
179,246
75,19
142,161
179,175
213,53
31,3
76,61
69,183
83,108
240,230
140,188
103,204
37,83
117,17
169,251
139,3
162,13
48,228
12,209
29,42
251,120
229,154
197,92
111,238
15,175
193,10
59,247
80,48
106,172
154,63
159,189
234,47
207,224
143,126
167,100
149,189
41,36
146,160
203,207
72,19
116,72
241,171
188,157
153,131
116,230
131,5
155,190
129,7
125,224
12,202
254,250
51,182
3,226
195,201
122,242
205,45
228,194
121,209
123,147
89,137
215,219
171,151
7,244
187,149
66,111
216,123
46,233
188,98
100,216
99,49
130,191
55,38
248,55
180,228
37,228
182,183
117,160
81,105
181,186
234,186
8,155
20,26
248,44
136,94
149,254
253,104
211,149
34,104
91,77
123,89
141,239
103,59
95,79
224,250
255,216
107,250
83,141
19,63
52,204
76,234
120,109
226,155
182,212
11,137
240,67
71,138
253,169
74,141
20,254
194,41
249,232
82,7
253,46
76,56
202,4
112,89
4,211
83,55
48,21
135,22
76,149
244,65
140,80
45,51
253,118
26,49
16,76
19,181
175,50
191,49
254,91
15,56
228,231
37,23
158,185
54,98
76,218
48,60
253,115
38,139
204,199
202,21
113,217
78,222
231,156
3,174
184,192
256,219
62,112
97,241
172,9
241,247
220,119
216,172
192,42
11,79
214,88
137,30
201,55
196,65
122,246
127,84
172,194
60,238
232,157
63,17
84,108
168,130
245,69
122,43
166,224
250,134
166,117
196,197
107,253
250,114
5,253
60,74
37,36
225,219
88,123
38,27
202,188
110,135
196,231
138,2
94,4
81,149
16,107
7,74
78,191
201,104
154,20
16,130
174,95
180,215
193,242
174,102
202,38
199,125
90,115
118,202
50,142
122,136
52,55
147,77
191,22
151,175
191,42
227,156
248,208
44,177
96,158
167,215
185,36
253,164
202,95
233,173
248,47
221,74
92,214
175,173
108,140
239,236
115,175
67,8
244,74
220,11
174,166
7,93
174,26
77,165
62,255
83,68
161,84
172,1
32,79
118,24
102,98
227,109
48,105
23,144
84,86
174,222
182,229
144,28
230,213
231,93
7,202
138,90
43,252
27,70
151,222
186,88
116,10
36,231
166,122
179,197
250,208
170,159
62,200
97,256
201,153
39,241
90,220
255,198
58,82
170,16
69,159
109,239
222,112
131,176
220,187
2,183
133,52
141,194
63,37
124,13
212,68
180,126
16,131
212,165
40,33
209,18
107,19
24,140
50,244
225,32
181,206
177,7
77,46
82,7
155,3
89,119
234,26
213,156
7,163
32,114
85,229
148,143
71,64
72,239
9,172
58,204
210,214
49,14
34,112
209,121
66,152
149,142
59,15
96,188
0,161
178,200
52,223
131,215
12,120
178,7
165,219
185,58
6,215
83,242
148,173
131,234
97,20
209,237
92,30
89,38
168,199
203,40
96,37
195,15
67,130
123,141
149,145
6,234
32,161
200,194
201,23
188,154
132,18
123,198
46,210
67,157
240,14
94,236
66,42
160,223
49,38
128,181
111,181
211,176
87,67
41,242
57,125
30,54
177,248
98,242
11,9
100,199
101,89
92,110
182,159
225,50
240,48
55,97
123,167
88,241
94,132
59,213
23,175
121,88
44,38
15,216
185,197
96,98
56,214
56,97
134,153
41,202
50,165
103,228
39,151
218,246
254,209
188,168
232,100
113,108
6,236
184,223
133,180
164,3
250,78
66,177
44,101
193,180
180,75
241,112
58,248
50,99
79,75
202,126
150,22
181,122
192,159
177,202
240,102
7,5
181,41
146,242
35,92
65,50
78,215
223,70
107,86
101,25
41,181
139,192
25,31
197,162
76,87
81,51
63,201
132,15
158,113
2,52
141,146
92,224
134,157
72,97
28,104
179,235
113,210
228,48
229,157
214,111
150,135
155,20
50,59
43,179
84,72
40,64
104,4
60,63
26,89
105,28
21,49
69,87
29,216
217,193
14,253
94,117
160,64
116,183
124,88
232,175
175,248
145,226
62,39
45,17
3,253
14,150
71,20
247,164
158,33
160,40
35,249
27,38
188,60
237,249
62,144
59,213
204,63
190,99
80,45
213,228
62,192
181,106
230,227
103,45
7,231
126,253
138,162
180,178
20,35
84,104
100,167
93,85
255,246
212,249
225,199
19,96
94,153
251,101
17,198
62,63
49,155
132,200
87,142
57,8
97,218
118,222
243,150
179,15
55,243
146,104
181,229
71,155
225,232
176,236
214,203
7,44
140,233
138,120
122,134
59,11
121,113
23,126
18,241
118,50
208,70
182,143
200,227
198,3
189,117
89,63
57,247
138,5
10,139
43,68
214,230
141,51
20,211
203,47
87,82
221,243
72,104
126,110
0,70
34,97
249,226
5,97
241,128
149,99
102,17
56,176
18,133
162,242
32,256
218,95
108,121
111,237
136,218
54,94
28,215
179,34
193,198
248,223
188,137
201,217
247,178
47,30
100,165
171,36
103,154
177,184
154,48
222,54
28,76
254,126
212,136
46,44
245,91
149,188
88,31
220,17
63,81
205,20
88,241
75,173
169,151
20,51
183,44
197,134
213,180
46,244
39,219
230,47
41,5
162,197
38,2
229,179
2,128
118,205
50,218
191,93
163,205
131,199
27,34
209,188
49,107
164,33
221,162
105,79
145,255
217,127
226,221
249,79
228,117
150,147
91,202
123,22
139,87
154,84
20,210
231,191
3,12
98,71
113,91
72,35
207,139
126,238
78,7
105,144
19,149
204,248
234,61
6,109
97,119
247,164
56,184
184,66
93,223
190,80
164,65
102,116
208,74
59,117
131,146
157,117
219,105
170,44
79,241
251,208
241,251
226,47
7,48
145,23
155,119
178,42
166,18
160,115
234,14
117,67
207,97
86,137
43,106
10,81
61,150
85,182
242,56
246,184
4,181
77,129
180,242
19,126
134,192
233,23
228,86
111,159
125,80
99,93
119,144
48,115
201,141
101,148
168,47
76,244
16,14
71,65
17,152
37,240
61,96
69,47
251,82
39,224
123,18
3,188
31,242
209,172
94,214
214,143
75,179
80,183
46,177
190,188
200,71
55,231
22,229
102,44
247,172
195,95
234,157
239,13
78,212
173,205
215,250
42,27
238,143
34,139
67,12
109,182
253,107
170,77
243,175
59,109
61,69
62,95
221,128
138,26
56,95
166,198
250,154
9,23
163,132
172,162
225,79
194,38
69,125
67,43
222,219
111,189
30,250
43,144
87,196
160,181
88,105
49,212
189,9
157,14
252,193
75,249
80,52
24,109
175,206
147,142
40,18
148,88
95,241
87,17
201,2
177,228
256,152
177,206
134,75
245,114
50,203
38,71
98,157
228,18
213,180
55,202
204,107
102,219
237,217
171,118
10,37
80,19
40,183
50,182
37,191
74,43
255,55
41,132
98,118
209,210
21,26
124,32
13,14
61,46
177,186
108,159
142,58
58,158
190,165
215,93
127,234
178,120
223,127
224,213
156,248
133,149
50,122
160,125
191,120
122,134
188,35
56,47
90,186
223,86
126,22
96,32
39,234
142,181
118,110
194,252
21,49
217,63
223,158
79,102
212,67
20,47
151,52
150,248
185,34
182,76
53,38
105,239
249,84
242,132
211,9
33,43
160,243
145,100
42,144
227,59
85,14
156,144
188,84
184,142
83,19
89,48
97,171
170,199
169,201
210,72
147,68
223,133
179,170
17,227
59,47
167,233
256,62
233,151
71,80
152,2
226,60
230,163
194,105
46,61
232,159
13,217
168,111
221,45
104,194
256,213
155,212
6,222
74,106
134,249
41,63
222,51
23,60
59,128
75,166
82,49
29,183
121,187
149,32
195,214
117,63
98,114
125,87
118,79
239,107
30,104
105,41
115,149
152,255
35,88
83,211
104,17
225,38
159,102
144,47
244,247
117,45
141,252
188,184
122,148
38,254
226,134
190,13
246,92
107,120
76,69
109,56
59,74
199,179
200,153
52,40
83,35
127,40
81,155
30,25
60,72
109,230
38,189
63,181
62,73
60,211
176,56
159,243
119,97
157,138
14,146
5,138
92,124
210,111
108,97
46,209
20,138
223,212
21,68
121,254
159,154
148,91
202,239
74,105
161,210
254,197
3,255
118,26
52,15
71,189
166,159
178,248
76,231
171,109
244,92
255,103
184,27
54,173
178,147
46,198
172,38
125,174
244,187
224,230
215,37
101,18
179,209
105,255
239,16
223,1
146,212
221,218
118,107
12,109
188,172
157,28
172,227
188,131
216,183
36,93
85,172
39,220
192,78
4,232
142,175
95,158
117,256
212,36
115,78
68,69
244,94
57,5
188,138
129,218
167,229
91,65
218,43
95,141
225,159
14,215
23,66
181,59
103,84
74,192
254,168
70,40
196,117
179,72
69,17
1,98
2,90
194,128
123,17
14,213
203,194
180,181
114,35
123,255
185,104
246,136
239,199
219,47
177,94
222,174
53,139
116,29
3,238
256,63
67,186
132,214
40,7
38,39
62,14
128,124
146,171
130,191
218,152
173,199
89,56
66,129
142,196
5,95
38,190
12,5
184,192
38,23
236,12
249,102
149,253
64,248
91,195
129,40
51,100
48,191
167,136
104,122
246,135
249,143
171,87
43,66
96,75
72,251
12,96
214,152
250,112
197,128
83,72
19,214
185,52
118,27
41,85
95,152
102,161
174,96
118,43
113,246
170,10
143,38
242,142
188,156
196,61
142,202
101,171
22,29
168,142
43,238
116,71
161,202
63,115
205,242
251,104
202,175
162,221
45,166
181,146
71,64
111,109
146,63
227,94
146,234
144,92
87,183
102,1
148,165
132,64
157,49
249,171
8,196
137,117
82,127
119,27
57,133
1,107
105,212
161,50
198,9
118,227
54,130
49,75
18,160
149,147
218,180
193,176
221,86
213,113
171,100
242,82
184,34
213,96
143,226
182,67
12,17
31,68
63,198
137,57
80,59
148,20
64,215
129,103
196,179
154,229
59,35
15,153
25,142
72,239
209,155
206,249
134,196
158,142
76,109
44,107
154,164
149,130
22,220
205,205
179,88
0,117
38,155
241,253
158,223
154,253
101,40
28,125
132,145
63,100
63,109
195,176
1,231
36,104
117,162
49,168
49,6
200,226
253,133
206,140
29,20
208,233
11,221
30,197
128,174
88,8
229,159
130,62
64,31
19,20
19,202
86,20
145,192
59,208
227,132
122,24
143,183
183,82
99,229
230,70
61,43
84,74
228,200
253,189
246,157
179,145
92,192
193,159
231,155
202,43
58,147
105,178
129,159
17,190
246,37
4,232
115,135
210,249
80,158
149,199
4,2
183,107
215,53
251,100
98,68
82,154
50,193
80,184
242,221
86,126
250,147
34,166
14,75
75,91
27,252
23,137
48,185
216,179
120,29
223,143
163,229
12,46
254,53
134,46
256,171
53,78
255,151
155,103
114,43
111,52
215,125
2,50
169,105
29,160
192,58
255,91
133,150
12,101
72,55
25,85
8,240
28,223
168,72
101,116
110,24
152,174
41,45
162,54
59,66
238,74
106,39
144,218
2,108
42,164
33,211
160,185
120,161
12,200
4,67
247,132
100,195
195,47
70,156
187,114
1,18
94,2
107,227
82,43
251,219
4,242
7,159
168,244
169,210
139,154
255,219
134,170
105,215
224,78
63,16
239,104
3,183
206,5
54,191
138,85
253,96
32,206
13,98
153,56
7,32
212,57
79,73
37,80
38,17
97,256
224,253
71,11
15,236
12,230
5,76
236,73
149,236
90,165
229,16
202,120
203,232
43,153
255,89
76,245
189,8
4,48
253,102
18,147
192,204
147,175
49,203
49,53
13,251
139,23
106,240
217,63
174,60
203,222
218,131
120,90
191,132
237,150
53,43
79,254
203,151
116,135
34,191
215,170
124,125
182,117
230,154
16,226
49,120
0,64
82,150
115,108
158,134
100,196
72,126
164,113
151,59
212,200
236,166
174,126
111,25
250,18
29,80
176,138
187,60
61,80
70,229
123,49
231,139
70,212
46,81
57,247
211,235
209,154
27,180
197,132
104,143
47,175
53,151
74,234
171,94
166,223
245,41
183,68
128,153
27,112
104,249
63,139
18,168
97,199
18,44
60,135
134,211
38,204
19,2
76,199
118,226
120,193
133,217
25,8
112,252
241,215
89,127
59,149
121,107
195,4
152,91
62,60
211,24
175,97
29,222
148,33
80,65
15,143
32,92
219,208
98,86
219,100
63,213
216,91
160,200
248,132
212,27
31,203
242,78
161,122
17,30
188,134
128,172
69,61
89,119
236,237
200,174
113,23
16,56
200,213
8,175
89,204
239,105
176,96
256,80
233,63
158,19
146,140
206,221
226,122
221,254
118,141
60,135
188,224
153,240
132,242
121,86
161,211
152,170
127,235
195,35
178,247
186,70
117,180
242,87
241,0
148,114
167,255
191,61
4,166
146,151
216,203
230,33
21,176
56,14
158,9
89,255
134,250
86,85
142,16
252,75
129,99
65,137
150,128
105,97
239,250
246,129
241,12
202,179
51,30
68,45
65,77
226,92
39,118
133,10
25,57
13,34
27,55
81,118
229,41
127,167
241,158
237,135
215,193
142,4
213,134
252,163
78,206
68,190
172,179
11,250
48,254
64,67
104,34
150,30
222,245
253,29
118,150
190,169
20,236
87,86
172,201
10,57
121,96
224,50
38,0
193,42
66,18
133,0
221,139
61,68
190,14
29,40
204,118
180,85
146,130
9,247
94,20
75,147
112,99
120,219
149,234
153,16
252,223
73,124
30,65
132,221
226,209
250,97
238,148
23,156
173,2
232,254
26,225
32,144
212,230
47,176
188,101
30,195
153,205
197,234
37,150
196,198
118,250
162,124
45,156
181,87
243,97
201,160
85,45
233,55
126,0
111,159
35,234
156,91
71,161
227,242
127,219
17,209
238,202
93,195
173,64
55,178
154,57
48,30
89,16
21,33
38,88
59,146
115,216
78,21
101,250
95,145
255,230
136,178
162,8
107,29
234,245
105,161
120,91
145,243
15,236
107,40
175,240
32,174
143,124
183,28
169,7
213,112
209,177
39,252
241,87
97,69
171,8
121,156
224,193
226,129
179,161
95,68
239,115
10,108
8,81
240,41
180,247
55,127
255,232
236,26
164,179
43,82
47,67
52,25
58,7
44,72
72,104
143,42
199,98
198,158
196,76
240,228
56,179
153,182
85,77
0,162
102,123
92,111
229,50
216,188
116,11
253,111
68,89
156,176
103,224
188,53
76,79
121,151
104,235
118,16
134,118
38,84
12,48
41,238
136,71
164,37
105,227
253,234
240,28
184,217
79,3
239,150
135,38
152,200
67,132
198,201
77,61
34,60
10,35
16,210
190,165
172,164
214,63
228,150
51,92
205,13
113,158
115,81
68,140
110,145
224,89
54,36
212,166
232,220
76,245
252,255
115,161
56,224
96,60
198,39
238,84
105,102
70,91
255,123
79,171
28,124
222,8
102,210
10,253
158,96
218,149
6,99
234,245
113,146
68,71
171,119
28,40
237,77
177,105
172,25
165,178
67,43
179,173
189,34
140,86
111,22
43,167
155,52
72,61
171,169
229,24
122,221
240,43
70,228
146,249
41,50
86,47
99,146
136,16
171,215
108,249
197,91
14,234
224,212
221,118
66,165
206,101
95,241
230,93
95,54
91,94
16,218
127,75
255,98
214,206
17,255
80,79
61,14
253,195
150,224
181,94
191,66
68,199
142,9
105,116
253,150
124,121
132,132
145,23
183,4
145,170
0,36
190,217
76,236
174,102
41,12
235,235
246,79
92,230
190,30
145,215
30,157
186,170
199,54
169,166
46,108
220,152
25,94
32,106
160,26
90,94
3,196
122,233
27,114
152,5
83,218
127,193
146,73
0,119
82,186
218,30
197,195
52,226
163,45
155,54
21,179
163,28
7,117
184,82
52,86
96,175
231,103
30,59
180,171
207,81
143,125
89,33
16,132
129,254
174,68
234,148
103,145
92,131
52,252
221,91
204,29
242,161
177,162
241,69
190,57
200,146
99,221
151,186
71,220
62,227
30,218
46,153
209,157
242,146
80,95
30,93
83,189
25,199
163,18
84,79
99,105
96,154
245,68
171,141
215,106
198,223
176,1
94,72
15,16
128,14
11,239
132,52
13,40
254,222
162,149
17,56
73,186
252,235
140,11
253,116
46,156
22,106
77,239
49,183
200,233
105,237
201,233
252,134
223,201
236,3
248,78
40,193
41,208
80,125
93,189
194,69
181,86
158,26
129,146
30,7
232,203
78,225
187,13
150,222
92,226
81,157
221,207
249,34
24,121
113,238
176,48
47,82
162,48
13,18
209,256
217,173
228,211
83,69
185,93
109,67
78,97
68,22
147,234
189,153
160,189
49,8
187,180
8,132
148,116
29,176
7,185
96,204
143,112
245,62
217,46
150,228
173,79
6,180
50,256
21,53
8,254
25,218
6,88
239,180
73,170
101,127
136,249
205,189
91,250
164,58
61,113
83,83
88,161
211,119
22,4
34,127
72,136
78,23
247,255
201,161
163,173
225,149
249,87
188,84
142,185
176,52
118,135
106,54
233,58
50,127
114,195
162,58
39,163
85,130
206,101
242,186
161,72
82,248
187,187
69,59
229,118
221,29
46,199
200,236
225,121
180,176
26,122
125,188
218,120
37,166
42,88
103,175
130,2
251,57
245,60
95,67
171,198
77,117
15,240
226,233
129,5
253,12
55,212
9,208
237,65
95,159
165,143
143,234
123,217
149,66
19,201
70,133
3,59
181,93
18,145
146,186
22,241
69,210
99,32
38,17
250,250
150,60
165,95
206,109
182,70
211,100
136,140
49,51
16,2
36,253
197,233
45,21
49,140
244,185
225,122
137,241
199,221
72,60
25,149
72,162
17,203
20,192
156,159
147,11
120,110
244,239
171,55
145,203
21,11
212,53
164,23
189,4
16,232
3,75
244,111
61,70
252,166
256,102
213,79
51,59
39,183
150,15
253,117
55,10
208,251
43,98
239,73
167,74
224,53
108,105
204,91
75,224
142,127
243,183
57,52
178,227
134,61
97,145
200,103
138,48
126,178
216,29
138,227
15,101
251,4
88,243
18,19
208,70
58,2
16,226
120,43
47,231
31,66
134,90
132,9
84,133
177,40
219,120
73,149
68,38
11,33
10,252
231,48
104,143
71,98
97,156
232,51
152,21
244,17
79,230
17,186
248,229
207,228
82,234
184,81
77,27
114,76
107,77
247,136
116,29
219,171
137,61
249,174
200,143
151,231
207,99
97,45
186,135
133,215
250,199
213,25
209,48
128,117
15,18
119,89
253,229
36,95
150,54
158,83
9,27
169,90
137,192
212,61
137,198
192,155
205,57
132,118
29,157
88,176
31,228
32,160
106,142
206,66
211,50
167,104
214,246
210,72
254,4
210,161
121,41
100,84
57,217
36,32
250,28
37,170
231,240
44,230
124,14
134,34
168,9
102,197
188,85
58,207
63,195
14,124
78,133
52,193
156,45
75,6
27,155
205,247
126,252
208,176
80,230
47,155
84,155
222,100
158,248
48,245
64,22
94,52
78,19
134,2
153,18
44,127
156,198
209,8
25,58
21,202
64,253
41,117
190,239
163,177
247,42
229,58
40,72
196,242
34,142
55,122
216,83
72,95
167,227
9,9
59,46
225,52
172,125
168,154
240,11
197,196
239,179
166,115
253,111
199,175
49,227
133,124
196,139
147,68
71,207
163,213
215,97
3,148
159,95
147,169
77,44
240,189
49,131
93,63
176,42
120,196
59,168
0,61
102,63
41,26
204,256
221,169
147,71
4,136
95,112
131,38
66,132
183,134
249,148
209,2
169,102
256,207
126,104
200,62
39,171
241,181
28,186
130,241
109,173
186,133
131,28
108,31
183,211
245,64
148,162
19,191
159,60
194,185
106,133
41,236
23,84
206,50
112,118
250,235
92,222
235,156
182,4
135,195
26,249
53,213
45,91
181,189
243,212
198,34
203,32
62,219
245,67
238,61
140,46
9,177
153,87
218,130
54,254
74,247
231,58
129,104
69,48
26,32
202,178
33,63
251,48
248,219
116,166
210,164
110,85
83,191
197,140
112,228
25,93
202,84
169,149
91,0
170,229
95,56
160,26
252,102
133,13
114,105
220,144
232,123
100,186
25,161
42,230
81,70
114,181
22,133
166,142
256,186
181,77
109,235
211,68
187,231
230,35
132,199
159,131
32,186
145,160
38,173
148,67
192,253
222,12
29,108
235,207
191,175
164,226
99,255
55,18
93,146
21,253
212,103
39,82
177,44
197,222
224,48
142,187
55,114
174,80
70,207
241,26
245,127
225,76
83,116
34,175
194,0
198,40
167,229
4,159
34,222
84,48
222,1
94,34
194,178
44,6
253,65
146,14
236,143
163,63
208,156
48,85
8,71
164,103
72,10
55,109
77,183
141,55
130,29
131,111
26,163
169,0
84,119
97,82
34,29
142,76
125,168
139,224
116,26
16,98
218,51
156,184
163,44
251,87
208,195
154,45
11,246
36,163
93,20
64,92
187,235
3,13
217,233
76,169
25,148
170,208
123,79
239,35
107,29
225,51
57,162
224,130
107,218
237,167
218,175
185,92
161,132
41,208
109,46
133,242
12,149
162,62
142,190
129,226
49,159
57,159
230,197
244,51
213,80
198,252
197,158
91,134
223,239
179,109
230,22
115,197
25,220
196,51
20,216
121,184
171,209
71,235
36,81
191,134
248,95
3,254
206,28
142,144
72,224
115,106
115,116
165,247
210,193
255,135
82,26
212,94
255,172
187,230
126,194
178,21
46,38
17,19
176,225
76,146
88,241
202,245
13,122
157,110
255,249
165,219
60,88
39,213
101,233
65,117
212,122
7,115
152,56
221,209
99,148
15,196
236,172
105,187
237,155
90,226
237,156
166,161
157,9
217,92
137,41
46,148
59,160
241,232
4,34
129,96
73,83
90,112
102,214
205,87
102,157
45,49
220,173
3,56
115,56
19,57
28,20
206,65
211,244
228,67
209,232
36,46
196,210
101,19
95,30
8,103
42,66
69,199
194,122
210,179
118,22
232,255
130,139
177,101
103,61
17,184
1,121
194,199
226,96
173,98
152,105
161,244
215,167
142,95
48,23
133,195
67,7
113,100
70,228
19,122
103,180
251,165
160,13
209,124
239,13
230,70
226,34
29,153
99,82
135,214
50,49
0,26
244,215
35,174
219,40
79,86
150,176
142,231
110,100
143,19
157,151
7,194
124,239
142,54
72,85
68,250
216,129
45,51
14,240
199,139
184,44
248,91
99,240
37,226
154,163
228,155
227,203
228,9
228,246
28,27
82,114
60,235
131,37
163,245
183,210
107,247
93,235
208,88
93,241
38,22
88,234
128,23
197,39
63,80
56,163
142,79
63,206
155,171
196,86
234,20
233,246
205,229
214,55
67,79
184,78
163,207
12,250
164,225
110,111
68,195
78,136
59,95
26,131
9,190
75,78
8,210
166,3
9,145
111,255
43,200
5,118
105,214
98,100
24,156
117,182
256,244
214,105
52,152
136,217
244,5
194,1
252,29
126,134
147,124
5,231
6,210
200,78
174,18
67,103
95,18
143,85
129,215
226,137
18,44
25,49
127,165
118,171
28,57
75,131
120,17
61,171
196,136
226,110
121,17
126,171
152,106
25,141
12,180
169,112
169,172
122,151
79,80
143,83
23,41
100,106
100,155
73,218
182,216
94,198
205,122
38,159
71,162
84,119
173,25
182,192
195,143
172,202
101,63
241,18
97,53
10,228
137,226
92,172
227,34
105,39
79,139
76,96
228,133
180,107
173,176
161,24
65,142
190,203
95,181
236,65
38,178
196,155
238,189
44,203
37,4
199,244
200,49
180,125
220,3
104,135
225,36
98,40
30,37
2,14
218,244
89,107
110,251
94,98
176,119
200,177
214,250
109,117
46,78
121,44
39,186
231,64
188,255
222,97
145,63
87,145
216,93
197,11
183,95
41,186
23,110
239,241
86,120
184,167
123,80
15,246
206,179
143,112
5,192
89,247
53,23
94,189
188,173
131,121
145,211
144,63
145,178
10,11
146,54
48,256
13,76
216,83
138,143
6,65
44,52
60,224
182,98
135,254
237,120
240,109
253,102
157,203
228,202
194,255
128,222
187,182
243,122
124,67
205,216
169,82
190,9
139,236
254,178
229,63
166,117
140,240
11,240
73,70
201,197
182,178
228,204
208,71
254,76
201,227
152,154
73,240
80,243
155,117
132,203
116,67
3,13
43,207
135,213
11,53
131,238
125,108
146,101
229,247
129,24
232,149
63,93
151,183
129,96
6,240
117,17
41,223
3,222
61,68
75,92
245,188
227,206
151,185
217,193
173,72
10,205
46,252
59,246
114,144
93,226
231,75
236,206
160,110
237,173
103,213
238,254
145,1
209,123
241,104
229,99
147,102
183,250
226,126
206,200
119,32
240,175
186,70
154,206
195,214
142,45
63,23
117,2
226,86
172,193
1,246
57,122
5,220
245,132
252,35
78,238
188,36
99,0
9,228
13,48
143,143
102,4
38,40
13,6
65,256
141,244
247,48
114,71
91,85
43,15
126,44
77,2
205,211
251,94
161,84
108,90
233,114
76,21
111,45
227,160
77,92
224,124
224,227
226,138
196,182
108,85
199,218
149,227
131,230
164,53
52,254
8,66
163,143
130,17
112,118
38,164
245,74
87,200
9,2
210,78
56,248
150,45
128,196
252,122
109,213
149,253
52,167
76,27
82,129
197,110
73,121
72,64
13,40
179,202
222,6
107,169
24,93
5,92
106,207
249,168
175,188
58,79
49,172
26,207
141,129
179,70
82,91
126,150
66,167
71,127
29,109
42,84
154,213
104,160
101,95
248,72
102,179
53,106
164,164
63,131
193,137
239,244
154,254
33,85
217,243
109,162
62,155
194,254
7,35
14,77
241,202
230,10
32,208
83,101
69,255
140,54
71,137
135,77
233,246
8,189
65,79
209,26
211,138
232,93
249,214
102,46
115,75
183,102
21,65
215,92
103,67
249,65
166,216
57,77
108,188
45,84
23,132
196,57
88,219
55,186
106,106
169,225
28,230
155,158
199,16
95,60
221,112
218,53
26,25
233,77
194,104
191,214
172,30
102,62
66,207
147,224
133,231
94,200
111,126
150,135
131,220
94,164
113,67
216,88
48,23
106,215
120,214
17,202
125,127
191,216
131,163
105,106
69,76
69,220
175,175
3,233
58,39
220,160
112,109
62,183
17,254
214,180
163,149
183,224
186,60
80,85
30,39
126,204
183,221
200,134
199,237
242,56
177,74
148,216
160,113
170,204
237,198
175,205
4,72
53,67
192,1
75,202
77,140
85,215
90,80
206,57
94,84
99,168
127,34
256,139
0,67
118,153
15,118
99,82
47,109
249,203
1,247
152,64
253,136
138,99
250,209
168,204
243,77
138,162
18,74
157,32
99,207
166,161
139,140
139,15
90,164
133,172
3,232
81,70
219,126
87,104
172,163
63,66
47,90
130,158
9,85
227,65
155,43
240,12
180,7
245,134
107,210
90,207
155,105
131,185
203,80
252,23
224,119
216,181
25,39
195,182
51,1
213,83
150,16
159,68
27,37
114,146
71,206
36,0
147,76
39,115
151,224
101,104
183,10
94,36
84,84
207,10
205,126
1,3
213,58
222,238
203,113
75,186
116,117
58,199
128,129
207,19
211,165
131,224
208,89
106,55
209,248
234,167
35,187
203,157
12,248
200,108
35,130
154,234
69,185
252,160
54,24
250,117
73,169
173,46
140,137
189,0
27,11
70,104
66,144
77,196
67,172
170,76
121,77
176,37
158,79
210,136
148,198
111,113
209,40
101,188
211,222
231,169
62,71
46,24
65,15
109,0
107,253
62,199
133,17
4,58
44,122
50,205
207,25
106,241
193,24
33,161
34,220
189,235
23,66
67,147
241,132
235,85
78,108
122,225
74,111
46,195
64,206
19,37
148,14
58,117
219,94
204,191
230,172
158,150
87,38
5,90
55,212
178,157
208,84
235,103
14,49
94,88
178,88
91,231
88,27
89,221
26,36
168,46
105,170
83,20
32,216
46,28
221,41
191,146
35,253
75,69
154,209
37,138
128,5
185,233
229,185
188,15
138,99
136,67
73,44
85,98
18,76
16,68
251,28
155,39
107,84
256,229
203,113
141,21
221,170
157,188
223,56
193,195
99,246
219,198
63,11
72,112
6,49
37,248
42,50
27,64
54,190
224,37
7,67
196,2
234,186
224,190
154,232
251,122
4,111
125,95
163,137
85,47
185,22
177,213
153,185
111,64
114,96
205,221
63,166
232,142
185,207
138,135
103,69
200,238
191,25
48,148
140,141
156,79
204,111
32,70
164,67
18,34
240,9
67,166
239,63
208,50
9,31
152,108
149,158
244,65
207,205
162,250
38,133
132,56
169,181
49,95
29,152
16,112
59,124
253,217
72,81
134,15
10,200
56,102
186,25
49,127
253,240
144,123
53,235
41,234
72,143
183,11
167,196
134,100
100,148
137,78
41,55
233,111
217,163
217,124
1,255
200,223
162,7
189,121
215,13
101,136
140,32
48,171
163,60
158,223
225,50
45,244
253,134
180,8
153,54
157,84
115,31
88,53
157,87
32,248
56,107
214,94
211,177
73,125
22,8
206,1
1,247
145,110
119,46
66,196
198,154
3,125
164,72
42,210
47,220
185,88
108,136
200,58
214,61
96,52
253,102
181,161
168,97
157,119
83,39
240,73
80,43
46,255
170,124
70,112
43,183
172,111
6,156
103,147
54,52
128,169
193,33
109,242
161,89
243,22
42,79
79,142
241,186
31,26
110,255
85,102
85,142
204,183
124,194
96,48
147,114
248,102
180,241
117,104
177,43
98,147
166,140
51,118
65,190
81,111
163,233
7,18
181,23
174,237
47,145
146,242
238,153
52,5
211,172
138,133
158,145
118,18
249,203
255,68
40,99
143,102
40,86
76,205
104,27
223,33
124,7
168,117
150,202
191,129
67,107
59,205
170,51
107,21
11,227
134,232
34,149
73,243
133,204
39,140
99,20
184,172
139,65
29,86
220,41
59,174
242,164
151,18
178,101
240,165
254,30
223,112
84,16
125,201
78,128
150,125
48,4
137,197
138,208
24,240
239,168
72,162
84,175
199,143
200,62
116,237
71,107
105,48
141,34
216,38
215,129
137,57
68,155
200,166
10,250
8,252
24,119
111,46
193,179
140,150
169,60
38,244
152,61
140,233
159,114
137,3
165,14
16,203
151,149
22,139
131,93
120,223
117,251
158,177
218,22
16,206
60,217
141,179
222,168
22,35
104,127
177,93
160,84
66,217
30,35
32,11
241,78
117,2
145,175
155,6
174,13
49,245
142,123
155,163
2,65
217,10
55,188
165,123
35,139
107,171
82,96
201,171
134,135
68,97
125,243
232,104
197,38
233,79
76,21
253,193
55,151
50,220
232,248
39,230
254,2
101,11
68,203
161,124
169,195
224,256
128,38
47,63
226,135
77,128
47,42
251,94
127,97
48,17
172,175
0,80
165,249
230,145
44,70
72,116
23,201
249,5
12,4
119,183
93,24
122,46
67,172
159,225
44,61
29,17
104,221
11,214
67,31
10,117
200,80
4,119
169,156
147,228
15,162
170,138
157,236
14,59
88,249
166,227
73,104
98,39
158,52
59,153
192,96
89,70
143,79
249,196
93,214
249,73
53,121
85,80
46,99
166,105
141,232
248,58
37,12
252,21
22,4
219,93
20,141
201,144
209,10
53,233
79,119
235,255
127,219
5,177
17,144
64,92
248,90
50,93
217,115
167,20
78,65
244,53
207,40
80,140
88,157
126,145
213,146
192,35
94,143
200,45
24,132
200,155
41,175
242,251
225,104
176,28
95,186
66,205
89,51
49,46
223,111
191,67
218,69
153,170
210,79
167,163
94,56
235,126
249,155
53,147
15,9
66,174
29,112
122,246
170,206
9,148
255,189
91,189
253,218
35,211
1,17
13,103
202,164
12,248
233,109
80,180
38,233
36,163
214,176
41,227
46,23
130,252
4,182
160,176
61,206
243,169
147,28
208,19
222,157
233,117
45,23
117,56
146,228
185,201
136,14
222,147
46,207
152,17
182,0
231,125
69,33
132,137
249,137
30,66
179,137
175,62
78,119
58,96
7,130
106,20
146,97
35,57
230,255
213,113
105,134
181,226
116,27
208,195
16,149
175,154
195,75
180,110
147,87
109,233
104,222
200,129
70,227
180,30
166,124
27,93
228,199
161,7
56,11
14,80
32,194
129,214
161,181
133,187
44,132
141,206
6,102
71,113
234,145
90,210
48,100
118,97
199,64
14,150
95,80
121,171
191,194
95,120
107,110
180,74
123,213
160,122
97,164
209,44
255,79
11,223
231,204
129,201
172,107
140,205
141,108
156,127
242,97
172,188
44,187
164,240
237,82
152,106
185,11
26,109
226,69
64,84
66,214
183,93
131,246
198,63
83,99
169,241
184,254
248,165
79,41
218,179
217,216
169,156
68,247
243,112
68,164
242,236
124,156
153,92
163,242
155,143
186,80
184,162
225,246
57,253
205,48
155,147
126,68
129,63
64,105
9,31
112,216
209,13
149,81
117,183
60,202
52,202
215,30
181,226
15,123
180,147
47,110
124,124
140,246
181,246
52,177
211,149
64,58
54,251
3,153
203,192
39,96
20,30
108,13
4,143
251,232
213,134
213,210
48,2
85,32
120,201
170,157
144,121
94,5
138,135
152,59
221,126
69,236
183,36
187,171
186,43
72,214
222,59
240,58
65,194
253,104
188,36
229,152
62,8
106,57
89,32
234,156
127,54
249,62
224,68
166,119
28,150
183,127
202,37
108,222
200,77
145,76
210,198
212,223
197,83
49,173
75,201
74,238
150,183
62,130
181,238
181,82
121,43
182,256
167,29
14,123
101,68
0,217
105,168
246,60
0,89
51,106
177,81
64,159
45,193
2,64
161,95
36,78
110,87
40,192
102,39
195,14
179,91
240,16
149,208
109,239
208,102
10,140
255,132
161,12
214,47
253,89
204,108
65,115
128,20
132,31
137,254
135,202
129,132
5,219
222,155
62,23
35,182
36,32
197,22
92,89
15,168
178,185
220,127
177,108
151,38
188,118
250,72
77,72
177,105
72,201
181,252
139,251
61,121
147,198
61,130
204,173
75,241
208,236
227,70
179,110
217,122
161,135
4,66
199,141
200,145
228,60
77,147
172,80
190,222
253,252
192,138
172,197
128,31
252,69
27,107
89,94
65,248
198,237
100,226
130,126
155,234
221,243
31,120
29,235
9,59
11,61
54,56
76,215
102,137
208,6
82,249
251,137
139,49
186,110
111,130
32,144
205,136
5,7
228,252
10,221
54,229
62,66
6,132
26,60
232,55
194,214
146,206
21,118
119,66
125,200
143,27
155,215
15,256
31,137
231,2
44,136
222,18
117,152
167,117
236,19
204,120
104,50
80,198
132,140
59,213
180,115
11,33
1,4
193,89
56,229
85,190
23,231
215,92
136,100
236,172
38,105
251,203
59,139
248,254
91,227
137,250
86,0
159,229
50,7
2,83
211,122
86,81
220,158
46,158
133,78
116,126
122,78
197,132
104,212
153,178
156,224
210,247
85,58
22,225
11,247
29,131
3,173
41,240
220,6
120,16
70,56
34,103
207,73
230,30
248,132
177,158
32,253
192,202
138,110
175,188
6,93
188,223
37,127
91,215
197,201
234,160
92,14
28,168
82,105
250,129
20,46
253,210
235,45
219,134
85,186
255,189
53,165
120,236
104,126
28,21
199,95
160,115
57,52
194,97
72,209
144,37
236,81
20,87
236,59
165,160
121,50
78,85
109,218
229,184
198,156
48,71
12,55
90,7
256,3
92,202
118,72
42,218
24,251
148,143
238,176
138,118
43,113
35,56
165,150
118,88
124,184
96,199
107,127
34,221
167,190
130,152
83,146
185,143
14,173
251,233
7,38
242,90
158,153
35,6
94,58
119,122
150,82
41,153
59,31
112,150
21,29
52,122
203,251
4,244
166,17
42,39
39,146
222,104
169,214
238,117
162,189
80,245
250,142
28,176
66,143
1,108
175,52
194,243
67,197
127,208
247,131
202,228
195,226
78,119
254,139
37,70
187,253
124,153
108,184
253,255
28,249
224,241
6,16
251,206
73,54
61,113
59,119
201,124
240,214
189,72
181,203
218,244
179,15
236,137
8,93
191,161
186,5
227,121
123,209
83,119
176,23
25,40
240,181
10,1
110,150
242,232
27,23
113,195
30,117
12,61
157,204
128,36
34,25
151,83
69,235
251,231
113,254
224,23
15,256
114,158
85,70
164,47
144,7
40,212
214,151
242,166
25,17
165,99
82,71
220,15
119,188
66,125
198,138
82,230
6,111
83,47
77,47
221,135
181,91
95,194
140,62
122,40
184,86
28,40
126,102
180,197
104,15
44,123
81,84
183,10
236,90
219,13
202,75
13,47
20,195
139,157
19,46
211,155
159,132
63,46
205,185
16,52
203,23
229,18
63,104
248,30
38,50
54,164
166,169
72,156
166,124
199,242
124,191
211,81
128,11
186,241
80,65
97,13
112,58
156,256
236,75
166,247
228,211
78,10
123,217
207,5
162,162
236,154
107,53
211,220
159,119
65,192
104,55
194,97
77,108
151,224
126,222
145,64
201,106
183,150
164,4
168,2
120,253
38,42
31,51
12,95
157,24
57,240
62,205
141,17
177,2
71,38
36,238
229,183
169,126
193,32
117,34
25,216
177,83
131,70
110,48
72,184
197,240
88,57
128,59
100,255
175,5
79,52
24,244
152,116
177,161
248,178
26,133
228,82
68,225
35,178
76,161
105,250
63,168
69,203
40,124
115,64
127,123
130,106
161,127
150,96
101,32
103,187
91,142
60,162
211,84
223,82
131,24
183,9
251,247
97,213
188,242
119,1
69,190
65,139
12,231
104,119
226,206
79,74
104,54
142,33
45,186
76,4
7,160
165,227
31,197
255,151
124,66
100,38
209,85
239,205
107,117
192,80
116,241
176,141
75,241
133,117
188,254
49,194
55,53
219,125
104,25
12,163
250,96
123,27
151,62
3,211
229,21
118,87
85,194
235,239
28,15
113,31
178,143
256,107
22,8
76,195
11,250
111,136
132,153
152,40
71,7
19,43
42,85
204,129
152,154
208,157
236,171
149,78
188,47
86,105
192,74
115,204
76,97
69,18
234,13
171,161
42,113
233,242
124,75
222,151
218,123
58,246
184,194
63,85
135,116
64,211
45,254
84,219
150,256
175,121
134,216
213,195
128,128
6,23
11,179
23,256
189,96
53,227
77,37
51,136
41,253
74,34
53,227
50,246
251,155
222,243
165,154
112,194
190,92
215,192
191,105
63,47
81,72
17,203
150,252
41,55
145,97
229,27
78,79
44,116
56,117
161,247
204,126
80,54
223,9
24,213
62,185
27,171
206,46
183,25
218,49
117,111
6,178
182,123
70,93
175,250
256,143
142,69
204,87
48,201
114,30
151,239
117,148
61,206
173,193
171,236
96,184
52,184
250,143
88,230
179,115
14,149
108,167
87,26
236,128
44,201
89,208
94,225
66,22
217,113
124,80
251,198
180,205
218,138
213,209
14,109
243,157
245,224
214,26
118,181
5,95
242,211
211,120
64,228
59,184
132,31
67,256
12,131
67,208
149,175
190,171
241,47
202,249
84,47
195,146
211,179
51,183
78,22
53,161
36,80
183,191
149,201
251,112
228,180
255,64
233,56
179,17
183,117
44,107
248,176
68,4
146,58
244,189
174,130
87,110
223,183
195,81
87,90
238,42
255,56
38,99
30,26
206,139
137,99
106,101
228,170
83,61
162,145
94,122
182,37
56,182
201,113
0,23
85,31
31,251
153,62
252,238
96,180
116,246
84,151
19,196
163,178
149,207
44,121
88,29
14,32
202,104
127,124
157,140
87,204
102,113
214,196
22,151
91,56
236,101
1,97
155,148
112,179
17,201
218,117
187,146
151,160
166,107
122,142
69,224
185,171
17,104
60,233
182,134
141,37
167,197
126,138
60,225
86,73
42,4
237,115
53,48
217,89
197,32
80,62
94,20
93,115
256,207
99,38
171,50
129,247
55,254
233,203
215,55
45,240
126,201
62,151
65,227
172,121
98,31
244,128
83,42
256,230
209,8
145,92
234,117
30,131
184,254
63,100
76,95
10,245
15,233
166,211
43,255
181,83
49,164
94,43
240,146
194,229
182,121
229,231
78,168
150,117
250,199
195,97
165,36
133,35
116,59
71,237
145,245
168,61
218,3
86,58
20,138
14,78
168,74
137,37
68,177
32,69
31,185
169,235
130,125
89,158
119,199
152,68
131,200
120,169
192,32
215,89
78,84
218,185
183,39
131,86
53,75
75,150
244,83
158,106
191,98
175,252
197,233
32,26
143,51
57,192
66,131
181,87
66,82
121,223
164,123
135,188
47,167
223,46
116,168
120,61
38,238
226,210
246,63
70,56
56,221
103,26
34,210
47,235
256,151
115,92
164,234
193,248
76,228
211,75
55,207
34,44
193,118
206,23
13,64
76,121
69,229
239,238
28,101
18,86
155,225
118,22
125,75
213,129
63,247
25,44
58,123
119,162
172,41
191,170
246,124
13,201
171,236
186,0
15,117
230,19
245,241
138,25
24,61
16,144
69,104
109,161
228,4
107,230
151,166
235,162
118,108
80,110
67,19
214,88
32,212
205,224
44,146
240,18
14,228
114,3
47,78
201,225
29,153
96,142
218,89
254,86
162,146
117,26
167,73
194,166
170,5
109,253
13,168
49,67
15,135
108,176
126,151
210,13
242,194
216,242
99,180
199,40
16,117
239,105
66,75
210,240
54,122
98,183
60,129
121,80
9,256
255,116
153,3
139,69
18,138
116,27
149,17
117,10
76,83
213,12
116,202
29,14
102,11
86,125
72,17
113,30
110,31
230,251
2,220
152,63
115,79
169,90
252,77
152,23
28,256
98,181
105,126
222,98
247,246
200,162
61,86
100,34
88,250
49,179
127,32
47,120
161,66
254,211
240,4
192,205
124,21
20,163
177,18
241,224
54,105
131,197
210,177
247,180
35,116
21,103
217,32
177,170
33,150
158,84
230,23
214,121
131,114
225,112
232,131
243,173
76,180
21,110
41,237
69,7
219,220
93,196
15,232
27,106
209,227
161,5
206,112
160,66
40,0
91,150
243,253
49,204
82,138
50,84
3,195
103,236
196,89
178,112
153,109
206,109
70,184
39,21
115,33
1,183
55,42
152,80
24,27
156,170
256,32
57,195
31,233
117,18
143,209
114,155
148,30
110,186
7,177
154,181
220,215
157,37
223,132
231,197
36,20
111,216
149,117
166,225
191,15
101,5
95,177
200,242
102,209
60,115
199,172
95,56
150,38
14,75
99,240
121,105
239,81
247,0
8,72
99,130
83,134
77,15
196,240
53,172
165,224
172,210
126,33
48,29
244,52
20,101
39,63
144,208
13,62
236,226
161,236
241,110
77,33
250,141
77,129
83,164
67,90
30,192
28,83
0,53
186,10
236,27
166,252
172,123
6,122
191,19
223,217
72,216
105,47
73,54
230,239
153,134
22,74
127,130
14,234
19,194
231,161
236,55
110,243
189,53
146,166
58,126
67,160
214,54
50,6
227,38
79,110
167,103
52,253
87,95
122,242
101,46
54,112
99,165
204,82
205,54
214,212
222,66
78,38
31,51
19,160
249,74
33,27
174,227
18,73
182,101
165,166
127,198
253,112
239,170
247,13
198,49
105,165
197,87
153,11
43,37
170,40
70,58
215,254
164,115
219,90
133,235
233,10
97,13
137,125
193,174
12,214
164,125
79,155
207,25
186,138
171,142
71,254
221,133
106,117
188,204
195,136
141,91
116,89
227,170
96,45
100,54
85,88
150,194
228,121
95,185
20,42
244,32
66,97
0,92
135,156
80,173
27,117
184,122
166,216
77,197
85,202
221,0
223,120
146,91
92,244
110,0
134,64
156,170
169,174
245,256
106,78
182,82
211,47
110,48
83,99
94,205
251,237
118,70
64,78
158,223
16,146
167,138
199,73
81,190
145,26
78,110
59,207
25,110
71,237
29,168
43,154
218,101
92,40
130,47
54,215
136,235
158,28
172,185
180,119
206,175
134,120
185,214
198,161
228,85
98,253
59,172
161,164
168,159
200,205
125,197
161,156
176,91
241,135
143,10
227,128
1,21
152,239
153,225
0,214
40,125
241,56
228,108
136,203
138,250
52,192
71,186
229,219
128,100
148,143
27,254
82,143
193,213
243,52
75,101
230,77
235,76
63,97
190,21
41,30
165,251
240,122
173,246
25,109
105,117
81,84
156,170
62,109
187,94
12,207
161,60
109,189
9,80
240,179
33,159
224,2
74,5
215,15
222,110
110,95
142,17
110,107
68,113
63,16
114,74
120,183
212,98
154,168
122,57
61,203
80,131
178,152
18,253
204,38
109,72
111,85
14,241
27,218
213,95
168,30
153,66
38,96
63,61
22,217
156,4
146,154
21,108
224,106
227,49
23,89
233,167
41,45
221,138
65,141
170,153
5,77
223,225
77,96
122,14
91,120
229,32
181,172
133,48
162,26
57,100
157,126
237,165
164,142
251,126
92,174
21,230
192,94
41,212
17,72
189,91
210,116
157,220
239,121
138,48
171,250
23,227
242,21
127,182
218,98
240,182
1,178
43,1
19,246
121,114
108,128
58,65
62,20
121,42
41,56
255,52
0,52
114,21
206,138
70,140
85,158
241,256
2,41
228,237
183,187
109,243
80,104
254,136
87,21
114,133
6,256
5,245
216,66
44,105
41,150
26,197
182,59
71,94
64,7
70,78
142,166
33,73
12,101
77,144
102,43
185,62
215,152
220,90
18,79
119,235
227,101
49,24
45,22
25,12
222,75
184,12
32,173
56,242
240,239
247,9
227,171
204,122
65,227
124,249
175,17
47,188
90,52
122,74
179,18
127,171
250,171
92,240
247,129
42,198
178,49
201,102
221,208
3,103
195,0
68,179
133,121
180,51
34,122
71,195
85,2
81,171
223,12
177,248
79,127
35,196
57,210
66,1
114,110
9,168
51,146
32,240
59,28
24,136
235,124
24,201
63,208
9,12
69,54
244,132
146,160
47,18
52,7
247,100
32,53
20,18
169,134
149,66
161,137
232,77
112,102
224,197
74,0
2,175
214,222
101,59
66,226
96,199
131,225
148,211
212,218
98,150
231,49
190,5
248,62
48,155
173,9
19,245
8,161
78,116
156,228
207,213
123,98
26,111
229,118
25,49
179,141
185,17
75,195
105,236
28,23
239,26
39,111
60,228
79,168
145,170
63,41
179,133
220,81
254,31
171,80
239,159
183,36
31,148
164,197
147,122
110,192
200,124
30,195
43,234
182,7
206,113
16,213
211,1
51,152
178,127
75,76
104,96
5,159
39,27
228,49
142,189
230,58
17,41
68,55
45,90
201,68
192,92
92,41
207,1
110,75
67,74
243,137
