2,186
40,20
184,209
197,182
150,60
87,8
131,226
165,5
167,163
176,80
46,248
27,96
168,67
106,65
190,251
162,242
40,143
234,117
97,222
38,31
115,250
91,26
249,69
200,194
119,243
12,143
209,25
93,55
225,74
252,145
165,82
43,247
207,111
95,143
71,7
22,11
140,163
145,248
135,149
251,14
175,141
17,104
163,114
77,242
180,234
225,13
235,100
30,58
116,173
135,115
167,10
183,15
222,32
168,165
141,26
18,120
30,152
52,110
171,221
98,181
118,64
212,178
235,145
237,181
192,60
229,126
70,256
106,238
61,60
253,3
168,189
214,159
145,243
102,79
127,55
235,189
41,46
46,94
63,205
51,3
5,168
195,61
101,122
127,29
160,208
177,184
63,187
84,219
83,237
72,57
229,187
173,232
16,43
45,56
200,108
175,12
71,58
66,112
251,200
227,189
70,228
124,13
100,93
195,228
73,35
52,181
175,125
25,138
249,9
226,125
129,151
155,197
124,174
156,172
96,116
46,199
61,215
20,116
70,76
98,15
181,14
110,25
146,183
32,97
147,205
26,119
229,140
165,183
143,24
131,3
81,39
233,67
191,251
71,194
149,98
112,5
50,188
31,34
43,88
164,27
54,159
129,199
131,139
33,139
237,115
130,138
134,203
108,61
163,88
112,44
17,217
208,2
112,76
76,162
140,2
108,180
49,152
139,168
74,122
142,71
69,142
248,102
197,125
69,227
249,104
127,247
134,48
220,12
254,40
16,145
213,139
251,220
157,34
148,229
51,199
230,13
117,121
155,17
145,153
5,34
189,43
187,17
82,213
203,144
12,225
27,126
224,191
51,241
92,229
123,174
201,186
239,103
172,216
9,124
182,149
96,246
63,232
156,129
20,252
78,204
194,223
21,181
13,202
143,33
11,5
119,95
252,218
239,7
231,45
7,19
245,187
238,56
8,225
125,134
109,6
89,141
232,120
185,85
148,20
118,134
2,102
239,242
133,187
33,213
58,20
110,26
194,26
71,195
221,189
14,74
183,136
122,185
203,256
253,3
52,12
126,86
27,250
53,78
119,115
94,174
134,60
142,152
182,210
109,175
243,77
173,101
42,248
76,181
36,39
39,107
143,112
115,232
233,156
120,240
116,55
192,140
156,116
132,79
203,17
165,108
44,142
17,70
118,44
32,37
72,252
62,3
213,31
81,105
228,188
174,95
119,10
194,151
136,0
102,55
169,59
195,188
181,69
0,0
14,139
170,9
220,32
96,255
175,87
112,145
68,41
113,174
202,170
153,143
26,126
162,239
147,105
217,223
75,98
39,156
19,97
256,206
180,133
174,114
146,24
2,132
199,223
147,43
166,22
215,155
120,14
16,16
145,151
172,104
110,235
161,167
60,5
122,226
1,217
57,195
234,100
107,91
32,152
21,244
151,124
107,29
108,171
108,118
182,98
79,155
7,42
240,58
58,247
145,169
37,21
77,89
72,42
146,227
65,227
164,106
209,157
126,20
226,130
234,68
107,143
256,202
186,79
133,179
55,28
130,36
97,169
113,167
186,225
162,130
39,201
155,2
67,54
188,63
249,185
204,57
235,197
131,137
139,118
189,51
97,124
15,82
164,174
123,123
201,17
242,250
146,194
56,203
66,32
240,54
134,232
82,162
106,205
149,106
28,145
91,178
23,129
207,221
160,110
250,213
224,16
77,66
142,225
183,175
57,210
161,251
144,118
174,65
188,110
142,90
181,26
209,145
67,222
26,148
22,211
220,1
140,218
127,221
131,173
19,180
215,223
213,57
254,77
154,29
131,68
27,38
156,70
4,129
203,108
152,78
20,195
183,60
112,63
254,246
149,206
108,14
71,75
183,84
187,237
190,153
20,179
250,250
74,214
41,235
209,11
201,43
250,133
139,166
133,53
144,34
76,58
81,99
52,83
74,207
67,209
188,128
69,153
151,71
121,71
169,192
223,232
200,19
95,138
78,153
17,130
170,250
251,219
134,133
61,78
193,86
72,140
195,28
16,179
224,9
123,119
183,80
115,172
110,149
103,156
11,135
19,231
36,31
157,80
48,68
113,103
165,181
230,20
132,33
137,180
194,81
20,129
252,68
246,124
36,138
166,217
161,254
118,76
42,165
157,157
67,76
131,6
90,225
64,55
66,98
173,59
22,117
157,189
20,38
207,68
201,138
78,173
19,129
229,131
231,255
237,151
108,48
38,182
19,42
124,136
153,144
19,40
189,176
195,154
97,241
157,59
80,56
147,154
120,4
199,90
256,69
57,107
24,150
0,213
92,241
126,140
175,38
75,252
235,219
77,233
16,171
247,154
175,13
142,60
167,129
97,93
127,80
148,211
256,37
229,53
170,243
11,85
131,41
26,218
98,232
107,156
67,104
220,184
61,231
134,123
224,228
102,167
244,251
158,206
255,210
45,225
253,50
214,45
25,157
182,176
136,211
148,47
89,216
94,8
193,12
20,195
254,212
225,47
80,226
67,215
66,109
23,83
248,137
18,247
184,130
161,59
142,130
146,73
14,248
2,243
238,80
95,21
153,164
41,80
201,10
3,147
59,164
133,80
210,141
158,250
0,76
99,15
138,9
51,173
56,54
97,62
76,236
243,111
249,54
25,8
13,170
111,179
0,148
220,123
178,118
88,185
96,173
10,22
70,50
128,255
81,223
238,101
235,150
8,252
16,110
131,30
27,104
164,115
247,65
138,112
232,155
133,190
15,54
40,136
219,26
30,171
81,87
81,155
115,67
48,229
133,235
208,72
132,56
68,31
232,127
255,1
195,197
4,225
150,44
75,17
159,43
115,211
164,230
165,90
99,138
120,45
215,82
156,78
81,192
161,59
154,91
124,220
29,82
2,219
167,141
154,191
94,241
20,23
18,135
187,255
143,78
77,87
248,144
160,120
42,24
36,70
62,175
45,110
3,194
202,147
77,63
92,10
187,127
162,194
202,95
229,162
44,166
140,256
220,82
158,170
51,32
39,140
147,99
186,146
233,136
99,254
248,247
47,164
165,217
19,236
153,182
247,91
45,13
18,190
147,95
44,150
19,110
197,199
241,242
70,181
42,25
164,231
218,215
32,226
201,94
217,26
169,245
101,131
123,86
1,220
251,151
184,74
138,189
74,162
219,42
86,89
229,124
76,104
183,216
76,1
66,69
236,36
36,141
219,89
146,18
23,41
18,80
221,84
4,64
112,7
52,79
200,193
103,183
147,156
210,57
248,82
179,129
67,91
254,237
89,137
256,40
214,247
58,237
198,228
135,151
99,93
221,46
146,81
97,241
167,119
39,232
34,48
200,200
48,128
149,85
55,227
112,117
136,82
40,60
238,118
236,180
57,186
209,240
85,14
209,63
33,252
59,240
85,208
159,252
104,1
225,66
214,132
116,206
142,72
185,61
241,78
119,103
44,117
118,55
122,70
212,139
129,92
205,227
233,125
35,42
12,243
201,5
186,229
13,124
18,85
250,230
70,150
35,213
195,174
7,163
241,202
239,43
58,103
55,203
93,249
172,19
123,50
199,123
122,158
66,67
204,11
213,152
92,196
179,108
102,185
40,80
138,199
4,237
139,194
64,89
78,99
11,128
17,162
220,235
241,182
190,245
222,242
13,133
169,171
24,92
58,78
156,245
125,54
174,165
10,40
37,107
67,215
157,35
163,21
57,152
16,5
83,91
61,47
2,213
140,134
158,218
190,60
71,194
256,162
168,210
27,179
205,184
170,168
42,23
246,106
179,137
46,245
98,234
38,155
3,83
94,137
175,70
30,219
13,46
202,228
243,49
130,154
126,77
41,99
77,214
8,67
91,65
130,70
89,180
173,38
210,253
47,197
211,202
104,217
98,190
240,158
238,50
90,1
57,186
52,52
107,217
192,130
6,92
131,7
90,20
61,83
122,152
135,120
72,72
144,170
233,173
0,154
206,61
195,170
33,169
210,147
163,41
204,63
145,158
111,182
173,137
136,254
134,215
24,203
136,67
202,248
141,196
201,251
99,218
49,79
48,55
60,248
3,49
44,140
101,18
205,45
79,44
105,215
98,50
0,82
56,127
218,46
209,50
255,217
133,42
200,29
90,107
45,11
179,155
199,0
161,164
167,2
221,37
135,248
50,204
228,55
187,240
84,27
161,216
81,228
232,28
39,161
175,130
63,133
52,163
247,154
99,223
58,165
251,105
61,163
251,12
214,146
20,52
90,163
10,154
207,56
7,6
70,228
242,138
245,30
246,131
21,140
223,158
104,48
53,183
141,156
18,93
11,84
3,61
12,6
156,92
64,132
45,165
184,141
132,49
0,176
103,109
134,241
72,145
198,78
191,114
160,18
143,174
92,227
231,97
159,206
69,37
241,171
12,16
53,14
80,28
149,62
20,119
172,22
174,64
163,116
46,184
239,113
118,124
58,127
162,88
133,71
2,64
157,30
220,77
220,48
18,20
8,16
166,0
43,109
177,150
152,94
61,73
36,116
49,243
33,95
250,48
176,27
194,28
254,116
114,145
32,171
128,182
186,18
6,30
243,68
141,166
64,111
237,104
229,253
132,15
134,225
193,215
104,177
115,200
160,189
145,213
25,108
103,90
10,211
239,104
244,141
44,228
112,246
61,34
207,153
249,32
195,197
186,174
118,199
30,69
73,121
94,7
113,65
147,170
249,196
29,177
71,249
120,106
196,74
194,91
224,158
55,214
123,111
192,1
103,140
85,86
31,109
92,135
82,113
97,134
63,49
39,85
101,241
107,6
234,24
157,146
163,242
142,32
11,107
141,195
114,184
14,225
21,181
26,41
112,22
111,237
27,232
233,22
125,66
87,6
82,208
203,165
83,121
210,38
146,27
87,242
143,193
231,161
202,203
152,196
2,86
122,44
13,225
62,172
192,197
6,120
35,153
23,141
144,92
145,225
24,141
106,177
182,177
27,185
255,108
89,80
136,236
220,117
39,251
160,229
241,171
210,74
101,104
204,53
94,47
240,227
245,243
231,166
162,58
54,54
252,144
71,221
241,46
211,116
29,46
144,231
101,218
171,108
183,185
240,59
35,55
56,9
29,156
122,108
53,161
178,32
162,35
226,199
185,120
11,218
155,43
39,167
59,113
88,215
99,185
42,205
238,70
211,153
122,106
80,135
149,207
231,121
176,235
152,31
51,213
60,155
77,1
46,28
43,110
210,80
143,58
28,253
208,10
214,213
61,79
108,116
108,240
48,2
203,236
1,64
245,68
82,96
35,114
58,249
24,53
148,3
205,154
125,51
66,229
79,119
222,6
68,149
6,72
247,146
132,173
149,3
50,109
165,9
125,115
111,115
108,105
21,235
6,21
56,205
78,217
44,89
24,252
52,252
248,5
63,20
7,116
108,163
225,35
159,44
102,206
234,49
218,107
0,214
70,228
102,226
163,89
10,229
94,87
191,140
46,152
45,96
122,193
166,163
18,232
195,75
177,15
164,174
254,30
46,102
16,246
64,163
58,50
200,23
163,150
40,235
252,70
200,226
218,128
212,200
61,96
170,55
110,199
5,104
143,60
252,83
51,207
252,83
233,223
47,28
177,148
226,147
123,210
101,212
61,22
2,164
184,189
222,170
23,86
207,221
95,98
75,171
72,154
135,143
73,76
135,6
205,9
6,142
78,23
184,109
70,155
235,108
211,102
114,180
182,256
37,47
111,10
235,244
61,200
156,48
237,18
199,38
156,59
112,51
229,84
54,70
200,177
98,75
199,190
98,219
90,124
249,12
6,116
228,151
250,22
219,31
150,81
123,85
65,226
26,177
47,103
55,91
238,67
213,128
220,149
118,38
223,167
208,166
31,53
84,208
179,46
152,119
78,75
104,212
201,6
61,256
93,146
4,6
199,82
201,161
97,160
212,198
16,91
74,20
69,166
130,208
121,222
147,59
37,162
52,109
166,159
35,131
55,120
69,190
68,117
88,187
93,77
118,51
19,179
184,256
129,44
144,121
112,151
211,173
236,62
134,120
77,87
90,34
32,77
235,216
208,91
175,113
162,209
1,120
164,253
55,188
127,122
222,104
137,25
98,10
200,83
140,229
9,191
187,68
136,58
166,4
196,116
144,63
107,228
140,204
252,66
147,76
43,134
223,100
64,195
95,79
7,203
92,33
121,249
6,89
16,197
134,189
113,178
14,175
58,220
82,55
54,244
243,187
155,237
132,123
59,253
246,199
72,108
223,185
246,150
154,231
158,137
108,193
152,50
208,85
15,223
203,19
242,133
184,97
62,118
225,38
189,55
93,94
184,251
208,213
130,87
196,180
25,106
127,205
74,195
5,76
162,22
206,173
70,64
56,173
98,39
69,214
223,129
229,227
36,22
117,219
83,89
34,15
225,177
205,135
119,36
13,222
199,106
184,216
203,152
101,121
231,38
8,54
20,226
142,111
247,47
113,52
215,177
195,21
180,71
81,150
67,247
210,119
9,114
180,4
42,156
7,60
241,24
163,242
77,245
5,59
125,244
231,94
158,41
106,171
150,162
23,161
44,256
232,171
142,56
127,4
84,136
166,232
113,138
112,127
233,212
237,241
255,134
191,82
238,38
79,71
203,96
34,5
236,154
53,201
218,165
84,245
223,20
163,153
233,217
161,56
79,140
217,242
86,111
67,34
188,154
106,50
109,23
242,178
71,60
27,217
220,60
28,101
37,168
62,213
141,159
236,81
250,153
153,157
92,151
229,24
64,178
55,217
55,33
179,61
70,24
77,240
160,241
81,237
226,111
147,213
54,134
256,164
50,58
104,51
12,75
54,143
167,68
80,101
27,16
23,233
238,133
50,150
60,53
190,154
31,50
199,248
125,117
66,132
143,131
171,97
93,148
26,26
248,252
194,80
227,211
201,226
190,69
27,211
177,181
187,135
216,120
254,86
141,36
136,192
204,59
227,225
156,126
118,211
80,200
106,73
29,98
182,127
54,77
214,3
224,167
46,229
136,252
142,195
50,158
209,215
29,216
19,201
142,235
72,17
173,222
16,128
225,74
244,56
185,69
226,234
0,209
122,108
5,53
221,61
250,121
45,239
21,68
201,187
211,215
110,66
33,256
83,87
121,3
101,112
96,240
18,228
98,89
77,79
201,232
103,206
80,28
155,54
204,221
33,139
143,126
62,198
209,56
109,29
56,63
156,114
200,221
33,126
120,96
230,221
46,75
144,110
193,8
247,149
20,113
221,135
228,96
22,103
60,206
83,202
235,17
18,27
154,183
152,80
184,146
35,158
153,58
118,152
168,24
233,203
147,116
146,211
68,63
214,12
179,141
207,190
146,116
131,229
125,65
80,117
235,0
251,16
202,239
252,166
122,150
47,203
251,99
235,154
190,104
191,188
122,56
171,218
129,65
123,181
161,135
132,54
172,173
231,11
142,125
97,148
127,53
70,181
23,48
132,23
178,68
190,229
84,157
31,92
114,162
8,75
128,189
161,208
191,233
97,126
88,12
36,136
100,117
229,234
208,205
132,206
214,96
222,239
224,35
243,216
23,133
171,190
150,190
203,128
147,222
227,216
13,27
231,174
208,68
218,103
104,61
157,182
86,47
76,118
232,103
227,119
35,150
132,136
154,145
256,210
2,12
47,136
78,165
187,152
254,162
233,110
105,120
131,181
85,180
175,223
79,57
137,41
59,178
44,17
198,53
123,154
22,97
120,14
203,174
27,95
131,239
188,62
41,69
253,87
6,255
225,211
2,161
92,6
238,210
175,44
141,84
200,60
227,23
169,130
173,12
34,43
60,82
107,90
60,236
97,96
196,178
201,37
203,138
156,80
219,134
53,13
99,213
63,57
149,253
200,246
215,225
125,210
127,246
240,146
146,256
145,110
234,101
220,118
47,75
19,76
128,152
117,24
126,153
89,12
25,66
156,111
82,101
162,234
236,57
70,135
102,177
64,167
147,206
197,165
9,256
224,118
83,222
140,155
92,43
228,10
163,181
119,127
136,173
13,194
97,90
155,219
215,7
143,26
118,90
41,236
209,81
155,5
47,135
222,211
50,70
130,17
251,205
59,45
39,116
51,183
58,143
148,68
67,163
19,199
93,119
134,30
66,187
136,123
151,190
122,250
132,54
109,137
201,169
108,86
54,91
234,227
99,87
193,34
19,67
139,142
174,205
132,167
10,254
201,143
112,30
90,152
162,57
173,143
73,7
244,70
50,84
136,34
168,47
41,256
160,133
25,79
166,50
189,58
20,198
176,204
171,64
225,14
170,85
244,191
237,118
248,61
219,39
233,94
174,122
27,248
82,191
45,178
11,133
170,157
45,35
222,224
98,189
243,173
226,111
177,22
139,189
162,165
238,73
203,137
141,1
122,147
174,205
37,170
61,22
228,150
169,229
159,193
179,210
23,60
182,208
78,236
88,37
237,9
65,45
235,17
168,144
6,130
55,211
92,74
84,21
179,4
195,188
16,119
45,163
155,11
246,170
166,83
130,121
85,1
109,122
138,216
3,219
39,226
162,136
42,130
32,190
149,130
199,245
150,98
253,173
203,119
66,37
121,182
197,60
42,37
22,185
102,110
75,217
226,107
114,121
212,45
70,43
229,94
151,42
121,215
75,67
131,229
43,52
24,109
54,226
245,137
214,137
58,21
54,139
249,174
69,245
167,189
46,209
255,136
22,106
199,126
189,191
253,69
175,106
241,70
96,234
36,171
180,180
206,96
34,47
4,218
180,252
152,138
177,199
78,179
108,157
30,175
103,188
3,93
138,22
250,223
55,136
37,232
197,31
190,128
145,22
35,94
16,147
73,8
144,70
246,90
84,206
129,83
212,137
225,191
226,214
106,250
102,117
232,235
220,186
168,209
9,36
232,237
23,239
140,21
32,198
120,239
255,180
215,58
181,68
169,41
171,242
120,173
29,82
186,158
75,118
241,167
20,228
224,174
39,131
185,175
88,228
49,249
66,113
155,149
217,150
218,155
115,119
192,177
92,56
39,146
189,141
12,20
33,100
153,113
27,21
44,46
120,214
109,114
167,1
10,106
54,225
62,68
216,72
152,18
143,166
15,1
151,127
175,189
39,220
246,204
190,236
14,168
193,233
247,25
47,50
54,237
77,32
49,204
4,172
142,216
131,185
40,16
18,122
31,177
181,85
14,246
194,61
151,154
33,57
161,48
172,23
254,189
255,138
69,27
185,208
223,137
145,144
133,101
71,135
221,186
190,248
147,244
74,96
222,126
243,59
246,167
253,95
73,155
206,157
163,47
16,225
243,38
124,209
228,147
73,175
167,124
126,47
199,26
104,164
216,185
228,12
69,26
58,159
48,216
206,236
144,86
49,201
27,207
203,204
157,255
77,164
194,144
187,116
196,183
236,144
91,79
68,180
102,144
204,132
54,103
29,157
65,214
33,116
109,72
74,129
179,52
248,170
209,105
251,85
137,138
254,107
241,205
11,229
131,13
165,225
44,158
114,73
29,73
58,34
190,169
82,178
60,238
26,82
131,243
52,68
233,252
243,99
122,48
112,187
50,34
145,48
176,224
205,252
116,181
52,61
239,109
107,254
141,177
48,211
144,58
74,85
121,167
219,13
48,62
46,117
95,204
124,201
248,252
126,164
94,101
26,229
67,62
242,89
221,179
165,226
209,124
131,157
135,173
139,215
224,217
131,118
98,212
24,244
158,102
61,68
123,33
186,21
11,228
194,187
238,58
163,131
172,55
95,170
236,245
14,23
35,45
30,79
153,147
197,209
182,255
73,169
43,201
204,7
21,123
193,62
111,107
168,44
163,32
106,92
176,250
254,177
226,41
192,55
91,137
251,55
219,97
95,8
65,2
248,135
9,190
128,85
98,205
188,192
92,184
95,118
120,168
123,216
209,80
111,185
247,209
18,22
114,67
110,92
114,63
29,232
183,98
25,148
254,192
214,157
171,1
92,248
138,114
131,130
234,50
203,128
141,107
46,199
201,204
187,59
150,93
33,150
216,183
144,119
136,127
20,30
118,120
237,185
7,160
251,20
63,109
152,155
4,6
10,68
75,91
154,238
217,49
122,34
166,131
175,72
1,199
246,120
23,54
75,22
254,223
152,124
45,4
97,55
22,118
179,155
125,87
229,149
199,147
147,17
228,84
93,14
198,112
246,122
2,140
4,79
28,220
247,37
126,40
23,223
204,39
91,113
182,85
95,188
27,153
97,170
123,229
148,212
43,248
183,206
162,31
5,28
36,178
136,61
30,14
130,1
188,150
227,201
222,256
75,147
199,84
73,121
130,218
243,243
130,33
247,223
33,67
187,250
179,183
3,94
126,113
100,55
122,144
89,240
140,24
225,213
196,177
39,8
159,37
218,216
244,72
249,255
30,63
236,237
225,248
29,16
79,64
77,27
116,241
221,224
204,37
231,83
196,120
22,146
13,49
70,149
39,224
248,235
121,30
82,16
93,185
248,75
245,2
11,35
172,223
29,94
9,225
60,156
25,56
185,177
246,190
184,46
224,133
174,1
222,242
171,92
225,219
193,224
40,206
126,248
28,163
157,59
200,100
205,129
242,97
157,40
194,148
81,178
144,163
187,185
46,36
27,207
121,169
206,25
234,51
195,69
52,41
138,201
128,41
64,195
244,139
244,188
249,41
88,140
13,80
94,128
188,200
16,222
214,124
111,7
17,113
151,172
128,235
146,249
57,72
252,89
82,208
91,0
10,177
234,217
20,106
207,32
191,126
77,224
130,157
16,212
13,17
51,250
13,176
54,89
14,160
113,199
138,8
120,90
0,210
114,2
113,82
17,79
112,104
41,193
9,250
139,102
17,205
226,238
194,5
74,64
110,210
93,136
186,18
173,18
184,200
157,64
192,163
202,112
117,27
60,53
11,47
108,211
18,49
50,256
135,2
159,93
202,210
27,164
207,83
55,173
151,219
231,12
225,7
196,70
64,211
180,91
113,5
6,167
103,155
168,55
91,252
185,111
185,200
184,154
170,100
189,44
15,142
74,171
108,175
54,20
124,108
86,5
154,61
127,35
143,144
47,30
242,141
204,101
72,242
88,218
218,61
223,100
171,246
205,117
164,207
77,4
108,29
172,39
169,75
221,228
2,158
189,245
84,241
160,194
19,233
44,113
31,237
61,190
121,149
128,225
122,218
34,165
151,95
134,162
127,205
203,96
145,214
1,200
156,250
128,77
184,173
149,150
89,214
235,128
225,39
226,86
57,158
113,57
162,66
146,2
143,155
57,252
163,47
251,66
99,160
157,6
65,3
186,227
28,1
254,183
237,32
50,12
136,120
241,25
209,125
110,256
77,94
1,125
113,225
40,10
252,215
13,153
67,121
10,243
39,107
133,225
152,247
42,106
252,246
108,182
241,217
255,119
100,123
84,14
2,255
177,198
195,35
94,51
253,174
50,23
33,228
38,156
255,157
68,32
137,123
14,205
85,88
122,53
90,107
171,116
160,119
212,233
189,188
186,152
234,81
232,6
208,111
192,17
139,240
124,169
7,110
231,43
22,159
19,239
73,147
170,79
53,21
151,14
204,89
101,73
131,144
239,42
207,175
13,127
223,233
179,176
238,8
121,226
250,143
25,115
40,195
210,114
73,199
141,187
6,137
152,33
11,60
194,201
50,1
167,13
143,238
21,128
228,94
151,146
224,169
77,223
87,16
52,209
246,120
37,17
27,249
70,198
146,217
122,21
0,91
22,130
148,24
88,145
66,26
176,9
169,238
19,172
38,12
88,64
192,193
106,246
202,110
104,166
106,221
10,35
93,26
71,70
57,98
100,72
124,57
216,204
137,4
241,125
107,166
249,78
51,100
113,131
41,225
68,162
102,103
5,19
37,193
237,215
93,227
82,248
181,236
222,147
68,94
48,73
160,11
250,132
138,179
79,5
97,53
151,126
210,201
67,215
126,102
242,227
90,58
22,101
54,133
225,186
56,0
28,93
81,255
137,84
109,143
197,75
0,121
71,138
156,233
81,244
156,196
11,188
178,43
149,146
108,10
76,146
216,227
30,82
160,174
58,107
165,124
171,153
126,189
197,186
213,164
166,42
160,224
179,15
107,45
84,172
229,213
105,109
133,200
35,72
53,80
227,113
71,44
234,50
210,118
145,251
244,22
183,229
256,140
14,103
6,29
166,43
129,104
1,255
77,241
171,134
200,155
133,115
79,97
181,184
69,117
8,182
114,132
238,86
113,12
40,201
183,90
243,201
236,51
141,125
68,179
230,161
225,236
136,255
98,222
74,226
41,226
119,160
36,249
185,56
182,63
209,70
221,74
195,208
119,0
161,30
186,143
132,97
73,166
172,162
84,196
28,226
47,42
167,93
51,176
134,207
101,184
235,220
146,240
21,35
91,22
240,151
207,24
249,156
21,254
231,148
233,50
41,29
53,172
6,201
255,159
67,57
94,66
130,195
169,83
136,82
78,53
47,180
186,104
173,198
73,174
3,1
22,152
24,254
212,103
98,135
227,61
107,42
250,134
53,191
29,230
39,22
188,202
7,112
219,130
222,40
256,58
11,245
40,126
215,88
43,207
26,220
251,168
187,102
28,18
70,46
195,36
74,111
213,121
171,228
231,20
256,182
216,254
69,215
224,128
5,41
27,39
78,207
62,110
1,142
50,43
159,208
152,137
187,76
70,221
63,3
205,13
198,166
201,126
129,236
210,70
141,149
169,11
50,182
227,152
5,173
77,101
180,141
228,236
235,209
40,87
137,144
230,225
206,24
51,142
178,249
13,39
165,34
17,129
214,57
231,67
97,234
201,23
247,77
194,143
172,198
168,109
244,118
198,154
210,74
37,178
172,3
50,115
250,102
9,93
71,218
180,46
57,64
19,220
237,222
13,12
112,212
144,168
80,182
244,171
3,237
244,137
239,128
29,212
81,2
130,236
51,8
21,249
165,169
84,81
138,35
133,101
217,112
192,50
20,105
65,122
61,220
85,5
207,58
194,194
45,236
50,32
243,233
106,82
132,3
176,234
151,20
17,119
69,223
2,237
225,208
228,129
116,158
72,126
208,20
133,24
105,46
18,164
83,33
109,179
23,234
128,74
43,216
254,202
176,105
110,106
20,140
10,7
37,107
19,151
10,240
76,12
207,186
111,201
176,91
95,140
81,69
168,111
250,24
29,230
72,199
246,1
81,91
39,85
146,249
52,126
170,186
29,104
144,125
205,68
112,136
237,33
72,100
49,165
92,166
110,33
101,165
35,111
44,58
169,224
104,238
124,148
60,11
164,21
248,172
234,124
0,201
149,247
199,65
91,134
151,108
27,110
51,37
41,83
81,174
106,162
219,17
217,147
164,92
169,206
103,172
139,40
17,175
55,195
115,56
158,98
147,150
67,161
55,145
140,208
7,126
193,2
17,221
215,180
25,32
7,213
143,0
3,122
97,252
92,140
218,119
224,139
200,51
231,35
9,101
233,23
234,230
61,204
78,30
66,184
250,236
116,14
237,198
94,200
42,91
68,10
200,192
145,198
219,25
51,2
98,252
162,233
72,10
24,181
200,252
157,234
53,208
65,139
117,156
96,36
126,202
94,111
123,254
122,37
123,42
173,10
145,219
105,89
125,152
53,146
227,229
251,165
90,23
144,236
117,101
14,32
145,132
193,118
113,239
213,83
76,202
170,88
54,181
7,48
37,30
75,41
72,92
223,208
130,108
195,63
226,202
34,7
106,243
233,89
171,4
55,180
53,194
45,152
123,138
220,238
33,188
16,128
167,63
138,122
108,110
59,50
76,210
222,90
106,116
176,83
245,99
85,32
5,192
227,57
183,76
108,16
99,203
32,196
131,214
237,237
2,98
236,95
1,229
183,186
172,129
27,231
157,208
64,36
79,100
16,48
224,148
117,8
174,209
72,58
228,5
246,102
93,79
255,114
132,208
219,132
88,148
6,3
80,144
67,181
171,142
237,43
57,95
202,248
182,5
80,136
52,102
43,252
141,71
118,15
53,127
77,5
236,141
116,239
138,176
89,99
55,205
93,251
251,189
171,28
78,17
65,165
142,31
228,227
84,110
36,174
10,160
232,155
187,47
144,185
153,114
151,72
3,119
129,94
253,180
70,155
214,80
136,251
129,141
90,234
249,215
39,222
131,189
225,134
122,234
89,21
52,141
79,7
70,185
214,162
180,239
120,182
60,240
198,119
139,147
104,93
123,135
196,3
175,8
141,50
57,23
233,142
37,11
130,191
186,165
132,85
234,115
18,196
161,37
37,16
102,202
203,238
130,161
144,36
246,169
5,169
61,0
241,141
238,145
62,230
68,160
105,154
210,125
114,236
121,229
170,19
111,158
10,62
215,49
162,150
217,253
193,246
179,193
16,39
175,246
101,241
125,251
170,32
196,152
115,238
37,100
230,152
229,173
157,173
250,101
237,218
201,134
186,123
155,94
239,42
128,115
42,220
197,40
191,167
66,248
151,227
154,256
166,143
241,71
190,121
208,153
55,205
190,15
165,250
109,182
14,213
123,175
189,100
231,219
225,100
96,256
149,13
75,182
33,95
194,87
62,10
176,136
194,6
59,198
110,17
142,115
216,163
166,20
179,188
4,248
33,17
114,188
224,60
149,40
84,225
178,71
223,40
189,167
163,91
106,44
28,143
215,208
185,146
203,189
38,31
53,9
139,62
122,189
204,55
57,95
134,38
249,200
15,114
202,15
129,212
117,36
214,124
81,3
21,105
16,5
33,166
35,118
5,42
239,232
211,103
70,13
162,163
194,134
106,92
13,182
3,42
5,205
46,162
12,193
80,210
130,18
99,109
16,64
47,172
214,5
182,224
207,106
203,71
20,68
13,180
173,199
202,49
101,202
118,14
185,2
163,210
101,150
17,87
179,63
52,66
116,41
179,209
25,110
100,81
236,62
220,83
59,10
247,120
65,71
85,13
179,185
203,13
56,114
27,107
89,244
141,17
232,4
227,31
180,153
77,11
79,194
8,22
101,44
198,79
226,135
65,179
157,34
113,194
246,60
113,226
27,26
76,155
221,90
78,179
114,244
142,72
88,61
147,87
15,106
197,169
112,142
182,137
27,120
75,161
228,8
148,45
232,170
94,2
207,157
210,45
165,241
40,36
63,164
248,70
170,200
165,152
254,56
87,166
99,149
160,251
197,33
184,251
151,200
69,129
106,115
124,42
48,86
19,188
218,72
7,207
79,75
239,49
5,120
175,76
31,80
156,160
50,125
68,111
21,57
205,157
162,150
9,109
215,127
52,203
253,120
20,104
149,20
30,50
14,175
175,222
7,141
60,18
181,91
165,210
89,76
136,96
106,13
140,133
117,211
149,18
164,22
28,102
198,213
42,151
180,115
237,180
133,173
76,156
75,71
189,208
94,234
15,224
170,102
240,245
55,246
21,255
230,111
85,87
79,85
228,240
149,230
217,83
80,250
165,12
256,118
255,125
213,13
252,211
126,28
212,64
48,218
172,78
162,91
133,183
234,128
161,56
176,77
74,63
4,179
135,96
157,252
13,115
48,41
204,202
20,232
224,251
173,102
106,95
97,158
3,130
19,99
128,7
56,81
203,194
71,54
184,78
41,108
16,111
202,162
174,231
24,46
90,59
154,134
128,141
14,175
45,36
42,162
121,236
116,205
190,98
145,19
64,0
108,47
193,175
26,218
140,5
25,66
57,162
5,253
78,12
145,227
211,127
222,96
215,12
27,13
213,140
27,140
224,7
194,151
223,35
254,135
104,15
129,159
187,46
163,147
130,110
50,122
230,74
188,187
30,112
232,213
87,238
139,135
167,137
154,80
8,93
31,193
21,42
83,224
255,221
177,171
192,171
175,69
17,231
93,22
128,124
218,248
95,155
37,170
53,4
134,131
126,161
226,86
254,49
38,67
224,249
22,177
86,219
29,180
253,67
234,34
224,13
169,214
226,130
83,61
182,206
64,129
103,140
114,180
109,168
32,68
256,236
99,166
216,203
217,246
219,148
122,11
239,140
82,19
56,119
211,82
83,177
37,31
230,81
124,170
49,211
27,213
91,160
221,45
129,31
130,102
160,47
24,56
183,53
57,57
11,150
79,53
175,70
182,76
105,2
193,151
121,67
29,184
92,32
245,137
109,149
198,130
166,31
149,33
39,164
2,218
65,41
135,82
217,253
73,65
170,7
130,197
105,85
128,198
248,57
114,122
44,196
53,44
199,219
72,124
234,114
61,168
128,221
214,65
165,240
32,3
28,144
122,94
205,14
167,202
100,70
90,136
118,125
102,221
111,221
63,92
221,243
165,197
50,17
22,184
11,90
26,146
158,145
200,58
60,190
242,5
126,68
121,158
5,19
24,7
50,128
190,202
226,69
147,129
169,73
98,11
88,218
252,27
32,127
29,141
147,106
130,71
122,162
26,170
59,64
253,125
154,21
150,125
108,122
167,143
94,208
101,182
193,132
124,85
37,105
208,123
156,47
206,82
214,55
50,186
124,41
150,60
69,197
195,245
135,9
70,218
249,180
92,173
147,96
231,35
169,193
157,21
241,188
107,191
152,3
100,187
237,19
125,145
215,210
70,70
253,79
120,67
169,36
233,53
159,179
26,163
148,71
29,184
107,114
86,52
152,8
98,231
173,90
41,31
250,182
218,162
129,74
242,58
123,122
210,59
71,40
193,107
204,133
75,204
112,215
51,136
108,67
17,100
140,85
238,160
243,159
22,48
69,172
162,255
247,205
186,237
225,34
142,108
78,19
88,143
220,154
106,49
123,27
76,248
101,150
100,246
148,67
85,20
51,147
143,91
172,201
80,2
201,210
216,126
220,215
169,192
253,125
192,31
64,131
213,244
181,172
93,110
58,25
205,68
60,206
81,180
154,29
182,113
178,151
35,84
11,38
33,111
178,147
8,15
39,14
147,195
112,113
208,189
38,176
170,206
143,63
70,71
115,67
16,110
12,33
230,49
75,120
211,139
192,32
180,92
50,39
94,252
227,47
29,252
230,212
187,50
256,188
247,188
205,247
219,93
131,215
174,197
31,50
219,54
245,2
126,22
181,64
247,13
88,57
39,253
156,173
227,232
53,78
204,183
160,23
124,150
177,93
53,28
168,252
119,221
39,244
109,57
87,211
23,84
72,72
189,196
220,185
113,93
181,64
117,33
6,81
103,24
229,46
214,207
109,51
31,157
137,235
237,94
235,154
78,19
203,245
79,216
206,200
202,109
99,11
202,200
17,86
39,20
77,142
79,135
203,4
72,181
243,139
23,37
49,126
215,113
33,197
36,122
29,97
0,137
182,190
122,196
256,41
203,61
65,50
204,201
82,132
225,175
217,82
77,215
200,7
154,216
165,108
49,162
187,128
17,225
239,180
224,43
17,118
203,14
182,84
100,16
130,89
237,194
134,132
116,82
12,193
35,253
239,108
50,167
209,12
204,63
67,240
86,44
179,93
79,124
233,152
251,147
250,176
120,222
75,23
57,249
46,146
60,102
251,185
158,196
0,254
246,166
206,203
202,247
89,117
49,91
220,150
135,9
140,14
167,112
121,82
245,27
39,198
106,213
164,125
225,4
77,212
116,113
155,127
17,136
140,4
204,0
76,39
184,230
241,249
71,99
51,37
17,62
16,157
24,102
140,208
24,2
68,114
144,77
120,77
126,70
213,1
77,255
118,89
213,206
240,212
45,202
183,76
3,31
201,45
43,111
59,113
148,63
13,194
14,109
100,36
218,14
17,143
53,65
41,182
186,17
81,144
53,203
25,214
167,217
147,177
243,191
7,174
171,112
47,240
18,242
224,179
201,147
117,65
204,134
238,114
105,208
67,169
24,96
134,28
179,247
169,236
38,172
89,159
13,165
69,33
168,146
156,228
97,53
100,195
6,184
202,231
122,21
228,143
61,50
131,221
209,41
44,176
75,211
192,247
231,208
251,49
61,40
35,102
94,229
196,65
178,28
233,70
185,195
86,24
247,82
132,96
236,101
97,85
119,203
96,149
99,62
176,207
31,123
172,120
245,64
241,31
77,112
232,40
109,104
42,16
44,44
145,10
144,200
143,42
196,125
110,207
63,34
46,34
1,238
69,122
86,103
204,138
154,52
238,181
178,55
6,200
99,218
123,3
184,198
117,92
181,79
116,181
113,184
64,109
131,14
66,17
14,131
20,30
8,89
96,205
91,251
203,63
40,140
169,74
85,243
231,150
101,81
134,180
49,92
1,12
101,154
117,239
125,245
87,65
75,195
213,198
107,192
41,194
51,70
107,29
35,190
246,219
85,135
197,131
79,243
250,216
15,22
83,221
28,188
223,127
36,188
163,90
233,228
149,83
142,1
31,64
0,36
203,117
201,54
122,80
143,12
59,9
128,90
169,48
194,120
6,116
233,15
60,232
213,36
105,205
137,37
169,46
56,98
18,194
214,223
59,123
192,104
8,203
29,253
168,231
144,149
236,54
208,169
211,4
104,70
226,160
34,0
104,5
185,58
128,81
162,241
102,16
176,119
177,95
222,50
100,121
220,88
230,63
239,231
118,193
203,112
175,102
92,210
4,205
66,87
195,43
71,114
157,213
191,6
195,6
67,71
51,174
180,139
133,67
210,117
168,151
50,247
106,220
202,125
41,172
193,219
9,224
122,13
206,236
150,110
208,63
114,66
11,119
17,136
194,139
236,83
213,134
11,5
166,119
110,30
104,27
31,128
164,156
130,62
194,161
45,65
107,159
33,142
230,199
218,40
183,178
209,120
122,167
60,21
245,185
133,107
230,238
60,176
239,232
26,21
58,45
31,115
158,140
245,147
127,19
36,79
38,83
1,8
15,30
223,109
220,179
3,202
119,32
215,21
111,251
121,124
12,217
126,130
255,111
82,153
144,250
113,119
253,11
161,169
196,243
146,27
183,174
243,211
135,109
204,223
89,247
95,141
195,235
147,49
78,185
6,250
91,255
231,5
232,45
157,159
61,62
42,234
142,253
30,179
170,62
35,215
15,174
147,97
44,217
252,140
40,127
148,196
223,255
223,81
193,115
185,84
162,3
20,204
155,232
103,8
256,52
239,119
242,3
78,55
36,233
37,172
93,118
23,136
129,250
199,140
117,61
204,213
177,30
30,74
243,57
112,54
89,78
134,111
4,138
94,55
67,238
187,228
20,66
41,131
232,133
189,176
57,13
31,245
204,121
42,171
255,38
158,6
200,40
102,174
194,166
210,198
108,77
69,147
120,172
216,120
141,197
214,125
255,72
235,140
196,251
103,131
248,75
67,24
1,204
235,196
148,142
234,210
110,7
188,22
84,189
20,207
58,9
35,87
201,42
230,107
107,102
143,30
131,47
139,246
99,51
12,94
211,216
134,90
202,66
242,29
29,119
149,113
138,46
237,46
239,16
185,215
51,243
167,161
151,197
74,158
140,179
146,238
111,12
105,114
189,104
125,176
135,63
162,31
191,235
75,216
182,214
33,135
186,38
177,9
27,115
168,33
141,181
67,115
173,226
11,88
152,40
9,67
32,8
5,205
241,25
35,107
92,110
167,21
130,25
34,56
20,56
131,48
185,249
53,155
57,92
35,252
189,38
244,251
231,16
159,119
203,84
256,63
74,222
186,83
226,240
248,32
37,39
106,176
119,216
107,212
15,41
250,31
114,3
116,92
94,81
60,26
19,6
252,151
4,84
235,157
33,239
39,6
153,27
191,95
18,32
120,227
115,187
102,35
109,24
34,203
217,122
153,14
111,145
49,88
207,183
76,211
46,207
77,26
128,128
43,152
53,255
249,121
39,99
138,57
217,210
106,166
12,26
243,173
44,21
6,77
239,90
94,95
247,186
214,210
176,162
11,30
2,65
45,238
23,71
154,79
161,172
1,30
162,77
220,176
91,255
239,53
141,27
253,153
10,44
225,216
59,46
229,159
48,253
198,195
253,14
100,14
91,176
70,235
82,171
215,108
17,38
42,245
14,256
42,103
160,210
97,249
256,151
52,110
88,175
194,113
187,153
180,72
127,28
152,137
128,42
65,97
116,75
219,169
68,163
225,195
194,219
153,246
235,53
236,133
105,20
33,43
15,232
110,214
134,12
164,88
252,158
43,32
223,135
42,37
69,61
70,128
158,165
140,69
142,27
44,99
141,161
239,36
102,192
165,152
71,180
170,105
27,242
100,139
9,166
25,52
14,13
142,171
70,178
89,52
232,157
136,136
204,111
84,170
184,45
133,5
254,134
23,162
151,136
187,213
161,76
64,99
94,175
52,189
10,12
28,5
97,27
87,248
210,27
0,190
226,239
89,243
52,52
27,239
160,256
3,127
209,190
212,126
127,36
37,184
55,153
216,224
135,77
73,15
1,245
225,156
68,81
78,46
218,247
227,19
87,108
146,233
210,218
134,180
208,152
84,171
115,92
43,170
235,170
183,13
194,22
178,189
121,92
69,122
33,242
230,250
53,155
135,7
255,158
173,62
145,119
101,74
231,15
147,149
59,16
67,183
184,0
62,228
75,96
39,195
205,106
42,42
241,31
57,131
210,3
78,219
47,214
252,62
188,166
18,18
198,123
207,117
90,64
198,181
195,18
57,153
184,144
198,165
198,11
214,144
87,132
252,36
241,12
145,132
1,199
200,6
140,156
55,54
24,71
89,248
139,229
118,62
120,137
183,154
209,56
133,240
23,217
13,183
52,21
105,57
51,10
23,156
225,129
74,59
66,125
208,244
129,167
123,98
91,20
202,136
119,107
105,244
75,57
10,100
9,241
114,95
180,92
64,148
96,23
191,63
47,152
209,188
163,93
226,22
107,31
70,84
39,224
129,220
27,24
191,174
94,60
98,62
136,142
148,159
124,3
15,218
147,71
4,168
123,69
190,239
99,147
217,175
31,167
108,216
154,73
171,119
22,51
182,8
100,148
72,214
179,90
101,39
175,143
173,0
219,33
22,184
79,132
169,164
94,72
86,100
61,4
104,133
17,9
51,234
90,200
20,195
30,62
116,188
223,116
128,217
251,64
254,49
187,126
64,54
18,50
160,237
208,103
159,98
110,232
169,217
176,157
194,58
204,77
106,164
206,181
202,101
175,38
160,156
160,61
157,221
129,78
207,191
108,181
198,4
245,65
169,205
138,201
3,204
61,201
151,237
224,24
4,83
80,218
144,166
146,193
50,158
31,96
6,4
50,233
166,107
220,59
209,61
252,92
158,247
22,70
197,26
245,216
95,60
151,192
37,224
180,171
93,177
14,69
69,47
25,142
254,137
8,154
45,91
17,141
50,166
23,35
42,163
196,49
142,219
14,210
68,181
197,251
234,9
188,154
221,7
140,79
220,71
64,61
67,182
114,1
92,188
13,215
190,61
46,105
145,152
175,211
8,137
179,174
221,53
20,240
216,141
106,158
85,29
83,228
216,131
93,177
234,159
121,192
47,34
228,221
110,205
21,129
185,150
98,138
21,113
203,85
3,231
147,238
226,64
171,171
62,11
56,105
15,221
175,192
110,0
36,157
65,140
223,36
237,239
177,63
169,122
253,210
103,52
195,144
244,45
57,140
238,110
159,196
159,29
134,105
31,176
225,155
129,213
141,50
164,81
44,151
39,89
159,88
170,89
200,13
80,120
37,194
234,174
5,204
175,165
88,101
38,164
108,57
20,149
158,126
126,11
151,177
209,57
183,193
147,182
135,202
85,198
91,49
24,143
18,203
117,40
183,230
100,3
214,117
69,221
171,86
185,47
132,43
174,175
216,183
49,86
105,129
190,116
233,187
171,157
48,180
61,115
151,47
212,198
80,52
76,134
131,36
160,234
186,88
237,15
88,72
210,136
30,154
188,239
188,56
22,198
250,221
160,50
23,200
70,124
31,162
237,215
153,241
205,252
228,51
8,160
118,168
85,99
247,111
37,230
195,159
174,125
25,100
152,4
73,173
134,155
210,230
153,80
70,199
167,63
52,170
139,49
186,137
62,157
34,201
215,182
82,140
136,20
204,105
226,256
5,230
242,42
231,237
60,127
233,47
215,72
41,38
33,146
126,190
60,39
7,141
190,241
195,154
90,0
245,225
137,229
242,189
167,164
26,167
74,235
222,199
18,85
86,243
99,35
60,110
138,216
204,201
60,199
78,135
144,20
193,52
13,175
73,181
22,190
225,16
110,150
238,59
110,69
139,47
39,149
145,203
62,221
245,147
232,128
116,96
98,185
57,0
192,256
54,116
216,35
256,231
76,184
121,246
193,147
202,125
29,15
63,122
16,123
97,113
111,89
86,232
209,30
54,65
206,246
58,103
50,153
36,16
59,223
92,115
33,182
144,51
36,202
103,72
165,115
256,0
67,75
216,139
219,157
167,37
32,4
57,207
68,11
8,69
186,85
67,247
27,69
157,109
247,252
37,2
136,94
253,44
228,174
33,191
125,35
198,189
87,12
166,4
182,65
242,200
205,214
106,216
200,254
164,211
23,70
121,158
70,131
150,111
69,24
126,149
88,142
136,112
42,46
82,108
234,156
233,106
176,56
244,111
6,62
208,30
184,55
1,39
186,145
194,193
76,135
45,164
214,9
48,100
223,176
155,62
173,191
31,235
202,87
99,28
17,85
241,9
229,168
87,229
67,131
92,94
161,126
0,158
5,132
22,89
74,223
75,247
117,100
161,175
109,136
13,100
46,154
77,51
18,60
224,202
5,249
5,82
60,234
148,139
48,199
216,81
179,92
46,5
106,156
78,119
185,126
135,134
187,236
179,101
83,151
97,103
6,233
5,164
175,12
87,210
114,224
232,194
184,144
59,165
214,120
243,246
233,185
185,115
227,173
190,42
103,255
49,222
210,19
35,229
71,215
44,197
241,161
145,64
230,139
177,172
156,51
177,70
34,165
4,119
15,231
131,44
205,223
56,165
211,145
254,11
134,251
64,6
181,188
227,237
108,1
20,75
13,46
43,188
167,2
228,137
256,17
126,101
162,73
165,146
25,234
165,104
70,41
1,100
175,243
48,88
3,79
175,64
172,40
86,56
148,241
80,128
237,143
137,254
25,208
18,38
21,207
87,225
246,57
45,16
190,231
115,181
176,217
251,222
87,21
43,17
203,237
69,92
153,246
24,43
147,147
108,202
124,160
190,252
144,119
210,187
225,41
98,30
125,43
255,48
81,10
256,155
147,81
159,70
52,113
44,161
57,173
77,229
88,161
132,156
19,183
164,224
114,187
72,182
124,29
82,239
222,208
41,165
256,212
203,89
232,238
176,226
156,28
185,53
108,243
58,130
131,151
241,180
81,233
124,33
144,202
236,128
195,98
252,116
58,140
9,81
4,102
226,191
141,1
208,16
133,156
92,233
36,77
114,63
179,105
228,33
112,246
35,5
96,126
214,164
124,32
86,172
15,167
95,162
3,113
202,162
135,103
83,207
191,126
48,61
252,160
131,75
238,150
140,30
151,126
128,113
123,82
4,39
27,61
47,49
156,193
68,33
204,249
81,204
152,172
95,232
249,225
23,214
166,246
237,215
22,180
169,186
89,249
202,143
103,92
22,131
1,189
245,12
41,77
84,81
50,5
17,13
61,10
10,21
253,211
241,163
187,103
240,209
175,190
146,80
34,176
100,221
104,149
138,125
91,46
154,235
216,186
220,108
61,219
12,81
43,35
35,120
120,203
154,36
53,218
228,25
73,12
205,30
7,47
21,55
204,71
131,79
215,149
254,256
160,137
67,145
80,131
191,3
12,120
92,49
112,241
62,4
23,189
146,255
0,125
224,54
17,51
43,6
15,176
131,121
97,83
188,68
63,63
13,91
210,71
224,69
95,30
222,30
49,174
168,109
41,46
174,136
193,214
151,67
7,246
205,197
48,162
131,27
211,78
151,141
146,60
220,131
197,77
193,15
156,153
75,61
18,27
167,119
113,201
224,166
165,82
56,173
103,155
247,75
160,146
32,36
25,99
79,84
131,132
121,143
87,23
252,30
199,110
218,244
52,160
249,238
88,112
64,34
157,222
24,31
132,100
230,103
165,83
24,184
40,159
23,222
221,228
185,101
21,165
28,208
40,29
68,207
213,112
47,215
144,174
12,89
205,108
225,183
82,42
114,22
45,127
248,73
42,238
248,137
158,47
171,23
71,221
109,62
159,157
159,185
54,201
256,204
127,229
11,108
22,74
38,141
5,183
240,243
177,48
113,233
222,59
162,65
3,74
234,99
77,217
87,208
38,219
105,210
63,123
79,92
79,21
114,8
77,92
68,27
208,141
7,110
254,10
53,160
112,2
46,78
195,100
2,40
156,28
93,240
213,18
207,229
143,32
160,144
212,167
176,150
118,90
156,80
139,200
148,117
139,51
175,140
120,13
5,26
77,252
123,151
221,33
179,135
92,115
156,214
256,212
206,9
145,202
172,14
155,110
215,204
61,137
238,183
93,220
137,81
239,135
4,86
210,242
40,177
191,256
95,3
72,65
149,251
160,32
88,44
246,139
24,75
143,234
236,34
117,245
38,238
80,114
227,174
20,69
126,109
141,76
163,154
36,151
175,27
109,11
152,22
123,197
200,80
6,191
197,171
250,141
166,217
168,204
191,236
144,124
233,4
84,59
193,143
63,210
25,120
90,209
47,211
210,173
142,119
239,20
222,79
11,130
110,59
9,135
78,67
37,127
151,13
104,168
177,55
52,201
40,144
84,135
251,95
20,45
142,253
9,109
116,246
55,91
234,158
70,173
53,239
11,223
217,17
63,210
176,68
69,168
215,164
58,105
98,16
23,171
252,254
165,57
19,128
174,102
39,0
225,9
232,77
208,30
109,133
32,171
114,184
224,73
144,130
190,31
87,187
31,128
133,184
192,72
47,243
46,94
14,223
132,76
48,213
72,68
172,129
18,186
207,83
85,70
44,37
46,144
148,253
229,176
189,252
20,119
134,159
123,58
181,78
70,226
25,232
110,78
160,147
144,147
0,136
128,216
79,65
116,62
121,19
87,64
204,59
83,174
253,218
21,195
171,4
78,172
192,18
0,243
22,150
116,30
211,175
149,245
8,95
202,118
201,86
160,135
251,251
20,48
143,41
48,125
220,231
222,77
246,178
5,20
194,70
158,62
197,38
124,197
133,36
129,45
66,174
172,36
184,120
12,107
1,184
226,69
193,186
37,29
24,228
182,108
197,64
182,150
237,218
217,39
160,167
217,149
121,152
71,20
182,235
220,109
123,138
144,161
237,212
6,164
35,7
126,221
82,74
204,224
86,122
219,16
229,198
157,56
246,154
133,240
179,38
168,234
42,4
188,76
112,128
134,65
212,141
54,186
138,136
64,32
120,127
47,34
39,109
4,28
4,135
204,110
137,15
127,107
29,241
176,208
36,16
150,169
169,23
124,128
107,81
7,134
184,146
36,121
15,142
206,92
1,34
21,154
95,76
106,239
224,164
71,79
161,170
154,254
165,87
120,189
64,163
229,58
129,181
93,155
157,59
45,240
91,244
106,23
164,118
112,88
2,212
240,86
158,18
110,161
239,42
10,16
171,47
208,211
144,112
6,171
97,80
250,228
106,97
33,227
124,254
188,94
181,172
16,90
97,96
153,42
204,235
172,21
174,165
28,46
239,55
101,80
36,167
28,109
127,108
87,85
23,49
38,140
120,249
239,65
137,1
244,133
4,138
97,207
34,155
223,230
183,162
124,222
201,107
12,3
104,175
184,133
50,51
119,234
50,72
97,126
156,11
85,192
244,95
203,102
14,5
159,49
113,199
38,145
131,220
256,7
21,3
5,194
96,134
98,8
43,136
144,124
236,33
96,107
75,230
238,97
136,166
100,242
256,67
45,179
87,214
27,160
121,141
13,3
84,82
14,73
70,206
86,197
50,26
69,191
88,103
31,256
62,240
80,129
157,14
229,196
127,195
13,192
209,181
177,151
224,141
70,81
190,109
217,139
90,143
49,160
247,130
109,116
24,35
221,119
180,12
63,109
117,8
102,172
46,221
184,130
253,227
68,53
199,108
111,71
227,168
202,253
234,107
10,141
52,101
45,131
109,213
88,79
168,94
231,162
201,4
143,93
56,122
117,119
30,19
4,96
212,52
147,50
222,30
203,5
38,56
148,92
199,32
126,190
132,147
33,121
79,140
242,156
252,143
233,53
237,44
30,190
27,162
34,196
32,127
135,242
177,138
58,116
159,43
53,8
147,115
204,197
126,15
217,50
129,118
7,192
224,156
165,170
44,219
187,240
176,180
245,31
55,43
12,63
175,178
42,93
111,165
34,136
156,118
121,34
218,232
149,244
155,65
73,97
3,90
157,27
153,77
160,1
67,251
157,133
187,153
252,62
129,66
189,152
223,141
78,137
154,45
196,213
4,108
105,17
181,235
15,25
203,10
136,14
161,87
144,164
165,162
195,104
54,82
191,219
199,5
91,104
156,112
81,198
140,30
98,217
66,150
252,94
106,147
114,198
218,163
78,40
189,86
110,191
209,243
122,115
133,221
134,108
37,140
122,155
142,56
179,203
15,248
216,254
33,245
187,89
195,6
212,251
125,131
248,202
91,244
101,253
245,40
198,76
80,73
230,198
178,158
168,213
140,215
165,18
165,55
248,165
172,52
235,210
231,94
203,80
128,238
147,35
72,71
162,2
215,41
187,185
89,224
127,56
43,37
120,209
148,200
122,219
113,104
66,57
168,191
209,249
68,208
150,151
7,214
190,170
30,255
227,208
175,250
247,251
31,88
84,40
252,19
165,190
168,115
207,59
248,60
29,207
63,240
49,4
15,141
215,133
171,169
203,163
99,144
184,230
97,187
158,0
64,237
98,149
115,184
75,77
177,235
182,203
46,69
255,57
176,93
112,213
209,144
134,226
62,159
146,130
35,188
1,31
7,80
183,89
254,48
251,118
46,32
208,251
43,222
129,240
143,236
56,169
86,150
176,12
118,52
167,207
15,16
218,131
186,145
215,7
200,133
250,23
14,140
34,36
190,95
207,79
140,114
9,2
71,46
73,218
159,175
79,8
222,213
105,188
184,68
71,254
51,200
133,0
20,15
222,194
165,131
244,114
237,211
41,155
40,166
102,107
167,124
80,206
2,188
91,31
35,60
252,63
73,189
187,70
237,199
1,79
224,110
213,231
108,32
242,193
212,41
121,56
123,204
148,129
180,255
189,246
133,110
241,108
187,212
219,24
193,96
60,166
204,16
203,230
218,148
202,177
131,191
213,189
109,232
135,15
199,252
165,256
236,166
93,204
153,237
78,96
93,25
183,180
60,236
29,177
227,42
95,141
54,45
22,141
220,179
37,163
232,106
38,108
130,49
118,181
161,116
78,113
26,188
236,84
63,110
164,100
218,83
243,110
155,78
245,238
40,233
101,241
210,242
221,198
45,232
237,145
66,124
180,194
245,165
233,111
18,119
169,168
158,252
93,110
5,57
234,31
68,151
172,114
215,96
69,144
143,10
62,7
193,56
228,240
0,81
189,10
13,182
150,47
60,153
89,240
185,52
211,32
195,205
172,128
20,224
197,124
163,225
138,196
165,53
97,145
74,116
1,58
112,213
175,228
81,78
157,179
108,28
252,128
91,210
105,70
97,252
36,122
88,239
10,12
185,218
234,141
95,220
48,104
145,243
86,173
73,161
215,121
76,61
71,90
179,72
152,193
196,40
79,126
253,246
95,192
81,23
231,208
168,68
132,204
210,211
219,0
52,53
3,222
146,101
244,25
208,31
177,173
102,22
38,51
72,33
22,62
149,125
111,88
157,23
162,2
40,131
129,177
184,124
46,247
161,245
27,235
78,44
200,164
49,154
133,23
62,226
223,1
142,120
236,16
80,172
74,186
94,229
248,123
2,146
82,51
165,143
90,102
76,145
110,210
22,129
153,166
57,229
74,242
38,167
139,57
42,244
128,135
229,56
141,34
40,209
75,145
2,142
112,86
55,151
186,139
27,256
179,17
139,2
75,230
201,172
14,207
169,66
158,201
154,108
81,159
188,22
31,210
185,131
102,154
130,52
167,114
117,148
183,202
78,227
1,160
108,68
221,72
113,100
164,250
28,117
253,108
71,156
131,173
187,105
95,236
179,247
224,11
5,209
229,141
90,161
142,75
79,184
217,149
112,159
140,28
62,131
204,218
239,136
2,191
60,150
17,220
102,136
134,227
161,185
202,88
217,168
216,232
41,255
90,218
77,212
62,172
22,147
3,181
93,107
49,217
223,12
210,102
103,93
180,79
66,121
59,2
107,196
224,237
97,195
67,203
9,255
62,64
151,250
82,73
12,66
194,29
174,212
182,39
175,150
31,191
68,19
117,191
179,147
76,146
151,10
215,144
138,14
109,113
198,159
16,7
133,41
110,232
29,47
179,123
229,23
143,150
247,132
110,238
19,18
168,156
112,103
101,145
19,84
239,235
237,32
149,153
28,174
126,175
104,7
66,10
119,208
159,51
29,138
107,83
195,137
119,90
88,66
66,153
185,213
22,105
54,79
255,140
71,36
152,34
62,78
238,216
10,229
72,65
189,193
204,61
111,203
8,195
212,149
41,112
182,5
127,157
129,5
254,213
77,63
194,147
126,23
208,100
115,224
165,247
149,215
137,99
208,15
255,95
230,120
27,78
36,27
127,7
224,149
224,120
17,236
154,143
73,252
30,150
24,86
253,200
138,154
20,29
124,125
185,223
220,36
241,240
106,5
132,192
134,229
173,244
120,93
24,238
27,65
190,79
130,186
135,184
13,173
160,65
120,4
221,83
239,139
185,33
165,135
39,108
91,74
177,77
103,144
181,128
3,176
154,184
37,171
106,170
243,152
228,36
54,191
230,102
205,71
42,247
92,116
108,210
152,221
225,83
88,82
18,142
117,81
187,158
235,198
235,127
20,21
208,204
126,248
71,72
213,70
232,44
133,155
228,59
54,230
57,226
110,193
199,59
159,233
85,81
51,199
172,24
226,157
134,77
2,107
77,136
26,242
104,156
106,79
73,72
246,117
2,122
15,37
54,82
17,49
103,20
242,95
146,155
242,180
213,255
126,210
142,175
9,8
241,175
103,95
126,219
200,6
127,233
199,107
201,217
166,229
177,239
23,205
139,28
201,71
0,252
163,204
193,203
157,118
15,107
81,222
68,253
92,221
16,249
76,246
243,119
184,206
143,208
95,226
137,187
24,218
8,250
23,79
8,103
147,118
111,2
4,58
82,12
0,138
82,124
33,239
17,219
41,112
133,251
105,171
256,247
115,42
214,101
163,71
153,132
152,105
51,211
16,66
69,123
211,240
230,204
104,40
122,134
98,178
45,150
31,104
158,64
174,47
236,14
43,19
240,172
40,113
66,168
115,199
35,110
97,68
75,81
233,163
100,106
246,95
35,94
239,163
235,181
29,51
180,161
205,26
121,12
243,18
116,49
143,102
216,254
219,67
139,248
106,147
45,60
89,4
139,31
236,129
39,132
184,30
157,252
250,67
217,172
137,122
177,27
7,5
41,58
85,81
251,103
40,203
254,209
6,26
59,113
256,85
118,171
117,166
91,161
238,154
254,103
98,30
142,240
208,137
125,134
99,198
227,207
96,226
67,101
172,111
103,48
73,202
149,128
11,255
71,70
162,224
0,108
26,173
171,235
115,233
114,183
223,203
47,75
17,137
73,178
24,135
1,78
103,113
199,133
238,235
85,91
48,106
136,112
221,85
165,151
104,244
197,114
66,176
171,64
49,141
124,75
158,129
33,44
223,121
105,185
165,13
157,228
255,73
48,125
140,172
72,59
103,43
63,179
114,92
37,150
209,93
212,84
217,219
28,8
107,251
32,139
26,143
46,208
137,206
3,209
93,113
74,242
108,224
99,59
123,41
193,256
77,237
201,97
142,190
188,54
93,109
139,16
22,216
28,24
71,191
139,77
79,232
9,50
81,87
4,2
35,204
1,183
158,126
176,9
252,246
97,81
70,134
101,25
238,91
30,114
38,202
145,197
230,103
241,227
157,95
169,43
215,241
11,81
251,165
44,65
92,36
46,147
148,54
79,66
124,212
201,83
23,8
10,94
107,238
124,184
63,187
9,47
213,147
107,91
209,11
134,202
171,251
24,178
30,190
118,18
126,227
230,114
138,179
22,229
201,150
66,186
75,156
118,63
107,22
153,103
8,246
243,185
30,93
3,69
183,255
208,24
53,133
56,226
119,72
204,15
240,1
159,81
146,33
209,200
84,95
41,18
249,246
140,247
180,6
137,224
114,222
171,239
80,109
229,44
252,221
236,253
53,215
156,156
60,243
126,160
178,215
16,13
242,123
128,245
236,7
204,122
249,35
180,191
197,165
100,1
235,221
49,81
63,178
14,172
179,118
88,84
81,121
164,120
242,170
188,138
94,59
171,200
91,2
160,49
2,240
33,187
168,196
210,229
57,178
160,91
179,217
39,75
172,245
4,219
233,162
197,174
239,211
247,105
180,242
253,44
142,242
19,83
66,194
65,130
121,212
144,105
142,221
15,87
143,70
234,136
117,153
121,170
206,26
164,66
18,246
256,114
224,191
40,134
169,33
204,203
248,78
140,204
202,85
158,4
185,6
78,41
135,167
183,121
154,27
85,112
253,175
226,87
58,101
1,68
256,156
48,104
85,233
19,175
189,136
68,69
149,72
57,17
83,19
238,236
36,22
76,166
201,148
165,12
200,61
121,195
118,202
79,50
7,96
136,95
205,88
217,78
123,136
229,229
223,33
193,172
76,248
51,10
216,224
89,51
93,101
27,78
145,93
5,241
26,191
209,175
59,248
160,46
140,168
214,167
72,106
159,109
164,206
176,6
123,56
103,137
185,89
8,4
170,251
156,138
77,170
195,138
143,197
203,239
34,79
95,144
229,168
66,30
10,245
125,210
111,188
211,41
75,137
68,97
124,14
188,225
120,160
0,14
92,128
115,200
253,255
10,153
244,26
123,195
120,42
195,224
163,197
157,47
123,46
101,98
244,40
246,174
190,251
30,169
72,14
204,117
14,73
190,216
192,92
25,215
195,242
51,33
214,115
60,229
77,192
178,204
50,99
253,165
166,83
44,150
78,143
67,23
80,218
111,249
23,11
195,256
214,105
215,13
10,116
3,244
165,177
232,19
103,71
186,61
82,238
167,125
52,253
15,202
27,146
194,23
190,107
31,74
176,119
22,82
246,201
239,255
71,182
120,248
254,130
165,92
68,16
145,180
199,125
33,209
183,158
45,166
79,133
0,203
46,133
41,217
55,96
101,157
31,28
200,51
42,81
68,16
105,232
206,242
200,125
135,173
153,59
177,54
90,213
85,202
88,187
208,16
200,152
230,118
142,195
108,113
168,21
54,66
73,0
179,181
70,88
183,124
55,20
9,127
16,133
146,212
69,247
3,72
56,235
152,1
13,105
188,29
246,91
27,147
153,127
129,182
48,209
150,73
255,189
207,41
46,126
215,1
154,220
69,179
219,64
38,177
34,91
65,85
137,101
173,97
167,155
255,187
23,221
232,241
207,154
62,229
3,110
116,20
184,108
232,236
208,203
180,110
120,164
167,17
223,27
163,226
255,256
160,133
192,6
209,255
213,165
38,41
212,101
246,205
91,128
88,248
13,197
98,216
173,30
17,107
130,237
79,253
91,117
236,86
125,147
115,252
130,59
140,117
201,240
254,32
137,67
230,45
193,148
101,100
24,181
83,56
88,141
144,155
120,101
56,205
126,207
223,61
144,203
8,56
110,69
212,70
213,97
98,79
197,101
229,224
234,15
64,102
105,54
105,36
153,29
12,170
131,39
185,139
94,90
109,51
237,37
206,248
52,238
83,28
65,215
111,209
195,249
173,239
110,216
163,36
203,125
64,45
148,51
213,243
29,213
27,191
186,252
61,214
61,120
134,162
226,200
249,104
159,46
220,187
98,49
75,22
30,101
249,39
182,159
233,233
170,38
13,57
135,64
211,230
240,103
84,26
107,61
47,218
246,157
78,17
254,178
172,100
69,19
174,54
222,204
133,219
89,27
55,129
23,62
66,98
44,133
155,86
114,202
57,129
256,99
116,212
160,17
66,126
121,35
115,15
146,164
13,145
48,246
44,108
31,196
40,193
248,35
107,141
42,27
74,138
251,163
152,184
48,141
66,94
52,87
153,244
210,235
173,78
148,91
111,252
223,203
135,134
130,244
64,251
227,122
145,234
35,204
248,134
82,85
154,73
221,98
117,85
155,13
165,242
71,74
231,229
75,60
34,242
20,114
184,84
174,218
5,183
93,103
21,65
159,173
111,50
33,55
141,162
151,227
184,230
8,242
69,126
4,97
245,20
48,198
201,245
11,163
215,224
11,177
186,57
150,79
201,69
163,58
61,237
240,105
28,215
88,187
193,91
230,214
110,172
176,170
108,167
230,177
143,222
168,241
200,9
25,169
156,141
64,110
148,92
216,178
17,78
239,3
211,73
120,36
166,95
0,21
92,109
209,174
211,125
248,150
256,212
140,175
3,15
81,176
162,122
130,92
94,216
241,158
107,218
156,20
191,89
184,132
253,37
3,65
238,117
15,81
255,186
137,121
176,156
123,12
229,124
244,193
226,64
58,231
19,212
47,236
156,102
50,27
115,174
55,166
104,222
238,74
137,161
2,39
169,101
159,18
138,145
100,99
221,70
184,222
90,212
156,43
57,66
217,211
68,232
54,129
187,168
256,253
121,117
197,6
216,102
85,63
173,192
233,19
75,104
254,185
202,232
139,247
212,208
114,54
19,44
136,92
74,124
212,84
122,97
139,189
151,200
197,76
133,243
36,205
245,246
86,228
54,181
190,107
232,15
194,111
42,176
35,149
155,118
129,212
158,216
177,156
185,181
201,31
52,25
250,149
5,104
131,191
14,124
196,243
182,15
34,235
45,248
24,89
70,211
192,221
167,17
97,245
103,39
194,165
116,14
140,86
139,72
0,160
143,161
118,77
89,203
8,21
72,51
226,111
193,182
240,102
247,105
210,166
242,92
2,144
207,153
38,23
5,39
131,235
52,170
82,25
241,220
146,142
231,8
5,159
215,62
107,224
214,139
40,186
221,240
182,121
245,173
122,15
174,107
220,75
142,232
94,177
223,8
194,40
97,42
233,8
223,163
240,160
250,41
189,128
164,29
150,100
54,45
220,217
169,143
36,178
196,55
109,211
220,65
247,60
128,244
6,163
162,125
84,73
192,150
71,121
204,198
65,47
228,187
239,92
89,203
150,164
158,81
72,221
135,145
65,153
152,56
154,56
252,253
215,39
119,12
72,216
140,10
2,89
193,11
254,71
3,89
10,207
3,193
67,107
203,104
123,213
17,199
143,232
222,250
102,37
194,87
123,92
229,143
202,100
1,245
74,11
39,120
111,238
98,96
49,200
3,9
181,19
129,80
132,110
254,223
81,213
191,69
234,233
141,248
177,128
180,183
227,219
128,247
124,61
168,173
142,153
200,62
151,60
75,129
109,139
250,50
245,131
70,248
183,211
234,106
173,61
144,188
176,87
189,75
76,33
158,158
32,118
231,12
84,139
25,164
230,27
61,91
36,170
210,27
181,202
219,50
49,150
124,181
69,241
240,49
158,222
63,72
146,102
59,107
68,32
212,72
41,21
172,141
101,40
129,134
62,199
87,129
50,124
20,91
247,19
232,225
148,58
168,102
53,142
104,41
151,153
164,70
22,51
111,223
167,57
3,228
160,6
124,247
164,97
254,60
81,92
139,247
38,24
64,63
220,138
213,163
227,125
93,197
176,71
59,61
150,74
19,41
166,141
198,134
174,195
153,216
207,197
163,242
56,154
10,213
22,75
131,165
64,90
227,18
243,161
61,89
147,156
86,255
99,23
185,103
70,209
195,37
216,177
48,82
209,30
255,92
210,64
62,38
94,103
9,144
67,59
132,204
33,139
24,47
131,148
154,213
101,94
78,136
230,217
248,252
189,228
209,197
45,142
134,233
39,88
218,87
0,38
1,243
146,18
240,55
154,38
201,138
127,175
142,53
134,40
148,175
226,150
13,213
204,173
237,95
224,40
197,16
247,8
222,161
45,218
236,23
241,239
6,214
14,194
169,55
244,98
140,184
226,9
63,119
118,17
150,254
107,191
65,127
189,65
96,29
57,136
69,57
177,248
49,77
28,62
228,212
238,232
205,167
61,206
24,155
183,41
226,117
105,20
37,183
101,200
111,122
153,196
203,43
42,150
56,251
49,69
10,251
155,93
246,143
163,97
219,80
53,101
27,250
35,199
35,143
11,199
209,110
246,174
199,221
175,230
9,45
81,118
119,175
142,109
212,253
150,82
181,56
104,241
177,15
145,22
120,19
183,107
90,190
156,240
175,142
223,44
54,209
77,229
151,236
243,203
10,228
73,3
215,253
92,123
136,115
167,31
72,201
143,29
109,41
195,177
234,85
104,4
180,132
83,200
185,49
20,64
14,231
115,16
252,245
245,213
228,252
88,18
33,249
172,0
6,152
170,212
155,238
19,114
30,174
69,37
229,57
244,235
186,168
69,26
175,19
201,188
151,199
95,67
99,14
244,181
250,74
37,180
160,203
189,157
58,7
150,134
69,134
129,242
40,201
197,172
47,42
210,224
240,225
176,59
170,63
194,218
144,205
227,4
206,198
74,117
86,62
135,238
85,196
217,72
79,90
196,124
8,252
234,124
79,18
187,41
4,211
220,19
193,17
205,182
175,122
136,116
200,28
174,50
252,6
33,116
41,139
74,226
116,88
137,174
136,73
140,201
11,17
108,142
234,43
170,138
49,246
128,83
234,0
7,156
208,45
118,23
146,41
201,194
185,124
92,65
41,205
39,174
5,173
19,78
53,32
215,158
193,187
115,68
228,210
221,117
207,125
75,231
196,89
38,98
20,91
44,193
30,0
15,46
233,102
48,230
18,59
189,20
92,46
28,244
230,11
188,237
112,78
144,42
177,5
145,247
111,198
169,40
93,123
210,180
208,215
20,153
134,93
172,157
91,76
198,63
44,83
42,155
138,132
57,248
227,137
48,211
238,2
9,253
37,237
30,168
74,68
1,78
171,196
139,197
33,71
166,213
108,79
195,228
182,246
240,206
122,95
231,29
42,98
113,224
18,177
184,60
220,68
204,151
151,30
108,110
115,206
32,227
218,178
241,26
43,222
144,62
80,46
182,171
78,193
196,1
59,88
151,27
151,48
247,239
11,97
67,192
2,209
186,22
186,6
179,118
115,13
88,161
254,59
150,40
4,206
144,177
136,29
215,226
159,67
33,221
172,113
142,231
56,17
92,20
103,210
164,154
100,8
152,65
123,36
51,142
103,154
143,37
43,15
208,94
49,90
72,129
237,33
63,214
123,248
121,194
16,251
198,250
125,117
53,64
14,39
77,86
119,90
127,151
246,8
220,120
35,153
161,105
221,81
236,28
250,212
99,27
56,116
8,194
105,142
79,143
90,169
92,41
130,63
79,230
45,142
170,58
38,43
75,159
59,125
118,217
123,165
238,129
183,215
230,248
233,76
235,71
150,234
235,123
216,107
142,82
168,82
232,165
50,197
69,196
195,184
59,76
153,33
158,88
85,91
108,243
150,59
249,131
197,139
165,189
181,226
156,170
86,179
12,225
118,126
2,3
132,182
73,185
51,48
108,20
228,115
18,7
221,185
256,118
57,43
116,27
205,189
253,139
3,193
28,87
168,222
254,228
9,105
28,70
188,9
100,200
206,180
0,42
192,6
121,10
9,60
213,40
25,22
28,26
47,77
243,125
75,211
235,195
199,157
102,217
168,167
188,114
211,101
119,194
26,71
250,54
208,225
38,21
138,67
67,212
127,28
83,242
51,190
95,100
134,254
106,4
200,10
217,123
61,127
251,45
28,249
79,204
38,100
17,87
38,67
0,130
153,27
245,233
214,200
108,168
125,183
80,63
140,80
165,48
17,104
42,121
251,166
6,81
215,50
137,203
114,2
179,54
118,158
213,244
23,125
199,28
245,252
183,44
58,146
80,160
36,131
104,250
244,204
93,119
216,165
72,186
193,4
185,176
211,124
12,209
72,104
243,243
0,11
116,146
230,154
174,247
199,185
233,141
189,158
64,74
137,225
96,154
8,7
165,40
82,49
245,1
84,203
8,168
217,122
6,237
127,137
201,61
164,53
74,117
9,179
28,226
65,56
30,73
39,53
53,223
186,234
185,24
115,64
235,125
35,160
123,83
17,124
194,228
247,86
253,193
122,198
224,66
11,101
156,124
248,57
145,188
155,212
153,161
241,58
226,75
114,255
190,37
116,145
29,171
147,244
64,194
107,133
215,190
238,63
161,200
50,68
200,61
39,108
67,70
18,247
101,53
167,115
166,53
129,74
26,53
204,41
14,203
87,182
59,129
28,105
144,42
23,104
124,44
242,4
207,9
37,156
222,68
96,15
28,49
192,213
216,104
84,234
253,107
162,62
169,137
48,219
17,227
149,71
185,102
161,67
105,161
107,107
228,135
151,3
174,187
71,25
98,133
161,179
151,208
238,103
191,131
95,36
160,242
109,76
200,46
105,229
227,248
17,204
166,4
232,200
239,226
228,108
2,77
250,236
171,25
76,173
93,111
70,178
132,191
19,130
27,93
114,66
75,158
253,81
65,237
172,103
144,186
205,208
62,136
231,108
132,15
104,149
241,29
0,14
240,12
82,88
50,41
20,237
0,242
235,225
113,217
49,173
239,149
143,244
123,215
249,94
163,237
178,160
120,158
126,17
198,146
224,209
190,180
195,250
69,216
55,83
8,165
187,203
173,244
28,47
32,187
21,87
156,74
198,74
59,242
256,196
12,13
220,183
103,69
234,125
228,114
218,189
234,212
31,256
12,57
33,86
2,38
232,79
38,52
57,200
106,253
115,119
255,190
143,82
124,51
85,244
252,81
51,84
16,227
149,46
98,59
109,256
39,140
229,227
33,215
224,159
187,17
104,37
183,214
224,38
98,45
177,238
127,253
0,201
162,213
113,91
199,36
185,168
160,119
0,1
214,97
165,166
153,2
112,205
118,238
58,140
89,226
239,133
75,213
172,241
75,180
175,187
192,249
55,89
13,139
176,244
7,181
123,50
119,57
212,161
246,60
62,121
138,192
244,115
104,171
30,221
150,128
117,193
169,155
72,79
108,203
102,163
54,65
159,197
107,140
68,32
87,92
54,31
26,96
108,97
86,228
51,55
81,35
211,219
41,133
229,234
207,126
42,191
217,97
246,228
215,141
158,81
240,54
219,42
48,137
24,127
67,232
209,118
151,25
219,187
120,89
177,148
74,18
107,237
1,188
21,72
5,64
195,28
130,22
58,11
83,202
138,33
161,186
10,173
6,113
14,248
115,4
16,135
46,203
107,236
209,247
157,139
193,228
246,58
98,244
156,37
193,190
232,78
160,46
205,254
107,41
168,148
245,0
87,145
175,58
141,115
27,90
184,143
29,249
52,169
81,176
165,252
158,187
116,214
211,8
211,82
70,158
83,59
163,2
238,8
205,124
195,158
105,214
168,1
130,233
133,210
195,39
130,58
18,223
243,12
170,203
215,110
212,140
240,228
134,81
28,163
135,110
80,147
236,250
192,201
3,236
248,46
89,165
88,195
10,66
243,24
132,6
233,249
214,241
110,209
128,171
173,165
137,214
82,17
113,102
172,37
154,18
95,128
107,54
219,140
109,92
132,61
225,229
52,189
108,29
40,99
38,180
85,68
238,51
48,46
183,216
58,42
15,101
79,51
46,203
76,29
118,153
79,187
43,173
243,8
176,85
253,101
243,255
102,181
126,152
39,90
126,103
146,163
154,199
171,204
91,145
173,228
115,42
166,225
51,223
154,17
233,150
7,56
162,35
160,13
113,40
190,138
36,143
58,181
200,103
167,97
61,105
108,207
209,192
58,22
118,26
26,189
58,158
17,200
113,220
122,16
110,164
218,10
87,225
226,26
13,217
225,124
244,47
244,103
115,27
156,138
256,248
11,198
171,248
165,5
5,58
217,32
62,155
24,198
223,6
50,173
213,201
19,47
188,66
16,226
61,226
186,217
201,65
213,236
76,202
173,106
245,29
198,107
187,134
178,4
177,12
201,43
1,18
42,2
63,249
175,146
20,241
96,148
42,246
96,81
48,46
93,192
69,248
55,18
56,195
83,4
99,131
209,150
71,15
14,183
110,19
23,242
162,256
81,98
124,210
250,200
47,6
142,83
200,5
57,10
51,26
53,45
117,108
59,238
186,136
143,25
57,243
77,67
149,138
46,171
25,91
56,40
79,108
57,105
96,210
245,251
160,199
27,244
202,116
54,39
226,164
175,229
59,89
190,184
33,166
171,175
212,213
169,73
122,235
4,109
94,17
192,146
27,4
86,225
224,159
45,214
126,30
181,191
155,167
77,104
251,83
86,237
28,218
61,200
222,199
246,169
233,234
2,55
176,47
169,241
254,100
153,101
42,167
68,233
12,165
135,231
39,183
17,81
117,206
74,167
123,113
111,27
166,15
208,206
204,42
30,254
111,1
128,98
57,113
186,31
243,28
135,77
84,194
30,160
150,101
234,25
207,53
129,155
5,10
42,163
140,52
35,256
15,126
75,168
105,44
210,189
220,113
50,15
21,235
254,222
131,129
208,225
22,20
89,122
167,121
253,149
248,103
208,42
28,245
94,253
104,189
94,124
123,252
29,40
198,233
177,90
235,43
74,200
176,98
68,233
196,120
106,158
206,177
148,90
75,209
94,111
177,222
170,91
202,173
165,126
244,20
17,71
56,18
234,240
230,112
50,202
187,249
29,66
116,183
141,116
133,8
42,40
250,234
172,64
98,109
21,8
79,246
168,233
20,32
81,125
217,242
255,139
158,254
115,149
254,248
220,204
62,27
181,141
224,232
89,120
151,170
166,41
218,122
236,112
29,163
182,190
98,7
14,105
73,234
247,250
62,92
43,107
125,211
32,142
113,80
89,51
199,121
35,68
45,251
81,53
192,168
206,42
76,247
156,38
30,61
92,108
207,99
224,176
133,134
241,21
77,72
108,122
9,59
166,58
50,73
25,117
65,32
86,240
175,197
61,6
253,229
84,16
19,167
159,240
103,192
6,15
249,104
245,67
245,81
248,59
193,150
159,206
235,89
209,66
76,88
252,203
236,234
85,226
176,82
69,89
75,193
88,42
130,56
128,37
226,219
33,12
61,89
14,39
185,200
130,86
198,124
77,185
181,237
46,132
45,82
253,93
154,125
114,247
215,244
104,39
179,195
50,26
144,92
25,192
230,35
101,27
202,255
106,15
172,147
59,184
184,176
203,9
112,90
181,19
186,162
35,48
221,141
238,130
161,198
127,128
158,160
177,90
75,92
51,23
15,117
54,210
8,136
12,94
132,187
118,44
9,150
104,201
44,54
142,35
222,189
88,99
82,107
133,161
213,13
71,114
215,201
173,160
126,88
198,81
160,232
58,133
198,219
24,42
161,2
73,67
47,59
19,193
203,238
5,117
65,177
221,148
251,3
0,166
40,200
187,148
209,105
4,155
243,1
240,242
238,63
131,174
1,120
97,208
161,153
47,114
236,149
126,141
17,165
126,182
197,43
98,4
50,46
138,168
191,7
110,203
37,179
16,207
122,197
15,57
50,110
67,166
151,214
187,132
97,39
160,8
109,74
145,56
225,29
244,69
29,78
211,66
17,53
92,217
172,218
111,85
86,8
242,33
65,25
110,145
167,167
9,197
96,144
143,164
197,100
254,242
198,109
124,48
141,60
136,131
103,239
102,180
214,174
115,64
147,13
123,60
195,66
241,119
32,230
165,156
10,211
9,91
64,120
33,102
251,114
7,14
40,147
191,170
59,193
159,52
104,176
106,71
120,222
102,226
86,203
204,98
222,134
193,113
34,17
5,187
83,209
224,80
198,80
190,243
216,102
152,226
30,44
70,205
148,84
70,223
121,42
22,135
216,95
133,87
58,123
180,100
71,229
120,179
14,59
107,187
214,5
218,227
235,41
62,116
41,251
154,172
180,200
195,256
127,4
89,214
223,123
106,64
57,178
103,97
25,132
236,97
99,86
102,26
196,78
190,229
74,140
248,157
26,62
231,250
103,7
210,214
19,69
7,197
239,176
15,148
14,45
58,225
169,233
126,87
165,31
19,113
232,232
130,87
214,58
74,146
175,105
122,155
207,156
196,80
165,144
74,218
185,22
198,252
17,191
160,189
110,198
236,139
240,64
10,221
42,77
54,2
91,72
44,141
245,64
157,256
51,121
32,63
41,43
199,184
71,229
208,61
35,29
98,18
221,188
24,72
135,9
154,98
143,176
174,135
43,30
10,18
37,163
24,222
57,71
200,250
16,49
30,134
8,186
117,153
102,105
42,0
67,6
48,121
226,52
62,211
140,44
158,146
60,28
145,187
26,233
253,241
178,214
171,177
255,231
137,83
80,10
247,52
190,136
119,20
140,41
44,106
79,110
228,177
131,247
56,31
203,201
138,151
194,70
200,96
180,89
248,208
192,8
242,211
28,244
33,222
95,196
65,231
79,231
185,218
183,256
145,23
28,253
149,17
88,111
12,117
193,203
38,249
46,139
170,202
51,165
188,166
100,106
169,44
136,240
196,78
214,192
165,243
227,108
54,139
104,216
55,209
190,14
198,180
72,32
205,78
214,229
134,45
48,90
104,200
132,227
6,89
95,25
126,77
225,239
212,251
92,104
20,171
84,54
114,198
211,117
226,110
246,69
4,199
60,1
186,206
40,97
49,149
197,6
253,249
245,140
114,85
180,91
211,131
202,0
252,253
174,238
226,107
97,227
116,242
99,29
162,213
208,43
11,50
151,140
184,5
167,105
202,180
83,106
142,222
220,18
139,181
90,42
218,160
59,226
27,99
128,237
103,141
128,108
139,139
252,150
247,140
19,165
36,145
19,194
172,213
214,208
57,89
202,149
227,251
137,66
12,93
24,134
128,1
222,129
169,127
68,232
250,154
251,179
168,197
205,34
224,53
9,185
198,146
75,196
41,219
255,5
226,51
196,95
63,89
192,88
239,112
13,117
58,44
161,62
23,79
123,33
173,238
250,217
6,216
65,227
152,194
249,34
86,230
121,234
52,44
9,245
238,254
14,148
151,212
101,21
99,40
113,85
30,199
251,162
193,89
115,39
73,244
238,71
256,235
135,18
42,105
144,210
2,161
144,202
76,247
19,131
38,99
175,102
129,165
103,162
173,236
174,248
206,106
62,237
23,235
51,64
144,149
207,96
18,217
28,79
134,27
97,229
66,105
118,19
118,132
176,236
202,104
100,245
204,49
81,24
160,243
98,85
144,151
162,244
72,170
139,124
77,104
60,212
140,106
214,179
27,202
86,162
95,233
129,120
113,20
49,10
62,77
229,239
108,184
175,164
38,59
127,256
134,63
139,35
179,154
238,169
185,191
137,170
10,81
229,16
116,84
39,0
31,169
207,115
23,248
89,155
186,70
166,31
78,88
108,1
116,114
117,232
159,133
13,128
132,177
9,32
111,134
98,79
38,169
241,62
181,50
193,4
158,56
155,10
174,83
235,253
68,95
84,8
142,33
134,229
78,228
74,188
220,236
201,6
244,65
149,143
122,126
223,244
195,29
201,194
129,15
228,239
59,23
4,224
28,191
69,230
253,103
95,134
161,249
196,215
201,36
22,40
149,79
79,113
67,122
113,187
109,106
136,29
94,114
93,12
193,175
150,91
139,156
153,71
93,14
244,123
13,242
42,32
80,100
164,85
71,50
190,249
199,194
115,96
183,176
247,128
65,248
20,229
59,15
151,242
212,46
126,123
39,102
47,6
226,233
114,52
179,225
175,4
127,21
182,89
108,93
124,87
19,183
214,131
32,107
132,78
256,176
63,238
227,188
118,6
143,64
44,72
190,70
228,85
132,164
79,124
122,83
173,149
73,50
39,180
239,113
180,245
134,245
81,108
239,171
155,14
30,218
8,123
148,228
101,49
139,109
231,35
201,223
114,246
55,46
106,125
227,233
218,140
204,216
22,61
182,204
211,246
92,15
161,211
22,155
184,248
159,4
103,203
24,186
239,107
89,52
254,138
208,79
6,256
133,95
96,187
106,35
150,217
229,149
163,256
251,125
215,184
43,141
52,249
136,8
75,151
171,254
218,169
171,197
25,61
171,143
245,44
30,140
206,216
112,186
136,26
36,112
211,160
246,102
176,67
212,65
42,160
248,222
110,85
86,38
124,94
209,212
165,108
240,132
145,120
61,233
110,84
244,214
43,182
241,62
152,117
249,35
100,76
41,163
67,17
194,115
230,204
226,108
136,104
251,209
110,189
228,93
49,74
202,167
186,63
199,10
71,185
221,0
198,241
151,93
87,4
166,179
200,117
156,117
117,83
128,246
103,216
168,87
174,44
144,124
114,239
249,77
246,77
203,248
148,81
67,239
242,238
16,144
4,150
215,69
153,60
136,141
115,97
246,56
177,189
25,250
192,10
68,42
115,14
56,194
229,48
215,32
66,160
39,60
47,110
124,93
71,52
256,139
123,47
206,165
181,236
108,34
16,160
45,108
41,14
10,18
239,76
64,129
149,152
151,45
75,247
228,66
133,173
123,70
7,249
37,180
62,196
78,107
167,229
106,165
238,5
183,144
41,69
192,221
68,237
120,174
70,174
105,254
256,140
6,199
142,168
213,59
103,22
125,161
235,71
118,122
42,115
145,75
186,213
196,224
185,220
97,77
80,41
124,182
9,83
221,143
85,169
218,244
219,159
169,17
196,154
1,186
245,174
86,81
230,83
172,178
38,227
142,46
236,214
189,81
60,51
148,38
207,38
6,143
86,214
54,76
231,118
74,127
186,239
183,214
73,150
251,70
54,110
179,47
66,65
91,203
16,142
68,101
54,161
122,71
192,111
130,3
180,107
4,134
62,179
87,8
122,120
160,53
193,252
192,150
165,66
104,25
141,234
90,90
255,39
153,158
15,193
69,77
210,128
34,212
205,241
172,177
149,184
232,131
20,127
240,42
157,170
123,74
185,216
1,125
197,3
197,148
90,40
111,55
93,215
201,28
189,90
38,200
24,235
83,189
160,222
126,245
69,251
143,208
4,244
143,98
221,163
253,229
137,152
61,199
91,82
245,99
208,180
89,43
215,179
174,180
34,92
165,181
105,252
35,128
224,43
143,4
41,154
127,3
164,237
30,67
180,107
113,252
39,49
90,86
73,40
57,177
53,35
242,250
199,171
137,115
200,162
98,186
171,202
241,88
102,238
49,184
178,245
152,44
102,82
121,161
52,216
5,103
251,217
103,1
195,32
193,206
113,116
146,52
106,244
50,179
11,120
248,87
72,123
4,170
4,213
102,17
85,192
205,96
69,255
107,22
127,224
128,254
162,58
30,147
140,152
208,223
36,206
90,13
190,60
245,155
181,140
141,4
230,184
62,240
193,195
13,176
200,179
88,107
31,6
41,165
113,210
126,194
172,93
188,230
147,198
99,159
135,26
0,221
37,166
131,204
90,135
108,38
211,169
232,225
134,187
35,102
113,94
173,13
38,222
17,147
157,123
209,200
136,139
190,20
78,114
115,115
108,251
191,14
89,56
165,216
75,100
234,27
151,80
250,239
65,108
106,48
234,116
103,119
71,66
213,249
175,231
151,88
164,143
202,127
24,50
225,191
36,136
64,143
108,183
108,98
69,194
14,54
150,142
73,98
178,185
151,24
174,46
86,91
196,155
209,141
249,238
151,80
6,117
1,135
62,22
62,34
66,93
124,206
12,150
148,141
63,4
240,191
87,70
209,51
224,147
25,33
1,52
76,134
114,70
187,213
195,169
45,202
178,16
182,173
215,147
55,233
204,3
216,249
0,5
218,191
200,11
124,2
153,171
231,147
113,86
73,6
67,249
179,156
128,233
204,134
166,49
256,104
152,169
95,70
70,198
96,25
41,38
98,93
134,147
138,50
220,54
69,102
36,157
54,209
61,42
71,65
92,187
169,18
198,104
251,99
7,229
240,80
173,15
119,27
40,35
122,129
23,201
92,2
184,97
15,210
180,16
213,165
212,161
98,160
119,19
58,57
17,54
126,218
175,55
149,115
227,186
161,31
164,247
52,243
204,244
235,143
60,77
180,226
201,121
230,240
234,119
95,115
94,244
251,74
241,161
174,196
127,34
256,109
79,219
223,163
46,74
5,118
130,160
106,80
168,7
32,171
203,136
48,187
165,154
10,198
201,190
62,205
54,243
175,253
242,178
184,93
208,159
136,32
102,163
141,54
254,31
159,180
42,240
120,40
160,20
180,186
73,22
178,26
17,92
74,107
1,189
72,140
224,231
78,77
195,26
256,127
238,125
59,83
221,108
35,17
45,233
1,113
244,256
36,218
7,233
119,186
131,116
190,63
181,17
77,64
66,12
247,119
105,131
31,89
146,28
108,234
92,256
222,197
73,70
34,0
46,124
57,225
38,20
140,29
239,124
160,74
249,239
101,73
155,180
162,85
127,208
123,141
137,247
11,185
158,140
89,56
1,98
2,116
184,59
179,44
153,61
230,198
17,177
194,33
208,236
248,154
132,230
59,202
143,256
98,110
125,214
147,76
22,21
141,140
187,187
216,240
87,225
109,191
118,62
244,52
137,182
18,160
80,133
218,186
68,114
136,2
139,218
158,138
202,143
61,66
239,53
4,200
126,129
117,233
219,236
80,132
55,72
65,19
168,188
120,108
152,69
9,256
215,158
245,233
162,3
243,108
140,68
228,136
218,47
176,94
178,228
182,78
1,83
218,106
116,61
227,224
219,163
98,13
206,193
79,135
1,143
255,47
119,147
157,158
19,98
71,129
252,31
162,184
88,84
145,59
12,220
102,59
92,114
35,126
205,111
214,75
246,171
208,67
239,11
51,220
101,90
148,2
252,236
245,156
74,102
50,181
28,51
101,61
98,134
87,59
228,156
156,249
132,192
72,15
89,134
226,186
240,239
166,220
72,193
221,60
53,148
191,180
66,68
92,153
132,199
29,206
115,88
37,101
172,205
204,31
39,176
143,182
133,73
40,74
135,14
139,165
72,170
134,9
239,9
220,200
18,223
20,203
86,197
208,20
181,194
48,71
244,91
44,178
62,184
156,14
15,225
160,195
149,141
159,64
243,193
105,53
26,34
183,162
158,207
26,158
96,202
94,128
105,11
112,82
212,122
225,105
70,115
8,69
77,114
177,30
68,30
61,5
82,136
99,66
56,101
238,91
58,54
93,221
154,59
94,167
215,41
4,10
200,210
185,108
155,85
209,85
226,181
173,113
127,232
48,114
159,175
188,12
199,19
16,201
204,101
141,90
256,102
192,201
103,8
7,213
211,233
30,52
87,65
143,201
18,177
80,240
99,188
136,29
241,29
211,92
124,108
188,255
50,231
81,32
112,200
23,27
140,154
244,27
97,174
175,12
172,82
256,252
214,215
136,73
54,109
63,134
219,124
27,164
166,36
155,77
123,46
179,102
231,14
246,99
105,106
41,249
252,235
188,225
168,95
195,218
243,74
45,6
82,111
142,184
34,189
37,110
127,195
107,45
25,169
141,198
2,182
60,20
131,56
239,142
172,117
213,100
194,79
60,193
252,240
196,165
151,150
86,32
131,159
165,215
34,72
214,187
71,228
8,125
14,158
104,20
192,11
50,8
214,167
123,250
130,116
125,99
227,37
34,98
128,236
180,191
202,223
224,213
18,200
91,36
176,232
31,20
227,97
149,155
184,165
166,50
12,160
218,69
60,1
145,227
37,74
156,131
250,77
250,89
164,200
37,11
39,243
21,119
178,4
213,62
127,7
177,96
226,98
165,66
241,33
253,195
250,18
56,93
93,121
249,32
168,46
210,137
47,130
155,238
12,250
66,161
255,88
213,205
22,233
24,134
129,26
136,189
92,69
206,71
187,23
150,115
60,169
178,172
241,137
155,242
101,1
130,218
70,68
0,8
123,169
145,128
84,98
166,88
221,80
214,247
204,110
242,125
132,60
75,181
17,22
24,96
195,63
195,249
12,66
163,162
245,168
107,80
110,78
203,164
247,30
176,133
178,71
151,217
203,222
103,202
163,59
186,51
146,153
40,134
64,42
201,43
58,235
159,14
92,1
93,173
16,18
141,90
60,203
137,200
197,145
148,205
208,177
37,135
195,102
87,132
170,234
194,181
213,147
125,41
203,106
226,116
158,59
198,145
11,30
170,98
21,175
150,233
10,201
22,166
45,182
85,177
38,110
90,16
162,133
212,16
95,234
72,1
27,85
165,225
219,110
181,121
157,124
107,9
249,138
235,173
181,165
28,147
9,198
116,145
128,82
117,71
198,173
218,225
44,115
230,93
143,57
88,210
0,184
58,180
17,83
141,198
21,179
30,240
167,243
214,148
105,148
2,72
176,17
186,100
224,7
188,89
253,62
26,34
97,241
7,157
90,214
31,139
64,89
181,35
255,67
247,225
145,60
11,82
62,181
237,51
155,43
201,173
26,41
251,206
125,50
183,240
86,89
219,115
163,153
64,209
202,29
74,79
97,92
199,122
81,23
67,63
114,183
250,98
77,203
177,26
19,98
141,53
204,39
160,172
248,64
190,209
91,213
179,161
188,26
28,33
233,229
191,81
229,240
233,118
0,144
121,20
46,58
236,26
120,102
27,226
70,25
192,109
99,193
224,15
223,38
116,147
98,24
17,202
149,123
141,86
225,45
153,115
72,159
174,216
174,89
95,71
82,164
69,169
209,137
213,89
149,212
101,176
31,153
193,152
78,32
137,165
71,201
250,46
253,199
151,91
213,138
83,246
12,204
173,145
177,245
183,27
189,142
193,145
164,212
171,186
118,187
214,129
91,124
162,120
111,213
97,203
128,47
145,88
99,191
164,193
174,65
198,184
145,228
249,68
87,93
91,218
11,204
5,7
79,2
240,154
46,255
202,38
179,176
151,220
77,245
107,112
190,152
117,214
218,68
256,253
63,14
64,96
204,61
170,145
35,43
150,159
133,66
213,54
37,21
256,231
11,215
6,75
170,38
231,46
187,179
74,48
90,133
254,67
193,217
250,60
146,164
66,136
74,233
73,88
155,150
210,5
78,5
33,181
0,86
186,216
232,38
75,232
84,155
248,10
75,19
152,111
74,25
224,204
83,72
80,30
198,60
158,256
116,55
29,129
53,37
35,10
187,65
136,241
178,132
239,222
122,250
230,66
136,54
230,104
2,77
11,172
9,178
219,30
124,238
5,158
128,96
215,25
206,231
160,115
82,33
211,168
174,219
215,47
50,199
134,202
95,70
43,177
245,36
227,50
67,246
215,242
42,182
159,154
140,132
191,207
65,91
244,96
63,57
215,231
168,215
99,210
130,145
80,161
143,168
223,162
104,162
152,10
187,200
161,196
61,117
74,242
59,150
65,138
128,230
237,150
24,97
236,80
49,207
26,212
141,127
191,173
243,83
225,142
107,231
182,144
211,130
249,26
8,183
184,158
194,36
92,92
234,197
140,104
154,249
169,20
2,162
21,12
139,32
209,186
185,33
56,106
221,193
225,198
208,198
53,152
104,14
136,13
72,3
134,67
195,58
222,126
142,193
3,68
29,195
243,233
179,61
114,57
140,235
59,91
253,216
80,83
90,157
222,249
63,157
189,226
138,67
237,51
251,89
85,196
117,13
46,58
232,29
162,26
77,187
43,157
11,51
233,120
23,140
20,62
1,128
243,138
195,29
198,30
31,21
97,109
17,165
174,206
191,189
144,84
42,87
177,127
4,229
77,54
118,251
114,201
4,203
241,177
184,127
246,244
253,52
184,194
217,52
16,97
174,11
81,110
39,214
254,138
78,66
120,153
75,150
215,172
107,60
101,89
55,14
110,132
149,209
230,237
116,95
68,247
0,5
208,40
18,8
80,3
232,188
99,241
192,90
158,23
134,144
95,50
176,80
238,95
15,35
158,220
153,38
8,77
133,115
14,164
161,19
2,111
127,78
153,37
34,142
7,107
127,63
0,156
26,57
33,207
195,215
212,209
69,145
55,189
237,151
156,141
185,188
95,67
4,169
93,92
176,153
89,184
54,67
56,173
101,134
235,252
67,3
179,200
234,157
164,65
151,183
67,39
234,164
32,205
115,95
139,66
33,156
169,80
165,114
38,32
39,4
105,169
213,178
11,2
32,82
155,198
133,186
188,208
101,147
1,170
7,254
3,81
184,133
186,62
87,41
206,6
33,156
18,126
239,191
227,208
12,124
98,20
205,234
138,111
55,33
213,240
222,256
56,183
245,238
153,51
24,46
246,11
172,88
102,104
55,123
168,22
188,188
220,228
88,207
4,0
231,110
121,120
122,51
216,136
186,183
216,203
31,31
232,173
64,204
67,100
38,175
91,242
5,96
223,29
215,93
84,14
67,6
172,196
1,76
233,218
118,162
193,104
113,122
48,53
93,94
149,68
14,27
194,194
133,232
117,2
215,150
99,172
59,244
16,109
119,34
175,75
123,78
30,235
7,68
187,244
140,51
78,135
171,150
242,13
64,169
10,15
44,124
84,33
211,143
241,175
132,159
216,9
14,212
142,43
26,94
84,56
103,69
142,172
92,89
2,201
31,42
92,232
71,114
71,146
219,46
102,237
27,155
136,204
53,91
46,48
104,242
206,93
219,93
64,60
165,239
42,46
100,133
119,245
73,129
21,230
123,12
200,14
241,251
4,178
245,197
194,23
118,99
39,120
46,138
61,129
251,152
234,112
248,99
163,188
7,39
137,60
218,230
174,140
109,15
123,206
109,153
93,250
75,141
83,132
170,173
151,200
138,67
124,45
89,71
77,52
138,74
94,114
80,119
231,112
35,78
179,86
243,160
170,66
100,194
195,174
94,112
140,57
207,123
153,201
236,191
187,216
79,45
34,225
24,47
217,193
86,217
68,223
155,35
60,159
249,167
100,137
163,45
112,121
120,32
67,67
140,201
242,182
36,129
228,53
237,83
35,173
213,134
62,120
95,114
4,167
226,93
98,161
84,152
200,76
48,122
183,4
21,242
51,183
147,70
167,149
254,244
15,22
27,107
85,167
150,196
147,219
27,116
209,103
110,180
92,34
210,1
86,214
160,185
96,179
102,171
42,172
189,124
253,207
176,65
142,53
175,166
204,146
84,165
20,10
110,25
47,178
41,165
119,252
187,184
220,197
109,189
134,87
199,63
234,201
43,157
5,149
246,32
16,60
86,245
73,195
236,199
54,4
153,227
217,60
81,73
250,173
194,56
50,181
193,13
17,210
71,34
132,105
156,38
73,67
197,89
255,205
116,149
187,37
162,69
254,206
63,217
225,95
27,192
147,206
248,17
31,142
30,218
173,127
87,32
42,49
9,188
117,77
232,22
9,52
92,196
180,229
17,42
132,23
215,118
165,14
254,26
51,222
59,3
16,148
176,206
56,75
96,253
213,165
245,121
255,109
127,114
199,111
147,51
226,102
47,10
157,230
31,201
126,113
158,137
20,58
153,118
7,217
113,179
88,116
68,24
95,59
88,79
199,35
218,208
144,238
138,125
140,148
131,90
195,140
74,76
26,64
116,138
196,229
125,201
211,177
13,246
142,200
98,139
33,233
37,78
254,33
145,85
245,14
160,205
114,24
26,59
131,72
24,107
79,68
129,137
214,119
22,81
72,212
73,187
50,80
253,99
173,136
120,121
235,245
125,9
51,8
82,51
223,244
255,90
87,122
223,182
0,167
6,206
71,149
159,58
7,8
115,154
226,82
213,204
148,139
173,147
230,203
81,228
18,105
251,31
9,73
117,127
120,153
22,135
236,173
7,216
120,159
19,195
33,186
65,201
78,225
123,121
238,17
115,156
240,34
0,103
234,82
169,55
116,231
62,146
203,254
2,185
137,99
137,181
51,103
137,82
31,222
83,227
131,245
225,214
162,235
98,34
183,241
28,148
204,85
73,151
23,40
206,142
108,37
24,97
39,236
85,134
186,44
2,125
58,13
125,174
43,80
179,8
88,184
155,36
139,145
253,215
102,122
19,78
16,1
84,11
222,53
215,170
80,251
57,12
103,78
140,28
121,205
206,37
111,96
246,8
161,172
89,40
97,19
238,156
226,61
21,207
76,11
37,219
14,233
54,83
68,28
60,122
137,20
144,71
86,44
102,196
250,171
193,131
70,138
3,183
121,104
146,150
59,247
191,39
155,176
167,14
256,132
130,157
128,126
18,50
208,206
253,124
117,188
158,42
31,50
118,10
67,182
199,30
120,96
186,207
224,135
44,56
160,236
40,72
65,58
184,191
125,96
104,114
90,34
84,195
30,207
95,156
3,10
71,256
87,132
251,80
179,179
56,230
70,43
122,158
219,193
59,194
231,128
206,117
172,211
75,71
230,38
113,103
190,132
116,46
53,164
13,131
170,21
127,98
155,210
164,201
66,129
45,119
142,90
1,53
38,192
19,111
131,35
33,53
111,64
209,116
100,50
216,54
46,219
94,214
44,218
21,139
12,172
243,84
44,217
214,78
44,34
82,185
232,138
202,141
35,96
7,178
129,233
197,30
201,85
159,75
185,82
147,215
4,217
45,114
37,183
133,132
12,2
155,133
17,19
252,59
229,216
205,61
170,21
228,64
25,200
95,138
67,146
52,32
197,28
210,82
153,135
193,36
226,133
174,55
56,46
86,119
159,194
218,16
122,102
252,190
12,165
126,149
188,90
26,20
175,86
190,92
81,154
243,24
93,171
55,173
4,25
42,105
199,233
193,210
225,103
185,236
24,92
176,171
84,200
132,58
174,31
209,87
43,65
93,108
200,211
212,229
236,107
191,72
95,94
15,233
231,233
34,55
97,106
153,219
140,49
225,88
138,50
51,133
21,137
142,135
130,49
231,117
112,23
34,124
40,14
23,143
200,220
204,246
133,156
93,130
207,96
87,93
253,176
175,160
115,238
212,205
178,224
138,17
79,0
115,73
218,113
26,104
81,18
33,33
36,209
119,157
199,94
232,251
219,27
219,83
48,245
80,86
113,232
86,150
153,146
256,234
200,138
143,148
121,189
99,131
0,100
77,86
116,218
112,224
78,15
215,246
169,192
89,231
221,119
239,223
189,107
125,174
173,44
163,26
49,150
239,227
37,156
182,41
201,77
150,47
40,75
146,21
218,22
105,168
222,128
142,181
180,108
148,227
107,87
83,188
40,153
122,241
74,238
182,181
45,40
186,16
244,248
22,12
164,243
26,248
148,216
106,54
139,134
33,69
126,180
245,248
106,171
226,158
5,19
201,124
17,169
66,80
179,192
196,90
77,219
123,245
193,187
103,67
210,21
80,50
244,54
40,93
75,16
3,45
211,70
2,200
228,134
5,13
224,79
117,158
203,70
169,210
124,46
0,186
25,16
38,88
221,52
9,39
189,223
62,250
89,67
101,185
231,136
135,52
24,190
219,114
77,162
196,150
177,144
204,10
25,20
193,186
188,172
79,20
107,62
108,137
31,90
155,91
30,33
101,85
210,74
131,166
94,25
30,12
219,111
98,124
79,159
117,51
221,14
3,18
136,235
16,81
251,147
177,83
127,6
103,217
120,229
225,12
232,250
110,39
233,165
145,54
30,224
224,67
51,237
214,47
102,41
134,56
90,58
137,130
99,14
23,146
31,247
240,141
176,135
157,190
98,214
221,237
162,159
241,50
63,53
74,71
59,91
228,93
75,35
81,132
63,1
32,21
46,139
90,32
25,11
137,187
114,25
13,127
200,149
216,124
107,37
65,185
53,71
85,118
79,201
15,135
146,59
171,213
24,219
15,185
63,147
201,206
15,18
15,229
0,225
16,143
64,203
141,50
251,150
128,41
163,237
171,22
244,171
59,189
99,123
68,133
134,81
44,2
242,247
188,164
15,186
220,30
184,247
20,255
35,91
37,95
243,246
64,40
130,111
216,231
173,21
181,252
153,159
172,256
62,229
82,219
153,198
10,43
214,245
93,89
72,161
74,53
70,242
253,153
198,82
128,102
63,189
5,178
128,129
256,99
218,207
152,176
236,129
8,114
69,177
35,15
180,18
202,29
2,18
253,26
86,208
125,225
13,128
74,245
100,51
29,20
78,23
227,243
237,238
240,7
135,196
147,41
223,209
47,82
62,38
141,41
118,21
115,60
190,196
158,77
14,62
189,125
16,174
225,190
217,109
20,206
122,46
210,110
2,100
254,228
38,204
93,47
82,36
173,86
199,97
76,135
141,84
103,196
84,256
133,230
204,4
170,118
84,57
10,244
33,41
107,137
85,222
152,186
8,52
63,235
47,9
144,11
42,142
168,145
50,191
163,35
52,180
24,215
204,202
124,79
147,100
220,160
214,167
164,36
184,90
138,184
243,112
109,61
38,164
211,219
152,7
219,11
3,229
231,133
94,54
65,203
9,236
158,237
22,128
232,151
195,59
222,245
30,159
73,45
187,131
206,27
107,58
76,232
64,133
73,31
134,23
182,159
99,127
155,245
142,9
21,173
85,234
97,138
24,93
78,35
209,106
204,221
161,37
248,31
135,23
211,139
158,234
216,180
43,56
229,122
177,122
232,141
90,138
136,34
248,199
49,114
254,139
67,97
2,68
1,112
138,36
157,93
113,43
48,147
154,23
193,138
147,147
87,237
130,156
78,249
102,177
200,198
72,78
36,117
114,53
56,54
198,222
234,139
202,90
180,83
208,10
224,228
188,141
127,180
8,156
41,111
131,94
33,224
226,78
180,54
215,173
9,93
134,241
99,136
151,122
61,125
238,153
22,229
86,229
59,71
242,35
102,81
222,214
83,45
242,104
46,143
72,159
193,130
212,38
183,70
238,191
221,83
204,15
72,24
174,91
47,173
80,26
114,247
110,68
181,73
36,134
19,108
202,161
218,29
161,146
194,143
53,199
15,76
137,149
107,96
58,18
135,82
129,232
157,30
255,192
207,15
251,173
126,243
3,226
154,240
10,253
26,214
185,207
153,33
190,249
168,186
22,128
91,240
109,192
97,104
60,112
102,223
185,178
35,222
145,153
242,254
142,53
167,77
161,140
136,65
43,117
223,48
134,248
29,229
1,238
12,145
246,226
244,3
31,251
16,58
97,215
185,185
46,248
159,50
93,96
5,247
66,75
163,225
125,154
8,226
59,57
76,103
105,27
134,44
127,219
221,6
99,42
151,57
246,38
251,137
107,65
179,90
88,153
41,206
54,175
62,186
97,121
131,250
6,217
248,78
224,222
100,61
27,116
124,212
46,65
256,169
65,35
117,189
2,181
245,77
164,133
252,39
188,140
256,102
108,245
107,133
22,38
173,133
126,93
20,46
253,96
86,115
203,6
182,50
142,205
40,114
215,62
101,106
32,254
238,230
207,185
69,136
237,199
211,167
216,158
19,98
188,237
146,100
23,5
211,39
231,8
98,56
158,240
142,208
170,124
92,64
84,70
155,193
184,226
151,185
208,86
186,170
170,39
89,139
183,105
190,220
159,102
254,136
88,176
170,156
150,201
60,78
136,60
47,16
188,96
54,211
33,104
169,212
161,105
184,214
197,39
26,128
116,191
165,58
110,95
98,209
30,256
189,89
128,16
246,121
146,26
219,160
66,43
171,206
232,203
205,0
115,92
218,27
184,61
54,245
155,251
45,199
63,250
245,10
228,11
26,168
28,166
244,53
139,66
236,214
214,4
156,3
246,218
74,219
240,181
225,154
18,202
248,230
236,153
59,203
241,254
105,56
2,21
157,33
108,183
27,202
6,123
210,135
195,229
16,17
152,245
44,151
17,231
141,24
99,50
198,135
162,50
224,8
150,196
239,128
56,167
212,95
230,175
161,244
229,48
107,255
11,231
184,244
78,70
184,143
150,21
241,28
187,56
3,94
206,238
3,5
6,90
49,194
88,163
190,31
119,236
74,256
13,127
169,147
93,54
117,25
71,107
116,183
54,112
110,249
3,28
226,125
216,123
238,89
9,65
74,63
161,178
63,147
212,32
220,242
168,239
191,52
2,89
232,160
89,184
167,51
180,27
37,4
131,239
168,113
107,19
166,217
165,140
115,73
183,57
172,180
11,53
216,150
144,39
100,236
24,171
228,247
96,188
205,60
177,108
219,29
43,15
63,46
16,164
56,27
51,20
195,87
144,156
213,159
1,211
56,205
112,241
0,67
43,67
49,188
167,0
39,133
220,8
95,256
135,17
159,74
58,212
32,101
127,197
141,71
61,227
85,69
113,73
135,239
2,43
118,56
41,166
34,186
212,216
53,143
83,56
153,121
184,231
9,200
149,96
218,221
8,13
157,192
215,106
73,46
88,204
162,251
13,119
2,31
48,32
189,251
155,9
44,226
167,138
253,180
10,63
98,200
195,151
43,132
112,199
227,162
61,238
240,26
79,24
81,165
210,204
168,251
178,182
59,197
250,120
175,46
98,106
93,3
3,116
121,81
23,0
92,95
227,43
147,167
8,94
205,153
181,15
194,24
156,209
42,33
207,5
211,235
188,9
206,176
191,207
220,117
172,102
138,127
101,150
72,78
124,4
121,222
130,135
120,95
121,199
18,0
118,15
145,32
125,206
160,249
148,234
218,146
157,67
87,129
163,178
230,99
62,44
255,173
240,79
247,72
221,53
181,73
50,205
107,206
131,251
92,213
201,5
182,229
197,124
112,156
211,89
144,48
212,25
90,122
234,242
174,154
253,36
234,77
209,36
152,137
221,172
256,241
200,66
48,80
48,121
231,196
152,110
62,28
122,33
144,3
47,202
105,36
53,178
62,122
70,232
7,235
67,68
196,81
186,68
208,27
6,68
108,5
29,216
17,57
15,135
78,200
33,184
23,144
30,218
20,256
85,117
94,26
87,229
13,228
126,171
149,62
52,142
5,229
47,120
124,199
157,179
70,59
105,107
100,39
223,186
124,221
158,102
254,213
2,82
182,96
48,128
182,213
51,163
57,246
97,104
20,89
195,244
158,170
61,81
242,219
217,203
73,43
95,42
221,157
24,174
135,252
208,116
221,20
243,159
151,149
139,118
138,212
236,207
239,100
41,90
14,200
214,167
184,12
27,36
34,149
88,109
205,233
94,150
47,118
140,215
176,116
74,146
2,205
20,17
186,249
110,117
25,244
176,94
93,162
110,38
178,189
89,157
170,110
52,249
141,180
6,150
103,195
217,232
82,63
90,155
100,77
193,94
236,22
136,198
167,100
155,248
246,57
164,26
240,140
125,131
153,202
223,64
91,149
105,148
217,209
7,121
66,85
151,67
91,255
208,17
86,3
85,235
241,169
211,82
178,113
243,36
192,210
202,123
86,153
0,254
213,10
200,231
219,214
59,20
119,32
112,107
247,208
106,246
61,163
41,243
227,196
56,144
183,153
139,60
114,94
12,10
56,90
10,173
249,51
164,96
6,114
47,104
94,223
75,120
47,108
150,196
242,53
2,247
217,144
145,173
197,47
47,107
81,34
148,85
235,66
92,108
27,222
154,246
181,149
12,186
7,103
98,133
170,79
15,233
49,127
160,22
249,192
54,205
200,48
159,178
166,157
148,63
114,54
138,27
195,116
102,142
122,200
68,226
252,7
71,240
253,65
104,140
195,77
11,238
52,233
128,220
148,41
239,228
36,192
98,107
7,98
98,180
204,175
53,86
28,11
249,10
162,140
96,158
160,87
126,98
231,147
100,232
15,83
113,101
203,84
161,170
86,184
1,78
130,233
255,66
81,220
187,17
161,132
0,156
193,79
59,37
209,221
249,27
123,117
197,148
143,39
234,256
46,27
208,153
78,112
249,16
209,161
200,216
130,150
139,97
76,9
127,78
59,36
138,121
146,245
76,72
69,224
88,103
145,240
52,245
91,212
38,77
137,5
93,222
141,66
185,252
15,190
226,133
149,195
65,3
167,114
237,226
223,140
30,92
9,44
78,24
138,39
38,9
17,234
22,44
194,82
185,187
94,107
244,231
5,35
52,184
140,144
199,195
148,158
124,225
152,149
109,129
93,173
33,29
256,232
178,156
164,245
34,46
179,85
61,137
232,91
241,62
72,26
224,227
230,87
165,92
109,184
116,45
107,203
254,42
51,63
48,26
101,57
181,108
83,51
186,178
131,207
117,1
253,250
187,21
101,138
170,48
241,106
92,113
58,59
52,11
109,80
230,129
176,26
59,8
46,205
131,240
244,78
51,153
153,57
200,102
147,243
127,247
12,186
113,205
81,57
80,24
36,110
174,100
229,148
210,50
110,21
176,213
170,124
241,173
107,252
11,3
141,5
126,148
187,185
239,71
181,230
44,112
39,149
95,167
105,132
180,34
24,0
62,154
238,111
101,196
198,248
105,67
52,241
140,182
154,87
225,146
4,16
253,168
236,89
185,197
127,109
117,126
178,101
60,20
209,29
33,155
182,166
211,42
29,223
197,67
41,255
164,245
135,132
187,146
149,135
35,57
93,129
13,28
77,156
7,42
169,171
5,117
211,49
42,51
49,200
196,232
208,190
69,105
166,90
125,96
121,210
74,214
249,147
159,252
201,33
216,2
1,137
190,96
245,147
142,12
44,255
177,208
185,27
28,172
208,106
185,89
171,40
23,206
29,192
33,229
69,177
11,129
70,244
136,21
232,54
158,83
21,140
122,144
0,239
64,110
172,239
123,208
233,72
159,121
142,111
121,37
46,207
224,214
40,1
11,103
152,62
168,256
34,45
25,136
60,34
15,219
190,166
79,240
50,193
143,94
60,241
131,101
189,71
17,179
90,220
245,216
161,97
133,25
8,79
141,149
136,191
14,137
62,191
97,244
98,256
112,256
227,107
217,36
74,32
211,163
163,26
108,51
103,0
60,192
76,232
70,20
14,116
87,123
180,192
37,70
62,5
234,63
61,18
85,73
208,80
24,187
210,12
71,61
216,7
227,91
114,80
168,31
156,233
116,140
58,194
208,175
158,14
20,109
36,173
176,225
129,81
163,228
177,143
0,34
209,173
159,28
205,85
107,190
203,126
138,178
253,100
204,39
105,61
73,142
252,20
56,159
243,116
110,92
5,64
1,116
246,139
125,238
242,25
160,63
4,215
141,79
39,55
75,152
35,75
34,143
138,9
182,89
39,143
73,148
58,15
246,80
195,57
88,256
143,17
68,98
125,41
118,243
48,107
9,54
43,199
110,78
143,76
164,76
153,69
221,5
190,1
220,41
106,246
50,26
169,245
246,207
249,20
197,216
64,144
120,180
45,96
22,91
6,127
56,178
241,31
50,64
198,251
194,210
115,95
33,214
96,121
118,52
204,81
213,116
208,212
220,32
189,50
34,225
211,49
68,237
232,121
110,117
30,99
58,5
49,141
212,182
103,5
146,18
172,107
114,193
156,229
208,216
161,117
111,108
150,87
139,147
25,175
49,211
158,243
229,79
111,18
196,108
74,21
242,121
185,166
44,39
240,233
28,5
176,50
101,106
231,3
96,130
210,136
135,83
114,119
107,99
242,72
58,33
209,8
108,141
105,169
148,218
217,242
106,92
131,198
15,205
17,195
253,164
244,38
249,39
226,144
111,129
192,229
63,102
74,231
12,216
194,29
40,252
204,127
104,225
99,72
117,20
177,181
164,182
33,252
160,13
57,195
171,216
82,188
38,172
219,123
254,6
193,89
196,147
41,130
235,176
117,156
121,54
18,58
145,255
39,46
106,233
79,36
23,249
157,80
187,85
39,236
162,136
208,160
166,119
182,199
135,34
248,199
60,171
228,11
228,0
151,68
8,185
103,94
197,198
59,53
210,7
255,184
194,49
80,91
49,241
80,105
219,151
31,33
31,144
145,52
183,12
169,151
22,157
9,63
207,22
219,158
237,84
70,126
238,218
20,67
235,153
211,181
35,238
241,227
34,57
241,154
11,70
245,39
252,106
26,216
50,171
163,188
220,124
142,33
170,141
119,253
141,219
240,181
33,119
18,232
105,91
204,35
14,253
107,147
151,170
214,150
142,129
181,12
27,251
75,158
145,37
254,255
44,217
161,142
172,212
158,230
25,0
65,53
237,206
165,94
54,70
16,228
113,227
157,256
234,252
225,183
158,91
192,80
117,238
79,217
23,160
71,169
196,151
69,80
238,150
102,157
107,212
33,226
60,119
149,8
220,107
162,99
6,19
24,190
3,115
105,1
67,149
201,41
38,187
70,119
237,79
205,157
51,141
177,80
152,32
150,199
188,220
198,213
6,189
164,216
82,240
4,189
61,182
193,7
2,65
113,136
131,52
231,238
220,63
231,217
162,101
39,222
85,86
226,22
110,66
114,220
108,204
218,124
240,51
74,32
195,74
209,90
67,92
149,137
90,210
85,90
51,206
24,36
32,35
250,107
115,14
64,169
192,95
126,208
186,72
143,155
236,204
73,231
176,212
166,179
165,94
65,109
174,8
177,60
168,80
9,76
10,204
184,153
77,241
29,187
16,150
159,111
88,112
66,26
103,75
205,136
48,138
155,89
194,81
243,115
45,16
225,68
253,109
38,197
122,94
219,185
36,193
192,56
102,4
247,21
38,202
45,18
213,238
73,73
187,143
209,215
216,36
151,130
90,149
78,151
73,178
189,114
16,8
66,176
194,167
34,52
205,227
53,173
125,254
108,192
239,28
100,62
66,142
210,173
191,82
176,63
125,190
49,167
91,98
243,63
63,73
38,251
254,108
131,235
166,239
20,223
218,141
7,33
4,155
148,140
154,226
201,18
217,244
58,197
253,45
236,206
192,53
210,131
21,8
65,234
189,23
190,181
7,220
31,72
46,204
208,215
220,47
6,57
30,55
209,36
101,131
197,241
40,198
241,238
10,183
35,242
206,236
207,245
102,135
